0 0.487131 0.778046 0.0383436 0.105579 0.857789 4
0 0.0461897 0.276733 0.0174908 0.0579741 0.712823 93
0 0.735302 0.203567 0.013908 0.0567268 0.802771 38
0 0.334291 0.171468 0.00950559 0.0502325 0.721425 20
0 0.82881 0.148695 0.0121093 0.0491014 0.667891 71
0 0.555315 0.263203 0.0119027 0.0558744 0.771107 88
0 0.159536 0.124552 0.0124247 0.0584331 0.602638 64
0 0.594369 0.256944 0.0166758 0.0603918 0.817292 3
0 0.171837 0.123681 0.0125805 0.0551891 0.506756 115
0 0.505698 0.156086 0.0108725 0.05129 0.747837 8
0 0.570766 0.115814 0.00821915 0.045568 0.703049 56
0 0.569512 0.170946 0.011876 0.050576 0.799665 41
0 0.524277 0.169274 0.0111543 0.0527395 0.519714 126
0 0.18238 0.1118 0.012507 0.0460073 0.464471 123
0 0.521616 0.0558381 0.00917848 0.0373569 0.452306 102
0 0.496011 0.117965 0.011294 0.0355951 0.502665 89
0 0.615703 0.084456 0.00862675 0.0428879 0.441608 109
0 0.327073 0.121169 0.0102314 0.0441472 0.566491 110
0 0.633543 0.0967457 0.0108611 0.0355967 0.349398 22
