0 0.48913 0.878922 0.0311817 0.123653 0.820197 4
0 0.01131 0.309598 0.0225848 0.0642107 0.813406 93
0 0.716653 0.211708 0.0170487 0.0529941 0.780263 38
0 0.804821 0.146163 0.012877 0.0471367 0.653487 71
0 0.555052 0.27914 0.0188099 0.057786 0.808259 88
0 0.161153 0.124993 0.0140865 0.0573688 0.580527 64
0 0.625885 0.26464 0.0137899 0.0584008 0.76058 3
0 0.174214 0.1201 0.0138047 0.0537069 0.299789 115
0 0.520823 0.0473378 0.00973724 0.0391342 0.398357 102
0 0.184487 0.110551 0.0104685 0.0492004 0.489065 111
0 0.438763 0.132902 0.00838397 0.0437933 0.752033 89
0 0.36819 0.183444 0.00871191 0.0476986 0.796926 20
0 0.459955 0.155243 0.011463 0.0516263 0.732343 8
0 0.506257 0.143122 0.00920019 0.0438849 0.694693 126
0 0.183802 0.105046 0.0125677 0.0546233 0.343796 127
0 0.482635 0.0939175 0.00972284 0.0363018 0.450132 110
0 0.552259 0.155148 0.0145409 0.0406845 0.567416 109
0 0.661513 0.109902 0.0173467 0.0408194 0.529578 22
0 0.490937 0.157785 0.0104904 0.0498913 0.689368 41
0 0.524515 0.168574 0.0192374 0.0443756 0.543878 56
