0 0.437111 0.703107 0.0267677 0.102868 0.849216 4
0 0.0475597 0.271165 0.0208941 0.0597914 0.808518 93
0 0.357812 0.130255 0.0121017 0.042367 0.791089 20
0 0.532278 0.113979 0.0102564 0.0469673 0.726063 8
0 0.17057 0.117519 0.0108528 0.0501367 0.300352 64
0 0.375381 0.0846652 0.011672 0.0463356 0.315328 56
0 0.438882 0.207054 0.0114143 0.0558913 0.731608 38
0 0.327834 0.0888798 0.00804154 0.0427074 0.573417 89
0 0.536965 0.0774888 0.00612837 0.0327111 0.533553 71
0 0.504213 0.059863 0.0117811 0.0508522 0.493218 109
0 0.534156 0.218337 0.0103986 0.0537423 0.6971 88
0 0.602509 0.111607 0.00927429 0.046714 0.670318 75
0 0.152948 0.127261 0.00854325 0.0459776 0.313765 111
0 0.455638 0.097041 0.00924047 0.0436168 0.721993 22
0 0.435341 0.111864 0.00991462 0.0457402 0.504389 41
0 0.544524 0.186931 0.00788886 0.0525107 0.715451 3
0 0.440444 0.0832362 0.00859706 0.0360977 0.46324 110
