0 0.448828 0.765758 0.0291229 0.107238 0.853372 4
0 0.427804 0.238635 0.0118448 0.0599206 0.727634 11
0 0.563422 0.227482 0.0155726 0.058065 0.768809 3
0 0.504673 0.0961357 0.0101169 0.0443223 0.719905 20
0 0.652429 0.199188 0.0115169 0.0522953 0.761525 38
0 0.168029 0.0993843 0.0151214 0.0598989 0.432403 64
0 0.409979 0.0855604 0.00798229 0.038605 0.502291 1
0 0.431951 0.0738831 0.0107474 0.0553439 0.625598 55
0 0.419865 0.0610916 0.00694558 0.0353019 0.622564 22
0 0.658209 0.0720726 0.0112387 0.0411059 0.542534 41
0 0.426931 0.124045 0.00884396 0.0470434 0.433226 13
0 0.491964 0.135308 0.0147424 0.0529176 0.699603 8
0 0.586936 0.110431 0.0101073 0.0430763 0.795732 56
0 0.684405 0.0991628 0.00984007 0.0438386 0.695348 63
