0 0.0789416 0.30493 0.0186586 0.063746 0.790052 1
0 0.401519 0.771303 0.0275071 0.11116 0.844809 4
0 0.386591 0.247347 0.0112913 0.0632067 0.756773 7
0 0.294419 0.405232 0.0154145 0.0732419 0.789825 11
0 0.440221 0.207209 0.0115171 0.0557195 0.74595 20
0 0.571558 0.218573 0.0112298 0.0550165 0.733422 34
0 0.733037 0.20178 0.0168606 0.0546699 0.745944 41
0 0.46727 0.319827 0.0148745 0.0651878 0.778229 38
0 0.368328 0.375552 0.0163341 0.0736665 0.827794 3
0 0.484531 0.0595187 0.00900418 0.0398463 0.354467 22
0 0.604298 0.194458 0.0197714 0.052273 0.711732 8
0 0.198752 0.179123 0.0123755 0.0453956 0.590036 5
0 0.415115 0.196376 0.0116189 0.0555492 0.674053 13
0 0.477847 0.158965 0.0136769 0.0517803 0.776051 6
