0 0.494927 0.791766 0.0269742 0.111253 0.849984 4
0 0.0978684 0.234787 0.0148273 0.0611474 0.702436 93
0 0.603482 0.277758 0.0175201 0.0607982 0.840068 38
0 0.443776 0.255857 0.0141667 0.059007 0.497847 3
0 0.435788 0.267531 0.0146756 0.0607908 0.623059 88
0 0.144706 0.134136 0.0115176 0.0617717 0.41442 64
0 0.317618 0.120494 0.00834789 0.0428005 0.782131 110
0 0.6412 0.155487 0.0107763 0.0469634 0.678992 71
0 0.576085 0.17181 0.00995655 0.0531756 0.490353 22
0 0.416321 0.133544 0.00703414 0.0449345 0.709609 89
0 0.522736 0.178995 0.0111341 0.049877 0.710245 41
0 0.479171 0.0494831 0.0100583 0.0393883 0.419979 102
0 0.177767 0.113162 0.0110044 0.0457024 0.322622 111
0 0.498505 0.176638 0.0113364 0.0518337 0.474702 75
0 0.526084 0.120289 0.00774085 0.0525017 0.36576 56
0 0.654771 0.097045 0.0107218 0.0465472 0.658478 109
0 0.167743 0.121933 0.0120176 0.0520627 0.328582 115
