0 0.417953 0.543582 0.0238526 0.0875466 0.874741 4
0 0.0994228 0.213968 0.0154295 0.0530103 0.673658 124
0 0.179847 0.113593 0.0111025 0.0502056 0.375086 127
0 0.170912 0.113978 0.0123038 0.0501203 0.303353 111
0 0.413235 0.12606 0.00895564 0.0434952 0.780405 162
0 0.598444 0.14144 0.0159768 0.0673346 0.816777 132
0 0.618635 0.0771643 0.00895049 0.043466 0.657897 165
0 0.393982 0.0636335 0.00841106 0.0398912 0.72418 20
0 0.474043 0.0993708 0.010496 0.0379041 0.370876 150
0 0.366287 0.180025 0.0102737 0.0489994 0.805689 88
0 0.464696 0.0708582 0.00836239 0.0366443 0.581796 137
0 0.344247 0.0472733 0.00882642 0.0327039 0.471032 22
