0 0.495774 0.657993 0.0331309 0.0976251 0.871001 4
0 0.116093 0.207742 0.0161009 0.0528417 0.636562 124
0 0.490888 0.1936 0.0106078 0.0517739 0.80141 88
0 0.673089 0.147613 0.010225 0.0468488 0.463631 132
0 0.622277 0.157521 0.010206 0.0502438 0.771425 3
0 0.477625 0.0762316 0.0109944 0.0464382 0.576645 126
0 0.50616 0.0650774 0.00941585 0.0441164 0.526715 137
0 0.176586 0.11645 0.0143764 0.0501327 0.296315 111
0 0.491254 0.0718239 0.00937618 0.0417905 0.688191 20
0 0.438209 0.0771114 0.00817696 0.0417731 0.622291 136
0 0.186291 0.109301 0.0111696 0.0447521 0.280555 127
0 0.538616 0.0477179 0.00742346 0.0366188 0.310581 109
