0 0.500429 0.656499 0.0266736 0.0964442 0.844618 4
0 0.125183 0.193309 0.016345 0.0540275 0.725681 124
0 0.48742 0.189246 0.0105989 0.0516143 0.795721 88
0 0.159119 0.116875 0.0155942 0.0592525 0.635562 111
0 0.621514 0.134142 0.0140762 0.0479524 0.791676 3
0 0.737951 0.104634 0.0132675 0.045235 0.679105 132
0 0.485686 0.0604551 0.00789232 0.0410168 0.280063 150
0 0.435918 0.0733748 0.0120665 0.0484529 0.499593 20
0 0.553223 0.0505829 0.0117154 0.0542278 0.520875 137
0 0.179179 0.107089 0.0185534 0.0656091 0.456794 127
0 0.531111 0.0397519 0.00994571 0.0353932 0.346734 109
