0 0.529836 0.656268 0.0308228 0.100333 0.870585 4
0 0.551095 0.210449 0.0128567 0.05357 0.728687 88
0 0.0936361 0.225051 0.0169169 0.0537788 0.76876 124
0 0.751412 0.138224 0.0135482 0.0500645 0.718018 8
0 0.795163 0.139935 0.00930195 0.047499 0.761986 132
0 0.609291 0.0965576 0.00934003 0.0415157 0.649664 22
0 0.692368 0.11017 0.00974871 0.0444671 0.725357 3
0 0.464427 0.0913907 0.00766309 0.0401014 0.571035 89
0 0.655152 0.107151 0.0115097 0.0440556 0.574605 131
0 0.39536 0.0810243 0.00747445 0.037365 0.741583 20
0 0.509472 0.141403 0.0144588 0.0484076 0.769552 41
0 0.431883 0.0775664 0.00976915 0.0404184 0.612989 109
0 0.557692 0.103599 0.00972169 0.0405646 0.55243 56
0 0.533315 0.0443977 0.00876249 0.0344736 0.332781 102
