0 0.124878 0.588874 0.0352964 0.0940518 0.874951 4
0 0.0654935 0.244125 0.0194832 0.0603541 0.771515 124
0 0.247755 0.299003 0.0217503 0.0616701 0.799579 88
0 0.296316 0.177554 0.0109838 0.0520389 0.751041 162
0 0.500499 0.21149 0.0124247 0.0552383 0.494109 3
0 0.424312 0.116291 0.0113514 0.0469046 0.347013 150
0 0.660386 0.225759 0.0179787 0.0557184 0.805957 132
0 0.184499 0.096435 0.014172 0.0694253 0.259511 156
0 0.506229 0.0466913 0.00835899 0.0370356 0.466791 171
0 0.311095 0.14725 0.0109822 0.0459214 0.658262 137
0 0.509265 0.108539 0.00824725 0.0396729 0.597069 170
0 0.568772 0.143934 0.00920696 0.0481043 0.778988 165
0 0.357675 0.0728122 0.0103299 0.0336962 0.275536 22
0 0.35253 0.107624 0.00890754 0.0428759 0.396539 172
