0 0.468884 0.779804 0.030179 0.107541 0.872513 4
0 0.325429 0.273176 0.0131798 0.0620503 0.614418 38
0 0.582012 0.174578 0.0114516 0.0501431 0.760538 8
0 0.773886 0.134813 0.0151435 0.045274 0.662114 22
0 0.441253 0.33693 0.0142227 0.0687428 0.813958 88
0 0.565521 0.269059 0.0148277 0.0639556 0.789221 3
0 0.0166479 0.298802 0.0197075 0.06219 0.80651 93
0 0.235074 0.173359 0.00984395 0.0526289 0.713492 20
0 0.162533 0.118297 0.0153975 0.0502836 0.424833 64
0 0.621916 0.107686 0.0101924 0.0447503 0.709978 63
0 0.528773 0.205462 0.0229011 0.0694414 0.592264 70
0 0.590287 0.153796 0.0110509 0.0521388 0.601193 41
0 0.147692 0.119884 0.0134161 0.0659839 0.440809 11
0 0.496743 0.116339 0.0153035 0.0403593 0.641304 56
0 0.36332 0.12662 0.00990365 0.0391286 0.725817 72
0 0.5166 0.0461108 0.00855169 0.0364689 0.362339 75
0 0.471297 0.132182 0.012025 0.0467237 0.750303 89
