0 0.0452831 0.25118 0.0167118 0.0572725 0.748022 1
0 0.3775 0.744593 0.0282371 0.104011 0.852261 4
0 0.300743 0.397713 0.0154045 0.0482378 0.409801 11
0 0.413605 0.18174 0.011254 0.0537591 0.578632 20
0 0.644875 0.173568 0.0114806 0.0515284 0.761782 41
0 0.509255 0.316649 0.0177063 0.064585 0.852767 38
0 0.356003 0.33675 0.0174052 0.0720746 0.803144 3
0 0.215695 0.164299 0.00940305 0.0451017 0.778445 5
0 0.157358 0.121186 0.0143033 0.0501787 0.500964 31
0 0.495153 0.174622 0.0149601 0.0467811 0.811542 8
0 0.388222 0.172353 0.00884396 0.0499261 0.77481 13
0 0.130214 0.143147 0.0150497 0.0599615 0.589776 39
0 0.405186 0.140598 0.00903765 0.0428095 0.742948 6
0 0.547879 0.201917 0.0148364 0.0527362 0.785026 34
