0 0.475703 0.824617 0.0296127 0.121059 0.852051 4
0 0.296878 0.319001 0.0150409 0.0682335 0.819933 38
0 0.574462 0.184523 0.0118114 0.0566322 0.604772 8
0 0.747713 0.18492 0.0121072 0.0545941 0.762265 22
0 0.514632 0.35517 0.0182347 0.0703428 0.82467 88
0 0.596952 0.298415 0.0117111 0.0656235 0.791059 3
0 0.65807 0.185564 0.0135775 0.0517651 0.770051 41
0 0.404193 0.243749 0.0165771 0.0591214 0.79795 70
0 0.517424 0.0448332 0.00888688 0.0394668 0.362684 75
0 0.366007 0.133548 0.0128939 0.0353197 0.662958 72
0 0.0249888 0.289426 0.0191881 0.0633106 0.80764 93
0 0.516658 0.137619 0.0114444 0.0537705 0.566649 89
0 0.472365 0.205436 0.0164186 0.0512448 0.671274 71
0 0.23945 0.18803 0.0132008 0.0549934 0.713183 20
0 0.161952 0.118091 0.0136578 0.0462093 0.435975 64
