0 0.469414 0.78047 0.0316339 0.108248 0.876728 4
0 0.331995 0.266964 0.0131213 0.0635367 0.763221 38
0 0.789835 0.135931 0.0151805 0.0457843 0.669499 22
0 0.435627 0.327138 0.0143341 0.0658747 0.763364 88
0 0.565204 0.26139 0.0138313 0.0639122 0.758294 3
0 0.0159492 0.303317 0.0230147 0.0653136 0.815325 93
0 0.235475 0.174744 0.0100799 0.0548286 0.714895 20
0 0.162171 0.117794 0.0169312 0.0531606 0.461294 64
0 0.62479 0.104705 0.0102905 0.0428692 0.570429 63
0 0.532247 0.213983 0.0239394 0.053144 0.500232 70
0 0.592331 0.162895 0.0134982 0.073747 0.417253 41
0 0.147402 0.122691 0.0136445 0.0596816 0.399176 11
0 0.486095 0.117709 0.0106533 0.041624 0.687778 56
0 0.361605 0.13107 0.0145959 0.03364 0.628775 72
0 0.515677 0.0460854 0.0090882 0.0367453 0.317042 75
0 0.464413 0.133301 0.0151233 0.0399633 0.660278 89
0 0.59365 0.173642 0.0132862 0.0518303 0.512917 8
