0 0.486887 0.825885 0.0288392 0.110783 0.855044 4
0 0.282186 0.366552 0.0178134 0.0719011 0.823275 38
0 0.266011 0.1978 0.0120969 0.0539187 0.734209 20
0 0.495963 0.175657 0.0105202 0.0463974 0.733187 71
0 0.557447 0.187263 0.0100796 0.05548 0.768847 8
0 0.764873 0.231808 0.0170293 0.0585218 0.773754 22
0 0.562304 0.368689 0.0153542 0.0706822 0.733628 88
0 0.60756 0.117324 0.013372 0.0439806 0.723958 63
0 0.555208 0.312738 0.0189296 0.0656336 0.780304 3
0 0.71898 0.206584 0.015204 0.0545903 0.788503 41
0 0.385956 0.217004 0.0128808 0.0571235 0.763887 70
0 0.16201 0.115517 0.0144953 0.0480273 0.329195 64
0 0.521145 0.045343 0.00887664 0.0339842 0.338362 75
0 0.391406 0.125713 0.00849555 0.0416578 0.683279 72
0 0.00938432 0.300468 0.0186999 0.0668177 0.848607 93
0 0.515952 0.111952 0.0124697 0.0449805 0.70565 56
0 0.157612 0.115489 0.0177722 0.050544 0.341201 94
