0 0.433132 0.705018 0.0262913 0.102884 0.865162 4
0 0.609139 0.211011 0.0184146 0.0528052 0.768447 88
0 0.0432783 0.272924 0.0199549 0.0604972 0.77636 93
0 0.591129 0.179656 0.0100199 0.0519767 0.737743 3
0 0.355426 0.150518 0.010792 0.0469096 0.770596 20
0 0.522103 0.109171 0.00949774 0.0466776 0.614398 8
0 0.362649 0.0843942 0.00673418 0.0374883 0.77456 89
0 0.616109 0.0984667 0.00871741 0.04416 0.534368 75
0 0.454846 0.208585 0.0124343 0.0532986 0.785783 38
0 0.554749 0.0677056 0.00755132 0.0409683 0.337153 22
0 0.509236 0.0426878 0.00935609 0.0380526 0.379457 102
0 0.569387 0.0791313 0.00841293 0.0387465 0.501142 71
0 0.488315 0.0736325 0.00819012 0.0352851 0.443216 41
0 0.419013 0.0794473 0.0154956 0.0414959 0.550483 56
