0 0.50494 0.720309 0.0248469 0.117879 0.854526 4
0 0.116475 0.207269 0.015192 0.0521381 0.569659 124
0 0.517822 0.210761 0.0119221 0.0572247 0.785235 88
0 0.696413 0.207826 0.0153601 0.0567432 0.833754 132
0 0.179223 0.113453 0.0139691 0.0521112 0.326457 111
0 0.489914 0.086852 0.00945911 0.0450389 0.60724 136
0 0.621524 0.155863 0.0124568 0.0512451 0.757587 3
0 0.474521 0.0831438 0.0118646 0.0484226 0.408139 126
0 0.512066 0.0702917 0.0100937 0.0529043 0.378986 20
0 0.546314 0.0590074 0.00810801 0.0383115 0.537225 109
