0 0.495939 0.792365 0.0284273 0.109844 0.856906 4
0 0.0973025 0.236481 0.0175418 0.0604078 0.740995 93
0 0.604588 0.279175 0.0152233 0.060747 0.850207 38
0 0.443639 0.255248 0.0147268 0.0591192 0.476172 3
0 0.436045 0.267514 0.0143472 0.0604922 0.611344 88
0 0.144801 0.133168 0.0110047 0.0629416 0.546418 64
0 0.317064 0.119551 0.00880804 0.0440773 0.743683 110
0 0.643111 0.158104 0.0119958 0.0474731 0.756185 71
0 0.577894 0.172934 0.0101831 0.0515407 0.714892 22
0 0.418476 0.133351 0.00809399 0.0454546 0.789656 89
0 0.523565 0.17924 0.0113928 0.049611 0.681505 41
0 0.478714 0.0494763 0.0102443 0.0382462 0.465868 102
0 0.177256 0.114236 0.0117161 0.0445264 0.371061 111
0 0.498608 0.178894 0.0111831 0.0503519 0.374826 75
0 0.526579 0.118207 0.0113463 0.0484747 0.300236 56
0 0.658292 0.0971025 0.00858034 0.0467581 0.634301 109
0 0.167672 0.122383 0.0119096 0.0501643 0.454361 115
