0 0.520042 0.483944 0.0162928 0.0775714 0.785321 1
0 0.729938 0.550803 0.0247027 0.0874793 0.80231 2
0 0.568635 0.51057 0.0228823 0.0673267 0.711266 3
0 0.496417 0.882982 0.0338579 0.117696 0.832131 4
0 0.368252 0.217503 0.0101357 0.0476722 0.793902 5
0 0.710401 0.401475 0.02125 0.0734578 0.731793 6
0 0.604353 0.372825 0.0156572 0.0767469 0.776617 7
0 0.653426 0.259693 0.0156741 0.058571 0.772629 8
0 0.572553 0.240852 0.0106896 0.0557315 0.676439 10
0 0.565894 0.567289 0.0181734 0.0771035 0.714382 11
0 0.792082 0.367177 0.017061 0.0752101 0.783541 12
0 0.867846 0.257353 0.0236424 0.0646568 0.843342 14
0 0.721264 0.368825 0.0140965 0.0711433 0.755418 20
0 0.606993 0.192241 0.0102347 0.0533707 0.793342 13
