0 0.431925 0.712346 0.0274092 0.102585 0.875646 4
0 0.360296 0.195825 0.0171442 0.0538519 0.744439 38
0 0.461882 0.2513 0.0119872 0.0564676 0.807391 88
0 0.040626 0.274381 0.021881 0.0631539 0.775232 93
0 0.39526 0.116217 0.0107128 0.0431889 0.551912 71
0 0.246177 0.156493 0.0139828 0.0483478 0.742194 20
0 0.460842 0.0789795 0.00733331 0.0385582 0.585782 63
0 0.513948 0.188389 0.0136315 0.0515753 0.73298 3
0 0.493334 0.0840774 0.0119299 0.0484178 0.400898 72
0 0.482391 0.131287 0.0123472 0.0481504 0.746677 8
0 0.368379 0.0911655 0.0106034 0.0436255 0.41164 56
0 0.636112 0.0772365 0.00730909 0.0397227 0.574742 41
0 0.27997 0.0828242 0.00814575 0.0382414 0.60765 89
