0 0.0843086 0.312751 0.017271 0.0668505 0.72895 1
0 0.405028 0.772505 0.0270038 0.108525 0.850943 4
0 0.389442 0.250125 0.0123346 0.0621835 0.730429 7
0 0.293044 0.409253 0.0161983 0.0735102 0.789881 11
0 0.444701 0.210447 0.0137863 0.0536546 0.767482 20
0 0.573239 0.221806 0.0126284 0.0571135 0.663726 34
0 0.741559 0.206034 0.0135845 0.0579142 0.741981 41
0 0.46813 0.318978 0.010772 0.0663009 0.799851 38
0 0.369858 0.38141 0.0175489 0.0769365 0.827982 3
0 0.484115 0.0595231 0.0089605 0.0394059 0.436357 22
0 0.618948 0.197038 0.0136908 0.0514148 0.778975 8
0 0.196237 0.181488 0.0116111 0.0463826 0.687743 5
0 0.420433 0.199767 0.0104638 0.0547147 0.755624 13
0 0.487329 0.159849 0.014487 0.0493211 0.51091 6
