0 0.491603 0.581045 0.0235053 0.0978404 0.842653 4
0 0.115853 0.20701 0.0193784 0.0497334 0.516733 124
0 0.487828 0.189196 0.0102989 0.0522001 0.797736 88
0 0.183217 0.0923023 0.0148583 0.0748201 0.436439 156
0 0.432027 0.0486312 0.00788005 0.0427059 0.553542 20
0 0.521163 0.0494133 0.0106226 0.0493646 0.551314 137
0 0.492468 0.0832543 0.0108999 0.0417894 0.449003 136
0 0.707063 0.10568 0.00858243 0.0421726 0.814697 3
0 0.554461 0.0334298 0.0101908 0.0532071 0.541632 153
0 0.482552 0.0631158 0.0121179 0.0371694 0.358734 22
0 0.471827 0.0936416 0.0112341 0.0513306 0.593814 154
0 0.172288 0.111495 0.0184285 0.0578731 0.329296 111
0 0.491576 0.0719338 0.0104884 0.0349387 0.314164 150
