0 0.417855 0.542961 0.0236945 0.0874916 0.873792 4
0 0.0983656 0.213965 0.0156175 0.0535162 0.699893 124
0 0.179927 0.113689 0.0117112 0.0503963 0.384382 127
0 0.170855 0.11377 0.0124331 0.0499029 0.342693 111
0 0.416679 0.127312 0.0101259 0.0459729 0.75727 162
0 0.602971 0.140286 0.013861 0.0680401 0.671258 132
0 0.492205 0.0369355 0.00949307 0.0424253 0.284153 170
0 0.624364 0.0769533 0.0144091 0.0437192 0.686657 165
0 0.395843 0.0629858 0.00898819 0.0397785 0.671786 20
0 0.483757 0.0997806 0.00991812 0.0400265 0.637 150
0 0.357877 0.183264 0.0110607 0.0496847 0.780008 88
0 0.472405 0.071085 0.00820271 0.0364255 0.35938 137
