0 0.422307 0.63249 0.0307761 0.0949087 0.86146 4
0 0.431119 0.21306 0.0114186 0.0574603 0.781509 11
0 0.611826 0.173267 0.0105123 0.0516491 0.784477 38
0 0.537804 0.097957 0.00959988 0.0468327 0.738911 8
0 0.0278103 0.268938 0.0212225 0.0590558 0.748743 65
0 0.506459 0.194778 0.0138558 0.0548978 0.806107 3
0 0.335382 0.0652876 0.0102654 0.0380502 0.574023 13
0 0.492288 0.0637808 0.00992031 0.041865 0.699812 56
0 0.163255 0.0970373 0.0228679 0.0666635 0.386928 64
0 0.578821 0.0608782 0.010018 0.0379778 0.544661 41
0 0.477321 0.0645151 0.0105967 0.0684032 0.375559 22
