0 0.503147 0.504291 0.0137055 0.0800092 0.737744 1
0 0.759641 0.555938 0.0248817 0.0830427 0.838443 2
0 0.49801 0.882983 0.0321196 0.117342 0.842958 4
0 0.743113 0.437562 0.0144147 0.0789485 0.789679 6
0 0.605913 0.373892 0.0112328 0.078075 0.778248 7
0 0.707714 0.255264 0.0180814 0.0587138 0.782884 8
0 0.842338 0.407521 0.026882 0.0731419 0.835853 12
0 0.956986 0.308309 0.0230624 0.0630095 0.701152 14
0 0.795819 0.424802 0.0217815 0.0769218 0.750286 20
0 0.637894 0.211105 0.0114943 0.0549979 0.765028 13
0 0.497176 0.0550803 0.00903174 0.0388034 0.398427 16
0 0.62294 0.258145 0.0143396 0.0584434 0.645116 10
0 0.555198 0.571907 0.0268276 0.0724874 0.539522 11
0 0.549994 0.558893 0.0323887 0.0984306 0.326834 21
