0 0.468657 0.779254 0.0295581 0.10783 0.876724 4
0 0.320797 0.279818 0.0132817 0.0620796 0.805107 38
0 0.57437 0.179192 0.0132277 0.05166 0.458738 8
0 0.760282 0.134303 0.0130695 0.0456447 0.78214 22
0 0.445484 0.344747 0.0142568 0.0684015 0.783331 88
0 0.565676 0.27488 0.0135363 0.0686185 0.763055 3
0 0.0224396 0.296612 0.023633 0.0611916 0.804178 93
0 0.230229 0.17555 0.00940938 0.0523537 0.737552 20
0 0.162487 0.119164 0.014706 0.0488796 0.533435 64
0 0.617865 0.109647 0.012215 0.0444323 0.688721 63
0 0.524599 0.217932 0.019251 0.0501828 0.272863 70
0 0.589111 0.157061 0.0115002 0.0497036 0.686481 41
0 0.14783 0.121663 0.0140215 0.062401 0.460294 11
0 0.501557 0.117681 0.0106956 0.0440747 0.472128 56
0 0.355613 0.126984 0.00940997 0.0404508 0.69671 72
0 0.515917 0.0468935 0.00926288 0.0359079 0.358207 75
