0 0.473887 0.742727 0.0270091 0.108399 0.841765 4
0 0.38937 0.0735574 0.010495 0.0359096 0.559252 1
0 0.462555 0.225614 0.0108851 0.0544685 0.777199 11
0 0.605023 0.226829 0.0107433 0.0582647 0.770945 3
0 0.524892 0.14913 0.0138501 0.0526913 0.482517 8
0 0.631474 0.119575 0.00951939 0.0446689 0.757353 56
0 0.536599 0.101579 0.00988092 0.0451149 0.358201 20
0 0.720688 0.192476 0.0106387 0.053135 0.806913 38
0 0.453546 0.0701108 0.015385 0.0401271 0.629269 22
0 0.506393 0.13789 0.0118922 0.049322 0.725936 13
0 0.693035 0.0761229 0.00910555 0.0434181 0.727102 41
0 0.167583 0.0992349 0.0119559 0.059005 0.316869 64
0 0.756728 0.100555 0.0098149 0.0449463 0.527495 63
