0 0.497024 0.65805 0.0283937 0.0967334 0.83826 4
0 0.115947 0.204894 0.0185453 0.0528801 0.656845 124
0 0.487718 0.182021 0.00869888 0.0513586 0.802735 88
0 0.627297 0.152827 0.00927951 0.0512163 0.32315 3
0 0.160475 0.119603 0.0159276 0.0617286 0.655658 111
0 0.559779 0.0932623 0.00794493 0.0404503 0.47158 22
0 0.533568 0.0627784 0.00886097 0.0406704 0.504062 150
0 0.582883 0.0786836 0.00751686 0.0425937 0.575643 126
0 0.465003 0.0648653 0.00672162 0.0375019 0.485156 20
0 0.683109 0.0887599 0.00919704 0.0429907 0.759302 132
0 0.519287 0.0566338 0.00717217 0.0369448 0.600998 109
0 0.544237 0.0510719 0.00871124 0.0477617 0.4222 153
0 0.178942 0.112701 0.0145274 0.0543144 0.44638 127
0 0.622422 0.059008 0.0090065 0.0376523 0.379984 137
