0 0.531826 0.653176 0.0301558 0.0994532 0.863679 4
0 0.117 0.205312 0.0145417 0.0526664 0.683317 124
0 0.460949 0.0816178 0.00883357 0.040251 0.6981 89
0 0.487107 0.196625 0.0113007 0.0494948 0.784313 88
0 0.796046 0.143877 0.0119943 0.0503776 0.775377 132
0 0.495093 0.0758557 0.00961603 0.0406493 0.613396 56
0 0.629837 0.110563 0.0123602 0.0466337 0.757476 136
0 0.686332 0.100153 0.0104856 0.0464357 0.561908 3
0 0.41619 0.0753715 0.00744788 0.0396123 0.602871 109
0 0.533262 0.0405246 0.00980539 0.0344288 0.293858 102
0 0.430764 0.0735217 0.00869821 0.0463148 0.574486 126
