0 0.304499 0.547414 0.0248789 0.0717404 0.830376 4
0 0.0420833 0.271132 0.0223551 0.058858 0.785667 124
0 0.163016 0.379672 0.0156632 0.0661045 0.796209 88
0 0.566622 0.265069 0.0263417 0.0511263 0.830054 3
0 0.782651 0.28663 0.0214916 0.0566536 0.856836 132
0 0.184524 0.0931528 0.0152542 0.0739954 0.287396 156
0 0.509391 0.0421559 0.00942389 0.0404095 0.390781 171
0 0.441278 0.150031 0.0118564 0.0493103 0.739575 150
0 0.251962 0.186479 0.0129196 0.0525792 0.727081 137
0 0.543378 0.200675 0.011288 0.0517156 0.708713 165
0 0.377779 0.0910315 0.00951707 0.0440133 0.698058 109
0 0.389952 0.136595 0.0104901 0.0432488 0.675864 172
0 0.356764 0.0971545 0.0118899 0.0561287 0.592903 168
0 0.306477 0.19838 0.015869 0.052371 0.759054 162
0 0.427631 0.136397 0.0102872 0.0474605 0.652477 20
