0 0.414043 0.834539 0.031748 0.112326 0.853762 4
0 0.123083 0.529191 0.0293893 0.085871 0.855551 38
0 0.130356 0.277411 0.0252967 0.0605964 0.629684 20
0 0.092992 0.199808 0.0153954 0.0526516 0.60414 70
0 0.233942 0.214043 0.0128469 0.0500114 0.728773 71
0 0.237832 0.155517 0.0112054 0.0425314 0.633283 72
0 0.525614 0.214492 0.0125124 0.057291 0.682493 8
0 0.394916 0.140581 0.0114029 0.0551376 0.788567 56
0 0.160688 0.116211 0.0125888 0.0477173 0.316656 64
0 0.780477 0.207594 0.0126444 0.057834 0.744417 22
0 0.505678 0.0426578 0.00996024 0.0446872 0.482196 75
0 0.426692 0.192116 0.0154677 0.0496171 0.749047 41
0 0.3647 0.372799 0.0160373 0.0702304 0.799777 88
0 0.538022 0.131435 0.012027 0.0397325 0.752285 63
0 0.387395 0.350845 0.0192017 0.0687376 0.77184 3
