0 0.488895 0.798896 0.0341962 0.11124 0.872527 4
0 0.0611164 0.253765 0.0180438 0.0586178 0.815458 93
0 0.619151 0.271238 0.0185987 0.0599709 0.798286 38
0 0.309046 0.119504 0.00853074 0.0429734 0.677431 110
0 0.62406 0.168735 0.0112797 0.0491133 0.522658 22
0 0.524824 0.191927 0.0102998 0.0332983 0.550404 41
0 0.489729 0.139026 0.00894359 0.0509903 0.686324 8
0 0.357059 0.22129 0.0124252 0.0566967 0.757905 20
0 0.766966 0.188683 0.0146668 0.0545451 0.732567 71
0 0.432445 0.271885 0.0167139 0.0588217 0.791572 88
0 0.471168 0.173689 0.0114423 0.0532699 0.777077 75
0 0.158269 0.123009 0.00935809 0.0467613 0.375901 64
0 0.453375 0.103446 0.00967544 0.0446139 0.536821 56
0 0.470588 0.047035 0.00766029 0.0344481 0.289399 102
0 0.708416 0.102109 0.0123967 0.0446287 0.671083 109
0 0.444621 0.25699 0.0155659 0.0614839 0.78476 3
0 0.414875 0.124488 0.00836541 0.044765 0.727424 89
0 0.186041 0.113481 0.0101189 0.0433851 0.400567 111
0 0.173236 0.119619 0.0146883 0.0517892 0.400825 115
