0 0.418045 0.652396 0.0300648 0.0984157 0.856756 4
0 0.449652 0.206766 0.0179194 0.0549671 0.808341 11
0 0.0755265 0.218534 0.0157569 0.0532343 0.670868 65
0 0.61441 0.131281 0.0117955 0.0453126 0.679989 3
0 0.162859 0.113989 0.0118336 0.0536407 0.612179 64
0 0.438624 0.0803767 0.00944055 0.0401916 0.588918 41
0 0.673742 0.118977 0.0153423 0.0396593 0.718206 38
0 0.243023 0.125914 0.0121295 0.0473637 0.714684 20
0 0.592203 0.0778178 0.0103781 0.0386205 0.460613 63
0 0.582182 0.0979282 0.0122408 0.0396193 0.596018 22
0 0.686934 0.0675273 0.0106236 0.0408462 0.668268 8
0 0.307451 0.0828765 0.0120938 0.0391046 0.743321 71
0 0.515742 0.0796646 0.00866213 0.0363338 0.374666 56
0 0.526225 0.0736353 0.0101431 0.0397704 0.31704 73
0 0.277909 0.0559379 0.00822312 0.0375169 0.611504 70
