0 0.444847 0.694872 0.0324249 0.0977484 0.875879 4
0 0.0493348 0.272464 0.0203003 0.0603496 0.7908 93
0 0.336317 0.13668 0.0108323 0.0458321 0.467603 20
0 0.522002 0.112178 0.00948801 0.0441027 0.695226 8
0 0.381105 0.0895686 0.0119411 0.0405634 0.57907 56
0 0.438929 0.219226 0.0112007 0.0553707 0.735363 38
0 0.545645 0.0852426 0.00897967 0.0418233 0.544236 71
0 0.512996 0.066446 0.0088754 0.0389735 0.441785 109
0 0.15476 0.128413 0.00913692 0.0481884 0.44545 111
0 0.475283 0.098729 0.00956068 0.0450805 0.472299 22
0 0.527418 0.192843 0.0113124 0.0451864 0.506078 3
0 0.438475 0.0845833 0.00755793 0.0375831 0.482966 110
0 0.518611 0.221864 0.01182 0.0545788 0.726954 88
0 0.591719 0.115778 0.00742887 0.0422263 0.789616 75
0 0.415004 0.12373 0.00982431 0.0425758 0.66806 41
