0 0.379693 0.748281 0.026673 0.106171 0.857715 4
0 0.599787 0.270801 0.0141612 0.0596705 0.757614 38
0 0.33921 0.272004 0.0155391 0.0595918 0.747361 3
0 0.293266 0.346592 0.0153662 0.0632977 0.779437 11
0 0.220819 0.153416 0.0149281 0.0378387 0.483468 5
0 0.395534 0.207741 0.0102354 0.0575176 0.706797 8
0 0.0628437 0.241655 0.0127115 0.0549143 0.68297 1
0 0.491052 0.0531506 0.00808722 0.0369355 0.314475 22
0 0.533969 0.147792 0.00875298 0.0488841 0.690913 41
0 0.286794 0.179681 0.0159578 0.0492823 0.534662 20
0 0.136668 0.188877 0.0148295 0.0481152 0.65406 55
0 0.367562 0.190392 0.0120222 0.0509959 0.537678 56
0 0.326569 0.137461 0.0106637 0.0462348 0.359092 6
0 0.208193 0.204502 0.0153671 0.0519864 0.432067 13
