0 0.403831 0.906562 0.0319938 0.114933 0.836191 4
0 0.0598258 0.591786 0.0294768 0.0859989 0.840022 38
0 0.0869224 0.29429 0.0187175 0.0645439 0.753448 20
0 0.100374 0.198234 0.0163333 0.0529518 0.702116 70
0 0.443123 0.188353 0.0128807 0.0794951 0.591156 73
0 0.251632 0.210799 0.0157696 0.0526061 0.66133 71
0 0.35326 0.382922 0.0188046 0.0795365 0.836001 3
0 0.552566 0.146447 0.0187736 0.0515661 0.746057 63
0 0.410486 0.40944 0.0197488 0.0741011 0.838451 11
0 0.215275 0.170107 0.0113998 0.046128 0.647232 72
0 0.545702 0.227929 0.0128297 0.0603523 0.763835 8
0 0.40987 0.144468 0.0112708 0.0495723 0.68116 56
0 0.160091 0.116499 0.0130385 0.047358 0.322414 64
0 0.721815 0.212459 0.0111338 0.055298 0.762411 22
0 0.508805 0.0405197 0.00928993 0.041697 0.417544 75
