0 0.505462 0.730121 0.0262582 0.11205 0.869914 4
0 0.116641 0.207475 0.0151525 0.0520963 0.561499 124
0 0.520003 0.211535 0.0134801 0.0556732 0.804434 88
0 0.703416 0.208697 0.0112816 0.0568689 0.752289 132
0 0.178078 0.113476 0.0144482 0.0527833 0.305032 111
0 0.491998 0.088523 0.0103715 0.0430799 0.697123 136
0 0.621691 0.155752 0.0128068 0.0515012 0.740359 3
0 0.47362 0.0843591 0.0125295 0.0483394 0.56952 126
0 0.513634 0.0687938 0.00965023 0.0486429 0.423577 20
0 0.547556 0.0591594 0.00887057 0.0405682 0.467205 109
