0 0.422922 0.636611 0.031541 0.0978766 0.86172 4
0 0.430194 0.215918 0.0111742 0.0599421 0.74934 11
0 0.616653 0.174309 0.0111767 0.0511322 0.799518 38
0 0.534117 0.0998537 0.00959889 0.0438493 0.6538 8
0 0.0269975 0.269932 0.0234013 0.0601439 0.773882 65
0 0.507018 0.195347 0.013177 0.0549421 0.800115 3
0 0.447285 0.110242 0.0142064 0.0432457 0.718028 1
0 0.339487 0.0682429 0.00805578 0.0390041 0.748014 13
0 0.494009 0.0637133 0.0111762 0.0421404 0.672408 56
0 0.16389 0.097748 0.0181051 0.0652167 0.40414 64
0 0.582354 0.0604599 0.00711988 0.0379208 0.57008 41
0 0.592244 0.0808136 0.00872822 0.0402789 0.643874 63
