0 0.520624 0.484095 0.0170234 0.0773928 0.791101 1
0 0.730481 0.547531 0.0180716 0.0886575 0.800371 2
0 0.582667 0.516903 0.017506 0.0853365 0.608466 3
0 0.496076 0.882267 0.0342479 0.117453 0.848115 4
0 0.366845 0.21614 0.00957537 0.048848 0.779625 5
0 0.702562 0.395988 0.0168085 0.0684667 0.674122 6
0 0.59944 0.36839 0.0161783 0.0719299 0.711422 7
0 0.645649 0.260686 0.0146166 0.0577403 0.736768 8
0 0.564439 0.237967 0.0116744 0.0573363 0.710369 10
0 0.571006 0.558574 0.0175455 0.0840114 0.715445 11
0 0.788121 0.361262 0.0183761 0.0741956 0.781123 12
0 0.853055 0.250257 0.0229856 0.0626418 0.784101 14
0 0.708912 0.353245 0.0135065 0.0563236 0.572358 20
0 0.600499 0.191282 0.012907 0.0532848 0.643015 13
