0 0.432254 0.70701 0.0268653 0.10263 0.887592 4
0 0.625803 0.207312 0.0125068 0.0541461 0.587811 88
0 0.0423136 0.273569 0.0191869 0.0588082 0.783737 93
0 0.593662 0.175733 0.0116454 0.0517826 0.74688 3
0 0.339414 0.158501 0.0092 0.0500563 0.798016 20
0 0.528306 0.107042 0.010235 0.0472379 0.684452 8
0 0.392472 0.0804005 0.00686267 0.036736 0.718394 89
0 0.589628 0.0861345 0.0102904 0.0483786 0.663621 71
0 0.166122 0.119415 0.0127175 0.0493411 0.420567 64
0 0.615556 0.0874521 0.0121688 0.0494437 0.351157 75
0 0.45557 0.0725524 0.0127002 0.0324958 0.59146 56
0 0.453229 0.208222 0.0123654 0.0562703 0.787722 38
