0 0.379648 0.746055 0.0271607 0.106354 0.85815 4
0 0.560235 0.159277 0.012627 0.0519798 0.732106 41
0 0.559866 0.28754 0.00913207 0.062576 0.719602 38
0 0.35909 0.287129 0.0145336 0.0632829 0.793509 3
0 0.125838 0.15631 0.0159003 0.0561165 0.547981 39
0 0.389844 0.21053 0.0113623 0.0558366 0.675603 7
0 0.299901 0.38609 0.0168425 0.0710732 0.739549 11
0 0.49126 0.0511733 0.00908858 0.0388546 0.276282 22
0 0.233669 0.146159 0.0104667 0.044012 0.644865 5
0 0.36705 0.165718 0.0095396 0.0489639 0.738936 20
0 0.443857 0.206693 0.0148615 0.0546045 0.525902 34
0 0.337748 0.141959 0.0119621 0.0451152 0.533155 6
0 0.448314 0.175823 0.0134111 0.0469367 0.628706 8
0 0.334745 0.170166 0.0178369 0.0413649 0.592575 13
