0 0.496648 0.65943 0.0322269 0.0968339 0.882646 4
0 0.116153 0.207541 0.0155123 0.0538686 0.662768 124
0 0.48602 0.183363 0.011206 0.0527941 0.751936 88
0 0.622695 0.142915 0.0106474 0.0484901 0.709059 3
0 0.480695 0.0730299 0.0102726 0.037471 0.564671 126
0 0.526513 0.0587058 0.0105487 0.037567 0.339644 109
0 0.42049 0.0686197 0.00803766 0.0364807 0.637286 136
0 0.501792 0.0805859 0.00869122 0.0371166 0.525586 22
0 0.491501 0.0749631 0.0104129 0.0422163 0.627375 20
0 0.549142 0.0566513 0.0127729 0.0336365 0.366819 137
