0 0.497007 0.646214 0.0309747 0.108392 0.86516 4
0 0.116 0.202739 0.018896 0.0572115 0.63188 124
0 0.486181 0.189071 0.0110408 0.0515895 0.788773 88
0 0.797688 0.095133 0.00961011 0.0416215 0.668075 132
0 0.182857 0.104714 0.0116877 0.049958 0.355077 156
0 0.453184 0.0789905 0.00784308 0.0376053 0.552742 154
0 0.692071 0.114823 0.0115814 0.0447205 0.765288 3
0 0.173087 0.11503 0.0154643 0.0509688 0.540787 111
0 0.439628 0.089047 0.0095568 0.0327308 0.439539 136
0 0.477408 0.0755656 0.0102733 0.0468481 0.602155 22
0 0.432383 0.0577362 0.00796572 0.0388578 0.529088 20
0 0.516254 0.0497033 0.0107703 0.0505973 0.363545 137
0 0.493763 0.0608835 0.00853386 0.0366228 0.57586 150
0 0.553466 0.0417126 0.009084 0.0373493 0.27757 153
