0 0.509832 0.490909 0.0166019 0.075099 0.78325 1
0 0.744113 0.551234 0.0242769 0.0893427 0.85172 2
0 0.49757 0.884264 0.0318463 0.11592 0.84368 4
0 0.734258 0.43411 0.0210718 0.0854204 0.83204 6
0 0.60471 0.374891 0.0127829 0.0757326 0.772679 7
0 0.690842 0.252458 0.0139222 0.0581327 0.761914 8
0 0.824233 0.396333 0.0233121 0.0742317 0.84647 12
0 0.930128 0.286854 0.0217753 0.0673738 0.798559 14
0 0.772778 0.409109 0.0220765 0.0745018 0.850045 20
0 0.629501 0.205197 0.0155483 0.0548528 0.815469 13
0 0.494162 0.0520406 0.00879726 0.0420161 0.464999 16
0 0.60879 0.255102 0.013597 0.0615265 0.817385 10
0 0.550904 0.556459 0.0317264 0.103486 0.384232 21
0 0.553122 0.568638 0.0276778 0.0789992 0.380407 11
