0 0.445624 0.695717 0.0318429 0.0988192 0.864932 4
0 0.0730791 0.247149 0.0168512 0.0590971 0.804593 93
0 0.322237 0.17918 0.0131475 0.0497115 0.688787 20
0 0.569301 0.260865 0.0128014 0.0603278 0.79079 38
0 0.494977 0.0499214 0.00685708 0.0380551 0.484589 102
0 0.456752 0.241355 0.0148016 0.0579433 0.642608 3
0 0.465925 0.263327 0.0113815 0.0511959 0.648499 88
0 0.491172 0.131384 0.00868212 0.0462875 0.659262 22
0 0.586586 0.110286 0.00860201 0.0444797 0.679082 71
0 0.529026 0.138756 0.0113377 0.048192 0.750286 75
0 0.468816 0.105844 0.010303 0.0539516 0.542637 8
0 0.564349 0.0872475 0.00996475 0.0434741 0.616256 109
0 0.163285 0.120209 0.0122887 0.0495635 0.343011 64
0 0.186608 0.107704 0.0121434 0.0512613 0.294147 111
0 0.380325 0.119112 0.00959934 0.0395084 0.504424 110
