0 0.522301 0.691984 0.0244095 0.102864 0.844203 4
0 0.116813 0.206728 0.0149723 0.0535285 0.689438 124
0 0.523221 0.212834 0.0141514 0.0557753 0.745329 88
0 0.715115 0.212653 0.012233 0.0573567 0.752521 132
0 0.564034 0.0725996 0.0100586 0.0275319 0.4402 20
0 0.625795 0.131523 0.0120028 0.0480153 0.433715 3
0 0.548074 0.0726983 0.0105735 0.0215573 0.352616 22
0 0.181794 0.108042 0.011141 0.050292 0.291567 111
0 0.496886 0.0788667 0.00914021 0.0469274 0.301802 136
0 0.513234 0.06845 0.00830393 0.0394219 0.34074 137
0 0.644745 0.0540822 0.0100534 0.0332969 0.420663 56
0 0.483323 0.0959042 0.0105302 0.0503531 0.68948 89
