0 0.496446 0.659513 0.0328515 0.0967741 0.88571 4
0 0.115957 0.207151 0.0162449 0.0539345 0.678091 124
0 0.486817 0.189152 0.0115495 0.0527831 0.755483 88
0 0.621873 0.149857 0.0107551 0.0480692 0.809109 3
0 0.47929 0.0754049 0.0101207 0.0471468 0.603098 126
0 0.489694 0.0737785 0.00870282 0.0440885 0.421404 20
0 0.427829 0.0709976 0.00749 0.0396392 0.474364 136
0 0.185186 0.110688 0.0100338 0.0447537 0.37412 127
0 0.534756 0.0589017 0.0117384 0.0379338 0.445875 109
0 0.684483 0.125074 0.0102805 0.0465166 0.790636 132
