0 0.480745 0.805423 0.0283008 0.11065 0.868141 4
0 0.0434451 0.284083 0.0230052 0.0571955 0.792035 93
0 0.732054 0.190085 0.0114437 0.0515526 0.782985 38
0 0.815363 0.138737 0.0100128 0.0496208 0.643733 71
0 0.543916 0.274923 0.0200956 0.0549829 0.830274 88
0 0.1611 0.125972 0.0144939 0.0582105 0.587399 64
0 0.605542 0.262213 0.0174761 0.05843 0.820687 3
0 0.174308 0.121658 0.0137977 0.0506215 0.335666 115
0 0.530695 0.129821 0.01003 0.0418768 0.629733 41
0 0.495964 0.148339 0.0106977 0.0437717 0.785596 126
0 0.184042 0.108647 0.0118591 0.0535981 0.478463 111
0 0.478238 0.158573 0.0100915 0.0512805 0.748683 8
0 0.377568 0.106674 0.011626 0.0343003 0.774775 110
0 0.620857 0.0993241 0.0114443 0.0424752 0.613853 22
0 0.520563 0.0481378 0.010413 0.0404598 0.474297 102
0 0.558315 0.126703 0.0116332 0.039914 0.436121 109
0 0.546796 0.141701 0.0159388 0.0373007 0.57054 56
