0 0.444127 0.742258 0.0292375 0.112258 0.869717 4
0 0.556037 0.231087 0.0131173 0.0497806 0.766122 11
0 0.0615082 0.230723 0.0190109 0.0513174 0.740049 65
0 0.163121 0.112941 0.0122999 0.0557048 0.647178 64
0 0.656893 0.176028 0.0100677 0.0460881 0.737114 38
0 0.693749 0.0854269 0.00997372 0.0404341 0.712566 8
0 0.513319 0.0788157 0.00936826 0.0359364 0.512535 56
0 0.558981 0.080777 0.00929317 0.0397907 0.507955 63
0 0.50667 0.115679 0.00887356 0.041184 0.674531 73
0 0.589822 0.114389 0.00989997 0.0457571 0.670147 22
0 0.380768 0.0992669 0.00843067 0.0343778 0.75134 71
0 0.630472 0.179716 0.013053 0.0491709 0.513766 3
0 0.291816 0.150265 0.0116865 0.0436126 0.714241 20
0 0.335065 0.0750221 0.00930192 0.0406425 0.723514 70
0 0.547817 0.102436 0.00916424 0.0448023 0.677613 41
