0 0.49523 0.814432 0.029956 0.117108 0.867679 4
0 0.280926 0.384554 0.0170947 0.0770007 0.81076 38
0 0.267694 0.201073 0.0134911 0.0473675 0.717023 20
0 0.481874 0.173327 0.00963659 0.0485987 0.648541 71
0 0.560284 0.191187 0.00991154 0.0577027 0.733036 8
0 0.778484 0.23819 0.016259 0.0595864 0.766816 22
0 0.569048 0.379281 0.0154892 0.0713944 0.800413 88
0 0.60669 0.113997 0.0113818 0.0447278 0.742579 63
0 0.541368 0.313501 0.0200932 0.0657497 0.808506 3
0 0.720232 0.207232 0.013999 0.0535188 0.787825 41
0 0.361951 0.204931 0.0119961 0.0539378 0.809794 70
0 0.162018 0.114311 0.0130748 0.048238 0.288029 64
0 0.521521 0.043841 0.00897369 0.0356216 0.444367 75
0 0.383196 0.125676 0.0090408 0.0417925 0.689982 72
0 0.00669351 0.315804 0.013387 0.0411081 0.418743 93
0 0.480418 0.118354 0.0117037 0.043874 0.677049 89
0 0.502717 0.108908 0.011015 0.0477405 0.671186 56
