0 0.446049 0.696014 0.0314114 0.098723 0.851249 4
0 0.0620646 0.262595 0.0176496 0.058038 0.803545 93
0 0.30666 0.159929 0.0103573 0.0494621 0.81423 20
0 0.485112 0.108368 0.00963926 0.0463556 0.69579 8
0 0.512598 0.257031 0.0129549 0.0643753 0.699287 38
0 0.418005 0.143604 0.010887 0.0456435 0.667136 41
0 0.496626 0.0492139 0.00847184 0.0379871 0.471086 102
0 0.544073 0.0789074 0.00927544 0.0416435 0.677882 109
0 0.557503 0.117445 0.00997359 0.0686516 0.786138 75
0 0.177105 0.117746 0.0140374 0.0571457 0.53581 64
0 0.162944 0.117133 0.0108994 0.0503133 0.424759 111
0 0.359448 0.10967 0.00849975 0.0423693 0.680649 89
0 0.427585 0.0964622 0.0118555 0.0450622 0.635216 56
0 0.487205 0.217312 0.0118935 0.0531448 0.659031 3
0 0.407341 0.0901047 0.00933803 0.0361476 0.645045 110
0 0.498612 0.247377 0.0112171 0.0570316 0.415477 88
