0 0.48883 0.568831 0.0218967 0.0947207 0.84369 4
0 0.115797 0.207162 0.0185432 0.0492017 0.513167 124
0 0.495869 0.183543 0.0134466 0.050499 0.801449 88
0 0.182887 0.0913136 0.0136364 0.0746338 0.362284 156
0 0.173009 0.116274 0.0166769 0.0494834 0.319249 111
0 0.729136 0.0829312 0.00980377 0.0400365 0.543451 132
0 0.492404 0.0876145 0.0111212 0.0371789 0.575753 22
0 0.526276 0.109293 0.00960519 0.042977 0.546927 162
0 0.0222711 0.265548 0.0253338 0.0564298 0.762449 163
0 0.685688 0.107643 0.0103633 0.0457851 0.770875 3
0 0.445235 0.0579505 0.0154098 0.0323804 0.344582 109
0 0.608055 0.0560539 0.00655524 0.0267445 0.421915 136
0 0.555953 0.0526996 0.00927467 0.045649 0.47808 137
0 0.421114 0.0789412 0.011694 0.0369403 0.670506 154
