0 0.497817 0.65968 0.0317523 0.0968752 0.871819 4
0 0.116103 0.207265 0.0155946 0.053889 0.614464 124
0 0.482686 0.174974 0.0102456 0.049654 0.814517 88
0 0.628255 0.14624 0.0106327 0.0492571 0.741865 3
0 0.416434 0.0628437 0.00829649 0.0410567 0.52251 136
0 0.702745 0.0787248 0.0109463 0.0378056 0.454626 132
0 0.615247 0.0610547 0.00947062 0.0374157 0.383979 137
0 0.488239 0.0745134 0.00897764 0.0383345 0.682227 20
0 0.158812 0.120903 0.0127223 0.0543761 0.617036 111
0 0.570251 0.0479959 0.00759888 0.0345664 0.367227 126
0 0.554896 0.0888751 0.0104863 0.0405541 0.61101 22
0 0.522431 0.0651086 0.0119724 0.045499 0.265914 109
