0 0.404402 0.900473 0.0301907 0.116217 0.848595 4
0 0.0257268 0.619993 0.0299942 0.0996301 0.821904 38
0 0.609172 0.232968 0.0131762 0.063182 0.791933 8
0 0.197021 0.392346 0.0292791 0.0732579 0.871175 20
0 0.275247 0.188905 0.0184305 0.0546038 0.785517 70
0 0.443893 0.210261 0.00901279 0.0564744 0.74108 73
0 0.346903 0.256922 0.0155589 0.0616842 0.782613 71
0 0.328506 0.414434 0.0266502 0.074206 0.850333 3
0 0.577587 0.140978 0.0103489 0.0505112 0.655909 63
0 0.49716 0.350971 0.0145709 0.0668064 0.760038 11
0 0.363686 0.155339 0.0146295 0.0439701 0.640961 72
0 0.474494 0.142018 0.0128175 0.0511383 0.646213 56
0 0.525197 0.227302 0.0156387 0.0603678 0.758884 41
