0 0.445654 0.694611 0.0311324 0.0990391 0.87002 4
0 0.0507467 0.270954 0.0184313 0.0615255 0.757501 93
0 0.322337 0.141723 0.0109313 0.0471992 0.684041 20
0 0.50957 0.111067 0.00880108 0.044695 0.685648 8
0 0.395355 0.0910792 0.00843042 0.0429049 0.597131 56
0 0.451754 0.233837 0.0121214 0.0588102 0.788302 38
0 0.477915 0.104091 0.00828746 0.0417119 0.446132 22
0 0.429618 0.0847426 0.00939328 0.0375004 0.441797 110
0 0.51641 0.231785 0.0120786 0.052301 0.691174 88
0 0.582187 0.121884 0.00980625 0.0435318 0.706215 75
0 0.407035 0.128986 0.00769014 0.044214 0.732071 41
0 0.495518 0.0450279 0.00673383 0.0339737 0.450358 102
0 0.344066 0.100615 0.0083202 0.0430766 0.711308 89
0 0.526479 0.0697531 0.0110925 0.0396928 0.350204 109
