0 0.488895 0.794041 0.0332546 0.108665 0.868434 4
0 0.0746579 0.244996 0.0175404 0.0578517 0.790891 93
0 0.605455 0.288179 0.0161268 0.0641141 0.807657 38
0 0.44406 0.25356 0.0143372 0.0583572 0.585247 3
0 0.436064 0.266697 0.0141017 0.0613178 0.642258 88
0 0.152618 0.131959 0.0111628 0.0549177 0.282445 64
0 0.317149 0.119589 0.0102859 0.0425479 0.794349 110
0 0.611839 0.17015 0.0109278 0.0517691 0.762769 22
0 0.42254 0.13373 0.00902475 0.0452673 0.728732 89
0 0.524722 0.189171 0.0105531 0.0379497 0.416865 41
0 0.505627 0.110699 0.01005 0.045624 0.565349 56
0 0.685686 0.0980725 0.0115515 0.0455926 0.53128 109
0 0.491607 0.133165 0.0105696 0.0482082 0.692671 8
0 0.4106 0.242145 0.0127591 0.0543686 0.704523 20
0 0.663219 0.173141 0.0111697 0.0536782 0.712411 71
0 0.469246 0.0482301 0.00847209 0.0376803 0.351336 102
