0 0.447785 0.745469 0.0293596 0.114363 0.849151 4
0 0.279238 0.238436 0.0156334 0.0576806 0.807329 38
0 0.373971 0.288484 0.0132486 0.0619528 0.681846 88
0 0.00811528 0.312966 0.0162306 0.0580326 0.804959 93
0 0.263315 0.186049 0.0103394 0.0530598 0.767629 20
0 0.517775 0.18048 0.011775 0.0512589 0.743787 70
0 0.352245 0.0933131 0.0121417 0.0413129 0.331684 56
0 0.29413 0.129253 0.00940568 0.043283 0.607967 72
0 0.423551 0.143597 0.0112247 0.0487072 0.617097 71
0 0.512873 0.229146 0.0137435 0.0564345 0.58867 3
0 0.163207 0.118708 0.0133382 0.0525895 0.362514 64
0 0.55731 0.0974547 0.00702642 0.044369 0.626962 63
0 0.586871 0.180104 0.012356 0.0543072 0.726506 8
0 0.543948 0.128224 0.00960808 0.0478502 0.738982 41
0 0.302982 0.0932719 0.00985438 0.0382793 0.383446 89
