0 0.488582 0.795246 0.0339007 0.110019 0.871338 4
0 0.061221 0.251626 0.0169423 0.0618074 0.769658 93
0 0.643918 0.267257 0.0117716 0.0587155 0.819202 38
0 0.302529 0.116309 0.00866474 0.043182 0.446506 110
0 0.625412 0.163575 0.00986201 0.0555541 0.278377 22
0 0.524945 0.190199 0.00999613 0.0363653 0.3467 41
0 0.338203 0.212917 0.0139595 0.0540144 0.785492 20
0 0.789275 0.186084 0.0162962 0.0543679 0.727487 71
0 0.45636 0.278782 0.0150108 0.0612412 0.796856 88
0 0.477182 0.173454 0.0104097 0.0528311 0.634358 75
0 0.157456 0.121186 0.0106583 0.0482271 0.44847 64
0 0.467151 0.104291 0.0085899 0.045445 0.606842 56
0 0.421027 0.121144 0.00953474 0.044799 0.722043 89
0 0.185559 0.110622 0.0100845 0.0453711 0.452203 111
0 0.172495 0.120522 0.0150734 0.0498431 0.437111 115
0 0.477318 0.263447 0.0129441 0.0587183 0.780394 3
0 0.697036 0.0937699 0.01 0.0451322 0.721495 109
0 0.491226 0.0498945 0.00857385 0.038475 0.326688 102
