0 0.403879 0.902156 0.0314821 0.115303 0.839991 4
0 0.037593 0.604956 0.024265 0.0882002 0.811885 38
0 0.109154 0.383093 0.0221604 0.0765634 0.829147 20
0 0.182029 0.214154 0.0187155 0.0572169 0.733446 70
0 0.435897 0.193332 0.0124738 0.0655416 0.318493 73
0 0.318064 0.23482 0.0152467 0.0543584 0.745986 71
0 0.339539 0.421176 0.0156825 0.0787392 0.816573 3
0 0.55495 0.147864 0.011753 0.0509292 0.766645 63
0 0.4759 0.391336 0.0148273 0.0733555 0.606375 11
0 0.300848 0.170149 0.0162619 0.046941 0.425944 72
0 0.437043 0.170267 0.0149246 0.0807602 0.361533 56
0 0.488441 0.224686 0.0161631 0.0573873 0.792471 41
0 0.635126 0.228228 0.0112836 0.0560888 0.769043 22
0 0.58464 0.24311 0.0159452 0.0614352 0.817662 8
