0 0.418245 0.652583 0.0307371 0.0974913 0.867256 4
0 0.356145 0.19979 0.0120804 0.0529379 0.745965 11
0 0.075329 0.218532 0.0163004 0.0533444 0.669418 65
0 0.647253 0.06461 0.0106297 0.0424046 0.581058 8
0 0.496841 0.173063 0.0169406 0.0509628 0.800751 3
0 0.162465 0.113998 0.0129079 0.0545185 0.607257 64
0 0.356015 0.0955151 0.00885413 0.0431781 0.769494 41
0 0.628511 0.140734 0.0121501 0.0472753 0.777812 38
0 0.211204 0.116345 0.00762436 0.048134 0.672017 20
0 0.482501 0.076571 0.0111917 0.0342874 0.555984 22
0 0.252325 0.0740866 0.00842358 0.0370405 0.454897 71
0 0.508553 0.0654304 0.00861486 0.038388 0.602694 73
0 0.407667 0.0634982 0.00844657 0.031347 0.497914 72
0 0.552945 0.0685427 0.00997194 0.0450934 0.523989 56
