0 0.379735 0.7484 0.0265944 0.106359 0.854648 4
0 0.600959 0.270788 0.0161237 0.0595048 0.817228 38
0 0.338663 0.272381 0.0159963 0.0597395 0.742943 3
0 0.292626 0.345939 0.0153558 0.0632396 0.777571 11
0 0.218161 0.153854 0.0143554 0.0397621 0.56223 5
0 0.396302 0.207406 0.00978832 0.0581287 0.628069 8
0 0.0628684 0.242052 0.0120556 0.0556869 0.721895 1
0 0.49105 0.0532571 0.00804904 0.0369438 0.26987 22
0 0.531629 0.148331 0.0120215 0.0491059 0.691409 41
0 0.28163 0.1815 0.0164299 0.0509505 0.639675 20
0 0.140267 0.186151 0.0155121 0.0472507 0.532535 55
0 0.365966 0.196627 0.0133244 0.0588264 0.395196 56
0 0.326571 0.137781 0.0107971 0.0457956 0.369024 6
0 0.203862 0.207109 0.0138786 0.0489588 0.598597 13
