0 0.529826 0.654541 0.0308653 0.0995339 0.863807 4
0 0.115049 0.207023 0.0167481 0.0538433 0.623349 124
0 0.460791 0.0846002 0.00877625 0.043424 0.534832 89
0 0.510737 0.201846 0.0123667 0.0530881 0.738606 88
0 0.792115 0.143468 0.0117816 0.0502107 0.77396 132
0 0.494068 0.0738455 0.00688012 0.0298905 0.410676 56
0 0.685076 0.102204 0.00982901 0.0441097 0.670667 3
0 0.415389 0.0740258 0.00917174 0.0382859 0.529712 109
0 0.164768 0.121398 0.0190514 0.0582217 0.374937 127
0 0.483745 0.0839847 0.0100614 0.0471689 0.385749 22
0 0.501416 0.104986 0.0100907 0.0468522 0.290814 136
0 0.433219 0.0765484 0.00724669 0.0380688 0.475487 20
0 0.179713 0.112276 0.016829 0.0496399 0.301435 111
0 0.532615 0.0419608 0.00977513 0.0347313 0.373869 102
0 0.458207 0.0858552 0.0112975 0.0448812 0.302254 137
