0 0.492581 0.793678 0.0259911 0.106251 0.863584 4
0 0.0894464 0.23926 0.0183616 0.0564206 0.70198 93
0 0.606103 0.282334 0.0154991 0.0611306 0.831142 38
0 0.443784 0.253631 0.0148527 0.0570936 0.558834 3
0 0.436594 0.265847 0.0133421 0.0620502 0.604789 88
0 0.145474 0.131667 0.00970589 0.0617783 0.387547 64
0 0.316764 0.119523 0.0112738 0.0427563 0.779921 110
0 0.591869 0.174451 0.00856164 0.0513324 0.633065 22
0 0.420114 0.133428 0.00648063 0.0457247 0.789768 89
0 0.522803 0.182232 0.00984313 0.0435881 0.565518 41
0 0.520946 0.116035 0.0101823 0.04793 0.626451 56
0 0.668846 0.0968199 0.0107217 0.0465373 0.635632 109
0 0.168307 0.121592 0.0114045 0.0505656 0.26658 115
0 0.495933 0.125143 0.00987469 0.0461588 0.667342 8
0 0.404762 0.22779 0.0129772 0.0556307 0.753337 20
0 0.498678 0.180883 0.0114521 0.0549999 0.48193 75
