0 0.493203 0.867213 0.0330723 0.120388 0.817303 4
0 0.0278192 0.296311 0.0219446 0.0624884 0.818995 93
0 0.714535 0.198907 0.0110153 0.0524424 0.694196 38
0 0.81114 0.139994 0.0115945 0.0489116 0.642979 71
0 0.547988 0.279912 0.0150626 0.060225 0.801371 88
0 0.160671 0.12534 0.0150637 0.0596981 0.596767 64
0 0.630401 0.262765 0.014665 0.0606247 0.763834 3
0 0.174207 0.118239 0.0139062 0.0558095 0.283666 115
0 0.521413 0.046802 0.00945711 0.0418306 0.47702 102
0 0.546045 0.153646 0.0285501 0.0521409 0.559457 56
0 0.183895 0.10901 0.0121197 0.0531414 0.406159 111
0 0.429554 0.130494 0.00810989 0.0447694 0.74971 89
0 0.357833 0.170962 0.0104067 0.0458795 0.808593 20
0 0.470107 0.155951 0.00977316 0.0509569 0.751747 8
0 0.644596 0.103633 0.010961 0.0426953 0.68754 22
0 0.503934 0.139358 0.00924724 0.0420355 0.738686 126
0 0.438248 0.0952363 0.00965986 0.0363023 0.322739 110
0 0.183313 0.101474 0.0138933 0.0628828 0.375322 127
