0 0.339838 0.380995 0.0228561 0.0644591 0.849616 1
0 0.496021 0.842633 0.0295223 0.114659 0.841766 4
0 0.560019 0.323049 0.0168944 0.0660714 0.831468 7
0 0.413149 0.250215 0.0200085 0.0530738 0.601244 10
0 0.425563 0.474226 0.0189453 0.0715137 0.602466 11
0 0.857353 0.225338 0.01181 0.0549737 0.707579 8
0 0.154257 0.122457 0.0157209 0.0494741 0.502404 31
0 0.407925 0.47489 0.015347 0.0790052 0.787231 3
0 0.660863 0.293992 0.0143675 0.0633837 0.724505 20
0 0.740117 0.280266 0.0191462 0.0598592 0.580623 34
0 0.95369 0.328286 0.0219411 0.0706759 0.776077 41
0 0.64227 0.316979 0.0210327 0.0608124 0.811596 38
0 0.686104 0.197318 0.0138693 0.0557503 0.611975 6
0 0.233522 0.232004 0.0121211 0.053535 0.784305 5
0 0.136489 0.125127 0.0203676 0.0776436 0.695608 23
