0 0.527994 0.653472 0.0307737 0.0969703 0.853269 4
0 0.610414 0.210055 0.0152248 0.0543654 0.780164 88
0 0.701433 0.12541 0.0110063 0.0459851 0.329381 3
0 0.563928 0.152042 0.013701 0.0511344 0.747877 41
0 0.518434 0.082048 0.0109919 0.0408846 0.571832 109
0 0.457109 0.09792 0.00881742 0.0423117 0.704007 89
0 0.0807863 0.244588 0.0211197 0.0593323 0.801467 124
0 0.693768 0.142261 0.0119229 0.0519426 0.599382 8
0 0.407623 0.0989371 0.0083312 0.0394658 0.692903 20
0 0.611837 0.109409 0.0115653 0.0392938 0.667187 126
0 0.177691 0.113174 0.0137811 0.0532048 0.414849 111
0 0.842728 0.156223 0.0124476 0.0486476 0.714166 132
0 0.621431 0.087516 0.0107358 0.0469301 0.410647 56
0 0.48834 0.0861035 0.0078927 0.0392616 0.67087 110
0 0.662654 0.0986731 0.0114984 0.042251 0.437726 22
0 0.533304 0.0425511 0.00865018 0.0349812 0.271438 102
