0 0.497666 0.659355 0.0314184 0.0972335 0.867129 4
0 0.115971 0.207051 0.0157525 0.0541796 0.623083 124
0 0.482196 0.17467 0.00968911 0.0496526 0.83111 88
0 0.629417 0.146162 0.0106073 0.0489995 0.785404 3
0 0.416345 0.0619132 0.00898469 0.0423405 0.603309 136
0 0.689617 0.0748026 0.0130934 0.0299819 0.560632 132
0 0.481683 0.0702627 0.00793638 0.0374202 0.727601 20
0 0.159708 0.120781 0.0138709 0.0552027 0.582246 111
0 0.562195 0.0549694 0.00791435 0.0317411 0.330225 126
0 0.5671 0.0916637 0.00799688 0.0384539 0.687773 22
0 0.498367 0.0646098 0.00793047 0.034313 0.645454 109
0 0.630708 0.0623293 0.00911865 0.0359422 0.583021 137
