0 0.504145 0.495708 0.0253398 0.0823839 0.736164 1
0 0.792292 0.483061 0.0196816 0.0885491 0.837771 2
0 0.54053 0.861144 0.0272329 0.0973919 0.771216 4
0 0.863501 0.318198 0.0208264 0.0672073 0.671803 6
0 0.62747 0.359574 0.0142589 0.0713029 0.779207 7
0 0.589864 0.29352 0.0172424 0.0556576 0.760018 10
0 0.557142 0.546032 0.0283037 0.0846293 0.862514 11
0 0.377327 0.247129 0.014893 0.050519 0.789095 5
0 0.930308 0.296047 0.0204901 0.0582782 0.666466 8
0 0.152664 0.127729 0.016292 0.0531291 0.526971 31
0 0.523702 0.536141 0.0244737 0.0841774 0.834836 3
0 0.862777 0.428952 0.0235045 0.0790836 0.77913 20
0 0.952767 0.379596 0.021179 0.0732985 0.759826 34
0 0.742811 0.226129 0.0125544 0.0553133 0.716559 13
