0 0.379781 0.747305 0.0269779 0.103819 0.854878 4
0 0.576262 0.280648 0.0130884 0.0627531 0.668616 38
0 0.353079 0.276938 0.014846 0.062275 0.776625 3
0 0.127174 0.1591 0.0148984 0.0572918 0.394853 39
0 0.395564 0.212241 0.0137756 0.0585364 0.608581 7
0 0.301263 0.362646 0.0155434 0.0693555 0.776498 11
0 0.236033 0.143618 0.011301 0.0444407 0.462816 5
0 0.348796 0.162288 0.0171536 0.0457089 0.560889 20
0 0.328856 0.138203 0.0102269 0.046397 0.588683 6
0 0.412229 0.182179 0.0118601 0.0495197 0.722304 8
0 0.284333 0.180547 0.0146534 0.0480672 0.691792 13
0 0.0522438 0.236488 0.0153806 0.0631351 0.533256 1
0 0.0768675 0.21928 0.0169314 0.0488931 0.525951 55
