0 0.457171 0.759654 0.0276542 0.105694 0.862558 4
0 0.100642 0.23214 0.0148607 0.0616404 0.680248 93
0 0.379619 0.204887 0.011697 0.0516345 0.731061 20
0 0.587049 0.269254 0.0146765 0.0614711 0.79171 38
0 0.442465 0.254558 0.0146453 0.0582423 0.653867 3
0 0.434134 0.265565 0.0154855 0.0642047 0.70787 88
0 0.143992 0.132201 0.0129933 0.0644221 0.517887 64
0 0.330697 0.117745 0.00682828 0.0419974 0.774871 110
0 0.624454 0.106988 0.0117201 0.0617624 0.348491 109
0 0.491011 0.112834 0.0134455 0.0454501 0.625419 8
0 0.496588 0.173408 0.0151759 0.0595557 0.71289 75
0 0.502111 0.109458 0.010771 0.0431637 0.429686 56
0 0.171482 0.117169 0.0143154 0.058374 0.487068 111
