0 0.421492 0.635159 0.0312125 0.0974144 0.872753 4
0 0.432649 0.209793 0.0131559 0.0556217 0.807583 11
0 0.549994 0.182154 0.0137105 0.0537158 0.773351 38
0 0.0621428 0.239636 0.0215414 0.0591529 0.79156 65
0 0.506145 0.196038 0.0143312 0.0557358 0.800876 3
0 0.158169 0.117728 0.0137989 0.0496594 0.661746 64
0 0.552731 0.0707708 0.00800991 0.0391207 0.356905 63
0 0.588326 0.0774225 0.00984427 0.0423191 0.738272 8
0 0.493609 0.0834852 0.0109227 0.0558503 0.723167 1
0 0.54317 0.0574872 0.00744425 0.0380597 0.590987 41
0 0.50745 0.0679187 0.00968428 0.0538947 0.745275 56
