0 0.379735 0.747585 0.0271951 0.105085 0.859045 4
0 0.584917 0.277345 0.0159884 0.0603011 0.797017 38
0 0.346506 0.273331 0.0137826 0.0610305 0.72907 3
0 0.12411 0.153721 0.017435 0.068412 0.405107 39
0 0.302844 0.351773 0.0164328 0.0677029 0.803017 11
0 0.233074 0.147074 0.0121593 0.0412246 0.534614 5
0 0.393364 0.200826 0.0121133 0.0698356 0.712912 8
0 0.254491 0.19154 0.0166764 0.0531753 0.429287 13
0 0.0584823 0.240335 0.0183851 0.0513851 0.5583 1
0 0.490821 0.0526298 0.00878328 0.0371514 0.358838 22
0 0.544282 0.150751 0.00993086 0.0487392 0.76555 41
0 0.380759 0.220312 0.0144794 0.0563032 0.728918 7
0 0.327264 0.167121 0.0161437 0.0415682 0.313216 20
