0 0.529929 0.65541 0.0230056 0.097051 0.855094 4
0 0.11697 0.206838 0.0157061 0.0538576 0.667483 124
0 0.74801 0.122858 0.0163631 0.0460888 0.771719 8
0 0.692416 0.106149 0.00914993 0.045536 0.668612 3
0 0.462488 0.0828489 0.00971365 0.039126 0.667015 89
0 0.409874 0.0757131 0.00836945 0.0395939 0.691658 109
0 0.796988 0.142889 0.0123016 0.0486473 0.778507 132
0 0.484866 0.196454 0.0103861 0.0525943 0.755758 88
0 0.480245 0.10025 0.0091973 0.0391157 0.665014 126
0 0.543309 0.0851765 0.00838089 0.0390596 0.566357 22
0 0.532461 0.0891355 0.0090004 0.040947 0.513909 131
