0 0.527943 0.67416 0.0266767 0.0977218 0.834928 4
0 0.643991 0.219324 0.0146124 0.0546149 0.802261 88
0 0.70844 0.152104 0.0106321 0.0491667 0.716481 3
0 0.597859 0.158711 0.0168161 0.0496758 0.795372 41
0 0.55475 0.0882012 0.0152189 0.0411983 0.667276 109
0 0.468539 0.108085 0.00900548 0.0423688 0.703862 89
0 0.068474 0.260725 0.0194996 0.0592526 0.819421 124
0 0.1729 0.120314 0.0122921 0.0484023 0.268073 115
0 0.506631 0.0921179 0.00851145 0.0379434 0.677403 110
0 0.179798 0.110278 0.0109162 0.0477268 0.292072 111
0 0.659585 0.149007 0.0118466 0.0495007 0.719561 8
0 0.417994 0.125039 0.00806758 0.0415437 0.772873 20
0 0.671554 0.0993501 0.0119083 0.0453028 0.528013 56
0 0.693947 0.0987196 0.0072813 0.0384551 0.447513 22
0 0.646674 0.115124 0.0114457 0.0415143 0.551684 126
