0 0.489509 0.796666 0.0349376 0.108775 0.869507 4
0 0.0614327 0.252339 0.0172373 0.059555 0.780094 93
0 0.618591 0.270334 0.018139 0.0610035 0.772677 38
0 0.31575 0.119773 0.00847467 0.041522 0.682666 110
0 0.623295 0.177262 0.0103055 0.0307101 0.380076 22
0 0.524708 0.190879 0.0107345 0.0337831 0.51119 41
0 0.484877 0.133848 0.00918999 0.0489094 0.669858 8
0 0.371155 0.225008 0.0123429 0.0557785 0.782961 20
0 0.753218 0.188848 0.0118947 0.0535416 0.673811 71
0 0.427772 0.126629 0.00909367 0.044439 0.598909 89
0 0.437244 0.268609 0.0162678 0.0639754 0.617882 88
0 0.472984 0.173319 0.0141263 0.0527978 0.55743 75
0 0.157938 0.12331 0.0107942 0.0442249 0.460264 64
0 0.452976 0.102165 0.00867287 0.0442805 0.480066 56
0 0.459787 0.0451121 0.00978718 0.0351064 0.35876 102
0 0.704647 0.100147 0.0096934 0.0457537 0.629 109
0 0.169959 0.121419 0.0135631 0.0474562 0.412506 115
0 0.443028 0.257127 0.0170431 0.0632229 0.518241 3
