0 0.379223 0.74534 0.0266487 0.10502 0.855763 4
0 0.395166 0.169186 0.0121781 0.0468607 0.753952 20
0 0.588189 0.164845 0.0138742 0.051199 0.763322 41
0 0.539661 0.30207 0.012807 0.0648688 0.774383 38
0 0.356554 0.307946 0.0139922 0.0669873 0.791552 3
0 0.158195 0.121435 0.0138919 0.047163 0.511805 31
0 0.479159 0.168407 0.0134854 0.0459334 0.742275 8
0 0.12558 0.150811 0.0160768 0.0526818 0.583524 39
0 0.499967 0.201584 0.0138491 0.0532793 0.491864 34
0 0.364141 0.144183 0.0129071 0.038525 0.391089 6
0 0.381953 0.213451 0.0102058 0.05371 0.762381 7
0 0.302158 0.397756 0.0145654 0.050432 0.705012 11
0 0.491826 0.0522184 0.0094141 0.0392826 0.36213 22
0 0.226922 0.15338 0.0122605 0.0463203 0.640094 5
