0 0.075759 0.302763 0.0193708 0.0622175 0.734928 1
0 0.398808 0.767649 0.0249702 0.108994 0.827654 4
0 0.385453 0.246932 0.0122419 0.0636281 0.725378 7
0 0.29553 0.401314 0.0159356 0.0716836 0.757784 11
0 0.438919 0.20601 0.0133377 0.0554264 0.766596 20
0 0.570644 0.216983 0.0108187 0.0544275 0.711591 34
0 0.727933 0.200475 0.0137443 0.0546927 0.725957 41
0 0.467655 0.320135 0.0161449 0.0650158 0.786273 38
0 0.367492 0.373679 0.0168127 0.072661 0.816839 3
0 0.484669 0.0593874 0.00887585 0.0399042 0.274542 22
0 0.59653 0.194493 0.0148769 0.0509538 0.657962 8
0 0.200906 0.17917 0.0138031 0.0450549 0.6796 5
0 0.412872 0.19575 0.0110229 0.0558906 0.707781 13
0 0.473047 0.157423 0.0159052 0.0502437 0.747339 6
0 0.842833 0.145146 0.0125079 0.0450734 0.327351 52
