0 0.529244 0.653382 0.0307721 0.098162 0.859468 4
0 0.115428 0.207029 0.0168412 0.0540183 0.639194 124
0 0.460873 0.0840235 0.0089482 0.0418234 0.451784 89
0 0.511974 0.200287 0.0128043 0.0541205 0.766816 88
0 0.791499 0.141662 0.011275 0.050244 0.653256 132
0 0.685846 0.101896 0.0088068 0.044144 0.693977 3
0 0.415261 0.0740714 0.00963799 0.0385116 0.522667 109
0 0.164346 0.120314 0.0197478 0.0599873 0.405437 127
0 0.488716 0.104475 0.0127821 0.0457425 0.350221 136
0 0.434068 0.0764777 0.00665388 0.0374972 0.414444 20
0 0.180146 0.111788 0.0165072 0.048923 0.310771 111
0 0.532788 0.0414323 0.0103069 0.0350459 0.326894 102
