0 0.531722 0.653323 0.0300018 0.099937 0.863154 4
0 0.116687 0.205306 0.0146845 0.0529773 0.670427 124
0 0.460358 0.0820318 0.0101257 0.0406681 0.608763 89
0 0.490523 0.199723 0.00985661 0.0525487 0.789051 88
0 0.795943 0.143831 0.0120062 0.051106 0.778188 132
0 0.493904 0.0761714 0.00947895 0.040815 0.592861 56
0 0.615262 0.110106 0.0109765 0.0471033 0.743444 136
0 0.686116 0.0999431 0.00959651 0.0468874 0.51548 3
0 0.418391 0.0754813 0.00765479 0.037787 0.391398 109
0 0.533218 0.0407665 0.00955582 0.0344552 0.301559 102
0 0.433721 0.0718136 0.00846748 0.0420152 0.42232 126
0 0.166444 0.118733 0.0173592 0.0594142 0.299734 127
