0 0.488871 0.515901 0.0209939 0.0850089 0.787792 1
0 0.825062 0.560141 0.0199183 0.0907277 0.725785 2
0 0.519202 0.884162 0.0219485 0.110494 0.773241 4
0 0.755912 0.394373 0.0312123 0.0743281 0.858929 6
0 0.64881 0.376022 0.0135863 0.0759418 0.765034 7
0 0.679938 0.220025 0.0139376 0.0588983 0.685423 13
0 0.677093 0.278044 0.0116059 0.0543027 0.492842 10
0 0.558118 0.573797 0.012862 0.0726662 0.713507 11
0 0.550718 0.546058 0.0266142 0.069812 0.770103 3
0 0.389928 0.247978 0.0105549 0.0579199 0.695972 5
0 0.812823 0.269976 0.0179801 0.0586694 0.776443 8
0 0.936454 0.495986 0.0214183 0.0857758 0.49871 9
0 0.151949 0.128378 0.0158518 0.0521472 0.715967 23
0 0.921459 0.503737 0.0248816 0.0879601 0.611506 20
