0 0.453942 0.754116 0.0287272 0.10677 0.847373 4
0 0.0989159 0.232548 0.0162974 0.0617019 0.760039 93
0 0.37418 0.203094 0.0143928 0.0521717 0.667824 20
0 0.582918 0.26871 0.0169526 0.0610664 0.817041 38
0 0.490972 0.0507447 0.00940043 0.0382534 0.258724 102
0 0.491493 0.179883 0.00954978 0.0482466 0.567585 41
0 0.397257 0.126413 0.00903578 0.0434912 0.636765 89
0 0.443043 0.254566 0.013964 0.0593433 0.641953 3
0 0.622569 0.135719 0.0105077 0.0453586 0.54614 71
0 0.43422 0.264751 0.0146915 0.0655921 0.729298 88
0 0.1449 0.131298 0.0118617 0.0626045 0.559781 64
0 0.334122 0.117476 0.00952555 0.043034 0.66679 110
0 0.545115 0.151433 0.0105325 0.0470635 0.736038 22
0 0.618898 0.0954688 0.0104057 0.0422418 0.60003 109
0 0.486594 0.112531 0.0083149 0.0449843 0.669664 8
