0 0.428245 0.686903 0.0332638 0.109389 0.851469 4
0 0.424168 0.226645 0.0134034 0.058186 0.541219 11
0 0.505637 0.0715599 0.00908318 0.0430826 0.670252 20
0 0.641496 0.185711 0.010181 0.0537689 0.78185 38
0 0.502802 0.112685 0.0121314 0.047664 0.637522 8
0 0.0161473 0.28972 0.0196541 0.0633283 0.827007 65
0 0.520108 0.208805 0.0124711 0.0582632 0.789467 3
0 0.44716 0.054938 0.00989132 0.0447706 0.255211 22
0 0.618889 0.0890725 0.00837714 0.0407943 0.442162 63
0 0.610919 0.0658926 0.010273 0.0386993 0.472373 41
0 0.458314 0.088748 0.00808617 0.0400838 0.689718 5
0 0.41673 0.106579 0.00892776 0.0462866 0.706507 1
0 0.391748 0.0921727 0.0102645 0.0383694 0.645795 13
