0 0.432774 0.794777 0.0317485 0.115042 0.872549 4
0 0.174704 0.497851 0.0270728 0.0834756 0.861884 38
0 0.160112 0.244867 0.0122627 0.0589116 0.747097 20
0 0.116971 0.191969 0.0155718 0.0544885 0.71848 70
0 0.286806 0.207401 0.0160953 0.0541282 0.793366 71
0 0.537141 0.211577 0.0121834 0.0596239 0.774114 8
0 0.385697 0.127116 0.0100597 0.0457788 0.724377 56
0 0.801214 0.213589 0.0154793 0.0560581 0.787907 22
0 0.509614 0.0428506 0.00974623 0.0411491 0.300322 75
0 0.480032 0.191857 0.0156634 0.0494802 0.485115 41
0 0.388686 0.375516 0.0218793 0.0671215 0.811725 88
0 0.565164 0.130039 0.0152402 0.0410784 0.583248 63
0 0.417512 0.329509 0.0163783 0.0657021 0.796324 3
0 0.361954 0.132966 0.00887299 0.0457579 0.808105 89
0 0.26721 0.153318 0.01434 0.046779 0.754082 72
