0 0.501254 0.686966 0.0247569 0.0980485 0.838093 4
0 0.714806 0.225943 0.0125045 0.0562886 0.806638 38
0 0.520473 0.262871 0.0173028 0.0627524 0.808419 3
0 0.425182 0.319345 0.0136812 0.0655431 0.61458 11
0 0.591653 0.121788 0.0137671 0.0433928 0.757233 56
0 0.422606 0.196023 0.015174 0.0623882 0.424464 13
0 0.647207 0.125142 0.015996 0.0442044 0.565042 7
0 0.665574 0.152762 0.0190656 0.0481202 0.752643 41
0 0.442021 0.115715 0.0096824 0.0470943 0.622932 55
0 0.423154 0.170434 0.0129251 0.0787072 0.44582 20
0 0.515127 0.107048 0.0109616 0.0460122 0.648081 6
0 0.509638 0.186997 0.00969731 0.0572099 0.699799 8
0 0.217213 0.13844 0.00946738 0.0473037 0.564728 1
