0 0.50031 0.507242 0.0170486 0.0770565 0.772947 1
0 0.762987 0.555269 0.0264523 0.0846866 0.819779 2
0 0.497722 0.883121 0.0317381 0.116421 0.818411 4
0 0.742871 0.438564 0.0184226 0.0798129 0.819844 6
0 0.605951 0.372488 0.0118884 0.0764146 0.782209 7
0 0.715753 0.256319 0.0131604 0.0580035 0.713698 8
0 0.853266 0.412813 0.0231535 0.0748411 0.784906 12
0 0.967805 0.318779 0.0225981 0.0646157 0.634908 14
0 0.804134 0.429639 0.0253833 0.0758234 0.844997 20
0 0.642234 0.213227 0.0117732 0.0567872 0.678867 13
0 0.629094 0.261228 0.0151974 0.0619633 0.748586 10
0 0.555485 0.571852 0.0276923 0.0720947 0.766231 11
0 0.546734 0.541599 0.0255864 0.0642089 0.620391 3
0 0.375833 0.237938 0.0127726 0.0530459 0.606583 5
