0 0.431925 0.711955 0.0273747 0.102913 0.879132 4
0 0.358167 0.195477 0.0152685 0.0536339 0.787318 38
0 0.457664 0.251906 0.0151355 0.0585532 0.772783 88
0 0.0405365 0.273859 0.0220584 0.0633817 0.766425 93
0 0.39135 0.116086 0.010917 0.0442203 0.521575 71
0 0.244187 0.155886 0.0136069 0.0477625 0.736873 20
0 0.458654 0.0798825 0.0086675 0.0386251 0.450522 63
0 0.511213 0.188121 0.010425 0.0520347 0.678687 3
0 0.488653 0.0843012 0.0116232 0.0476701 0.570672 72
0 0.480752 0.132108 0.0122737 0.0467512 0.747207 8
0 0.364244 0.0918903 0.00842002 0.0413236 0.557527 56
0 0.631888 0.0764327 0.00744343 0.0413827 0.530754 41
