0 0.379612 0.745493 0.0272374 0.10484 0.850415 4
0 0.388838 0.167405 0.00950556 0.0464189 0.676767 20
0 0.580448 0.163515 0.0144063 0.0512118 0.792621 41
0 0.543561 0.29783 0.00843118 0.0649408 0.766355 38
0 0.357304 0.301486 0.0144501 0.0649145 0.824646 3
0 0.15831 0.120858 0.0138867 0.0481067 0.355346 31
0 0.472467 0.168817 0.00910578 0.0497042 0.505984 8
0 0.125408 0.15059 0.0153403 0.0533316 0.449316 39
0 0.488034 0.20203 0.0118321 0.0496733 0.728363 34
0 0.353778 0.144948 0.00953735 0.0429585 0.565234 6
0 0.383883 0.211873 0.0108922 0.0577474 0.689238 7
0 0.301882 0.397258 0.0150019 0.0500199 0.676453 11
0 0.491804 0.0522211 0.00905641 0.0395505 0.261971 22
0 0.229003 0.152648 0.0110911 0.0460218 0.628917 5
0 0.345113 0.172795 0.0114719 0.051132 0.701115 13
