0 0.379603 0.74586 0.0272617 0.106136 0.851211 4
0 0.570434 0.161935 0.0125132 0.0530322 0.78031 41
0 0.551049 0.293274 0.0121611 0.0602298 0.458039 38
0 0.359815 0.293941 0.0157132 0.0640486 0.807788 3
0 0.158074 0.122206 0.0141017 0.0445093 0.388684 31
0 0.126105 0.152678 0.013724 0.0516693 0.527245 39
0 0.466852 0.189658 0.0203924 0.0791861 0.446699 34
0 0.385516 0.209342 0.0114264 0.0616154 0.563612 7
0 0.301556 0.393993 0.0162353 0.0562418 0.72289 11
0 0.491607 0.0513677 0.00903317 0.0375256 0.331145 22
0 0.231326 0.149844 0.0100156 0.0468524 0.699931 5
0 0.343183 0.157864 0.0102189 0.0703402 0.774012 6
