0 0.531364 0.652847 0.0304709 0.0987757 0.868437 4
0 0.116237 0.205987 0.0145581 0.0512601 0.575729 124
0 0.460546 0.0825936 0.00904773 0.0405972 0.547007 89
0 0.496742 0.203333 0.0124091 0.053356 0.799138 88
0 0.796105 0.143796 0.0121422 0.0508095 0.775953 132
0 0.493538 0.0773663 0.00881077 0.0410527 0.517368 56
0 0.585575 0.107366 0.0113773 0.0472983 0.713101 136
0 0.685645 0.100223 0.00923595 0.0465612 0.580348 3
0 0.423149 0.0762787 0.0110826 0.0421181 0.511665 109
0 0.440729 0.0695502 0.00924527 0.03856 0.575441 126
0 0.165353 0.119656 0.0181931 0.0587217 0.27844 127
0 0.396752 0.0771074 0.00782693 0.0414539 0.398007 20
0 0.477328 0.0783226 0.00972131 0.0435734 0.435338 137
0 0.458302 0.0835524 0.0107404 0.0421426 0.42487 22
