0 0.529788 0.497376 0.0164222 0.0815887 0.744768 1
0 0.793937 0.528475 0.0251185 0.085386 0.838166 2
0 0.531759 0.894234 0.024432 0.118006 0.826161 4
0 0.878182 0.345404 0.0247662 0.0734301 0.761679 6
0 0.637076 0.366127 0.0155111 0.0719839 0.779515 7
0 0.58436 0.305279 0.0139659 0.0634251 0.765932 10
0 0.595948 0.552624 0.0222791 0.083066 0.806757 11
0 0.389513 0.248927 0.0102925 0.0561771 0.733633 5
0 0.967048 0.305176 0.0178233 0.0622962 0.528277 8
0 0.145129 0.133007 0.0124057 0.0463658 0.367593 23
0 0.699603 0.226031 0.0178516 0.052589 0.753333 13
0 0.154515 0.123846 0.0133711 0.047537 0.435236 31
0 0.337093 0.0440922 0.00895084 0.0306306 0.270831 22
0 0.582466 0.527895 0.0150403 0.0848143 0.755743 3
0 0.975262 0.475285 0.0254417 0.0813351 0.582072 20
0 0.995913 0.440819 0.00729682 0.0678594 0.320434 34
