0 0.475807 0.829209 0.0314896 0.111221 0.853092 4
0 0.290955 0.330399 0.0163185 0.0688735 0.803743 38
0 0.563023 0.185582 0.0115164 0.0538506 0.754195 8
0 0.742415 0.20921 0.0146484 0.0559573 0.779442 22
0 0.52982 0.345532 0.0199302 0.0650909 0.828656 88
0 0.628413 0.124887 0.00958532 0.0460395 0.693496 63
0 0.589863 0.298116 0.020009 0.0667862 0.78266 3
0 0.688977 0.193883 0.0180079 0.0522851 0.799211 41
0 0.431632 0.242642 0.0143314 0.0607424 0.761784 70
0 0.518806 0.0443368 0.00850407 0.0370672 0.491346 75
0 0.386837 0.126719 0.0104654 0.0388575 0.728444 72
0 0.0279881 0.288846 0.0239901 0.062358 0.7699 93
0 0.5342 0.128292 0.0101025 0.0457078 0.784635 56
0 0.520895 0.140753 0.00899324 0.0447754 0.72695 89
0 0.501317 0.203594 0.0169718 0.0495413 0.666869 71
0 0.159674 0.116547 0.0189649 0.0508196 0.517133 94
