0 0.0448374 0.249059 0.0158257 0.0565781 0.678871 1
0 0.377681 0.744794 0.0281655 0.104435 0.857437 4
0 0.30086 0.397768 0.0154247 0.0483459 0.406382 11
0 0.412409 0.18102 0.0115631 0.0525899 0.598285 20
0 0.640696 0.172704 0.0141005 0.0526873 0.754462 41
0 0.511721 0.315421 0.0149596 0.0644066 0.757001 38
0 0.355501 0.333346 0.0161817 0.0698629 0.80586 3
0 0.21628 0.162715 0.0096217 0.0457421 0.773489 5
0 0.157401 0.120888 0.0141778 0.0504365 0.424074 31
0 0.492528 0.174254 0.0162718 0.0451715 0.755367 8
0 0.38786 0.172483 0.0103065 0.0468481 0.72827 13
0 0.130812 0.141803 0.0144483 0.0626931 0.557766 39
0 0.402769 0.141267 0.00980724 0.0434853 0.64978 6
0 0.545962 0.200267 0.0129335 0.0513973 0.642623 34
0 0.373947 0.220372 0.0121853 0.0548287 0.315351 7
