0 0.401806 0.885015 0.0290849 0.12013 0.81419 4
0 0.16455 0.113794 0.0167348 0.0538283 0.503352 64
0 0.391415 0.435705 0.0262577 0.0723406 0.556683 38
0 0.662483 0.173747 0.011311 0.053269 0.749266 8
0 0.501799 0.116342 0.0103639 0.0465112 0.571084 56
0 0.578001 0.191301 0.0114636 0.0530278 0.704665 22
0 0.296717 0.28515 0.0175333 0.0647167 0.764768 20
0 0.334818 0.135322 0.0106067 0.0489511 0.71808 70
0 0.472914 0.19251 0.0121924 0.0552892 0.717796 73
0 0.354809 0.20738 0.0191443 0.0546916 0.791201 71
0 0.38959 0.390275 0.0205876 0.0522321 0.70936 3
0 0.593817 0.11909 0.00998154 0.0490773 0.778614 63
0 0.540528 0.183086 0.00998027 0.0521708 0.703142 41
0 0.508851 0.334401 0.0236429 0.0393752 0.751049 11
0 0.394572 0.131998 0.013064 0.0438522 0.467542 72
