0 0.500961 0.65642 0.0274516 0.0959561 0.844961 4
0 0.119096 0.198208 0.0127688 0.051395 0.763228 124
0 0.489187 0.185424 0.0102591 0.0512721 0.762155 88
0 0.158914 0.118865 0.0134872 0.0576335 0.559834 111
0 0.457199 0.0669701 0.00718667 0.0376804 0.510393 20
0 0.691293 0.0947186 0.00996418 0.0434734 0.648317 132
0 0.518379 0.057648 0.00913811 0.0454345 0.444339 109
0 0.615154 0.150733 0.0104684 0.0499476 0.654964 3
0 0.563413 0.0764996 0.00828304 0.04404 0.498403 126
0 0.603039 0.0564193 0.00970325 0.0365818 0.336247 137
0 0.543613 0.0901554 0.00786406 0.0385531 0.694774 22
0 0.428361 0.0656741 0.0082516 0.0406271 0.698314 136
0 0.171662 0.115342 0.0133272 0.051386 0.452372 127
