0 0.488873 0.51569 0.0210942 0.0853362 0.789475 1
0 0.824671 0.560684 0.0191947 0.0915126 0.743155 2
0 0.517325 0.884905 0.0244972 0.11002 0.823951 4
0 0.754705 0.396699 0.0307138 0.0746461 0.862328 6
0 0.648812 0.375736 0.0135509 0.076616 0.759991 7
0 0.926391 0.497966 0.0368498 0.0937565 0.643841 12
0 0.680673 0.219593 0.0147917 0.0586923 0.697342 13
0 0.676954 0.278113 0.0120002 0.0553903 0.579288 10
0 0.558255 0.573653 0.0128295 0.0725057 0.70608 11
0 0.550404 0.546291 0.0271358 0.069666 0.764424 3
0 0.389869 0.247816 0.010332 0.0572314 0.709899 5
0 0.810529 0.268762 0.0166881 0.0562338 0.744283 8
0 0.93513 0.496065 0.0201336 0.0913856 0.294884 9
0 0.149784 0.127939 0.0144183 0.048796 0.582718 23
0 0.920072 0.499811 0.0252776 0.0907458 0.462533 20
0 0.247853 0.04728 0.0121596 0.0383197 0.341715 22
