0 0.506884 0.853003 0.071499 0.114036 0.888581 4
0 0.721703 0.249403 0.0206995 0.055623 0.791261 88
0 0.159747 0.118357 0.0165941 0.0615494 0.523614 64
0 0.758592 0.236781 0.0156533 0.0594569 0.795647 3
0 0.658045 0.181951 0.0109573 0.0537018 0.793061 41
0 0.534893 0.170957 0.0130727 0.0520171 0.754005 8
0 0.649726 0.102973 0.0131972 0.0407078 0.279681 109
0 0.184568 0.0949998 0.0143425 0.0747586 0.544045 127
0 0.545941 0.0901038 0.0076149 0.0365748 0.581668 110
0 0.412828 0.233746 0.011832 0.0579175 0.761264 20
0 0.173326 0.113649 0.0157127 0.0568592 0.347896 115
0 0.791849 0.15948 0.0128588 0.0515388 0.631611 38
0 0.495513 0.124804 0.00840356 0.0425002 0.783895 89
0 0.533783 0.0460973 0.00951134 0.038648 0.460559 102
0 0.713393 0.169008 0.011408 0.0504577 0.739275 126
0 0.798604 0.116004 0.0146394 0.0389944 0.32064 56
0 0.779131 0.108168 0.00962334 0.037696 0.482297 22
0 0.00505303 0.328133 0.0100057 0.0538773 0.706159 124
