0 0.51169 0.818339 0.0275386 0.111187 0.842602 4
0 0.827798 0.176844 0.0151103 0.0489356 0.639251 38
0 0.840243 0.157973 0.0135562 0.0440969 0.502438 71
0 0.701332 0.283179 0.0176158 0.0611885 0.808766 88
0 0.159492 0.119873 0.0166745 0.0637949 0.497194 64
0 0.741178 0.263408 0.0166994 0.0621858 0.797803 3
0 0.52072 0.0453882 0.0104027 0.0398439 0.380767 102
0 0.391196 0.222748 0.0128073 0.0526063 0.78548 20
0 0.568356 0.168398 0.0122444 0.0452587 0.749164 126
0 0.548775 0.190484 0.0149438 0.0516894 0.754845 41
0 0.492778 0.174604 0.0109238 0.0547252 0.761461 8
0 0.704278 0.161933 0.0149217 0.0485794 0.712765 56
0 0.638791 0.147512 0.0117738 0.0508667 0.728466 109
0 0.714171 0.103935 0.0113301 0.0446479 0.521982 22
0 0.510115 0.100972 0.00958916 0.0406431 0.266515 110
0 0.17403 0.11622 0.0145274 0.0533912 0.257591 115
0 0.477165 0.136116 0.00893415 0.0467571 0.373735 89
0 0.183911 0.104263 0.0123764 0.0556234 0.448707 111
