0 0.426026 0.649962 0.0323124 0.0998363 0.85207 4
0 0.428996 0.217676 0.012364 0.0578957 0.767099 11
0 0.625197 0.17505 0.0105591 0.0525285 0.615306 38
0 0.525454 0.10344 0.0128708 0.0514059 0.354344 8
0 0.0249744 0.275515 0.0217763 0.0628878 0.812816 65
0 0.508326 0.199837 0.0110713 0.056816 0.751368 3
0 0.437787 0.111495 0.0127733 0.0430924 0.657784 1
0 0.354461 0.0731507 0.0108524 0.0398502 0.590629 13
0 0.499061 0.0654137 0.0130898 0.0434791 0.326024 56
0 0.163734 0.097507 0.0177912 0.0671712 0.480559 64
0 0.588998 0.0626279 0.00824375 0.0399699 0.607722 41
0 0.471735 0.0827073 0.00988897 0.0429083 0.438758 22
