0 0.418314 0.652038 0.0305235 0.0981568 0.871057 4
0 0.351765 0.199642 0.0128884 0.0554574 0.774262 11
0 0.0752301 0.217988 0.0165522 0.053795 0.674405 65
0 0.645534 0.0620771 0.0090709 0.0424225 0.705766 8
0 0.488167 0.172065 0.0106865 0.0537465 0.791678 3
0 0.162367 0.112136 0.012685 0.0534242 0.589192 64
0 0.355245 0.0960704 0.010405 0.0427546 0.638478 41
0 0.622372 0.144457 0.0131231 0.050178 0.798524 38
0 0.212555 0.114461 0.0109446 0.0443037 0.724954 20
0 0.479665 0.0693024 0.00743628 0.0316096 0.616815 22
0 0.255308 0.0715283 0.00954356 0.0368254 0.474667 71
0 0.222311 0.0724229 0.0136479 0.0364768 0.575519 70
0 0.508015 0.0632383 0.00701876 0.0403727 0.637646 73
0 0.406973 0.0604483 0.00858641 0.0351142 0.536244 72
