0 0.424665 0.545827 0.0198796 0.0858658 0.832471 4
0 0.0981257 0.21515 0.0146698 0.053375 0.709598 124
0 0.375657 0.202538 0.0185321 0.0511689 0.545187 88
0 0.346211 0.0686164 0.0105831 0.0341095 0.705762 22
0 0.178739 0.112108 0.0132395 0.0518184 0.37417 127
0 0.168626 0.113391 0.0143287 0.0484207 0.367332 111
0 0.446503 0.130405 0.00943073 0.0452034 0.656088 162
0 0.632263 0.122378 0.00770156 0.0447681 0.71166 3
0 0.536504 0.0863283 0.00836589 0.0387051 0.575335 150
0 0.407769 0.0585027 0.00941029 0.0371988 0.516387 20
0 0.490778 0.0677215 0.00807981 0.0357274 0.449063 137
0 0.428709 0.0513374 0.00706031 0.0382083 0.358283 168
0 0.666319 0.0703116 0.00829035 0.0376207 0.756693 165
0 0.642509 0.131345 0.00999336 0.0468996 0.739063 132
