0 0.383494 0.751336 0.0295944 0.10324 0.861767 4
0 0.632005 0.266268 0.0169736 0.0586193 0.796286 38
0 0.344518 0.273474 0.0126923 0.0586286 0.763255 3
0 0.298353 0.360629 0.0205454 0.0671169 0.78085 11
0 0.411626 0.208058 0.0105908 0.0544598 0.705456 8
0 0.0725908 0.23717 0.012987 0.0557601 0.692383 1
0 0.491167 0.0534222 0.00881646 0.0370632 0.277471 22
0 0.230285 0.206258 0.0135898 0.0528867 0.678648 20
0 0.193093 0.168792 0.01121 0.0462271 0.605153 55
0 0.356666 0.181455 0.010965 0.0483255 0.62762 56
0 0.180364 0.226402 0.0143302 0.0591656 0.769026 13
0 0.380245 0.180556 0.0132922 0.04983 0.61547 7
0 0.120764 0.160327 0.0152105 0.0578052 0.512419 39
0 0.330292 0.143765 0.0150261 0.0462628 0.515996 6
0 0.521976 0.146978 0.0106895 0.0501579 0.710634 41
