0 0.51676 0.481659 0.0171724 0.0824572 0.782902 1
0 0.735304 0.549432 0.0204864 0.0875069 0.865941 2
0 0.548066 0.522199 0.0194986 0.0790159 0.674443 3
0 0.496524 0.882636 0.0329235 0.117663 0.839129 4
0 0.371868 0.225197 0.00972115 0.0508833 0.782123 5
0 0.723634 0.415552 0.016275 0.0783472 0.647973 6
0 0.604516 0.376653 0.0121061 0.0723627 0.771134 7
0 0.670555 0.253914 0.0124991 0.0577859 0.747001 8
0 0.555693 0.565414 0.0211517 0.0847256 0.746784 11
0 0.803438 0.380525 0.019701 0.0711873 0.785602 12
0 0.89846 0.269342 0.0205645 0.0664361 0.796327 14
0 0.745522 0.386524 0.0231787 0.0726416 0.774608 20
0 0.620247 0.198509 0.0144424 0.0534317 0.761222 13
0 0.491682 0.0503823 0.00845213 0.0421555 0.395112 16
0 0.589071 0.247629 0.0143773 0.0588191 0.715219 10
