0 0.419269 0.63811 0.0308206 0.0966936 0.859509 4
0 0.441698 0.1993 0.00989037 0.0535307 0.812614 11
0 0.0750274 0.218533 0.0165685 0.0533432 0.671265 65
0 0.51509 0.192791 0.014828 0.0752321 0.402569 3
0 0.518603 0.0736608 0.00991503 0.0370468 0.615206 56
0 0.162429 0.113048 0.0128262 0.0564518 0.583211 64
0 0.52854 0.04807 0.00891218 0.0421511 0.454062 41
0 0.457999 0.0509874 0.00846453 0.0323104 0.643896 20
0 0.505067 0.0780749 0.0113444 0.0434892 0.648633 22
0 0.632982 0.053419 0.0076985 0.0402206 0.53714 8
0 0.516972 0.202587 0.01186 0.0572267 0.531099 38
0 0.514505 0.177504 0.0132972 0.0445197 0.433105 5
