0 0.43172 0.492772 0.0303876 0.0844803 0.849195 1
0 0.756875 0.42728 0.019226 0.0781978 0.808353 2
0 0.533825 0.843833 0.0304346 0.118902 0.842228 4
0 0.827359 0.299028 0.0184837 0.0636032 0.770483 6
0 0.609277 0.358694 0.0156818 0.0734002 0.838596 7
0 0.559865 0.281955 0.0138933 0.0635741 0.784205 10
0 0.505563 0.541731 0.0221228 0.0874374 0.826607 11
0 0.329834 0.249642 0.012828 0.0568547 0.770545 5
0 0.885136 0.282878 0.025093 0.0643279 0.763323 8
0 0.15271 0.130415 0.0154694 0.0550208 0.563515 31
0 0.473005 0.532506 0.0183244 0.0885617 0.82792 3
0 0.801029 0.391927 0.0162827 0.0756432 0.773175 20
0 0.87637 0.352769 0.0226574 0.0711108 0.772481 34
0 0.736172 0.219088 0.0162124 0.0492859 0.702479 13
0 0.135137 0.123985 0.0203515 0.0788595 0.711088 23
