0 0.529585 0.650495 0.0310249 0.0963599 0.868764 4
0 0.115443 0.205173 0.0147814 0.0524793 0.630871 124
0 0.516959 0.199342 0.0110477 0.0542806 0.739852 88
0 0.165066 0.116556 0.0169847 0.061294 0.364737 127
0 0.405103 0.0668956 0.00841897 0.0360123 0.641667 136
0 0.396108 0.0910984 0.0074146 0.0398313 0.401946 137
0 0.684028 0.0997631 0.00713768 0.0449748 0.510944 3
0 0.0103106 0.292076 0.0206084 0.058988 0.841285 140
0 0.758467 0.153295 0.010276 0.0504565 0.766018 132
0 0.520377 0.0541328 0.0131743 0.0637336 0.556828 56
0 0.554 0.0675304 0.0111075 0.0346598 0.370463 89
