0 0.499511 0.691754 0.0251613 0.0993582 0.842606 4
0 0.687389 0.201554 0.0226025 0.0495477 0.777994 38
0 0.563772 0.256991 0.0188176 0.0614705 0.792678 3
0 0.450251 0.296007 0.0161043 0.0623799 0.726677 11
0 0.660788 0.105881 0.0134371 0.0415407 0.695541 56
0 0.479072 0.185461 0.0151776 0.0606231 0.760349 13
0 0.726384 0.125153 0.0145088 0.050907 0.451828 41
0 0.52822 0.0883047 0.00879157 0.0452959 0.611475 6
0 0.529324 0.176765 0.0102789 0.0549546 0.742421 8
0 0.516141 0.0393421 0.00918233 0.0376908 0.483298 22
0 0.422153 0.106413 0.00823714 0.041981 0.654808 5
0 0.467989 0.102959 0.010373 0.0454452 0.670627 55
0 0.269631 0.109872 0.00907809 0.0430648 0.694945 1
