0 0.410793 0.84873 0.0320257 0.119405 0.862092 4
0 0.107353 0.543089 0.0257174 0.0930307 0.845072 38
0 0.11276 0.274323 0.0211437 0.0524943 0.755188 20
0 0.0905931 0.20167 0.015055 0.0524748 0.676283 70
0 0.227429 0.211043 0.0127262 0.0525336 0.744244 71
0 0.232678 0.15494 0.0118935 0.0433671 0.717601 72
0 0.52338 0.215043 0.0125726 0.0614125 0.466434 8
0 0.405164 0.146654 0.0157416 0.0485535 0.655819 56
0 0.16048 0.116471 0.0130448 0.0469884 0.492087 64
0 0.772474 0.208408 0.0188958 0.0552324 0.798683 22
0 0.504433 0.0439354 0.00972303 0.0429769 0.480996 75
0 0.422859 0.193523 0.0123999 0.0509172 0.740263 41
0 0.369591 0.379871 0.014735 0.071047 0.736827 88
0 0.54429 0.129257 0.0091629 0.0456267 0.79667 63
0 0.378751 0.353269 0.0131879 0.06457 0.727725 3
