0 0.432431 0.707291 0.0264762 0.10295 0.872988 4
0 0.295493 0.211608 0.0139418 0.0568445 0.795595 38
0 0.355637 0.249173 0.0132632 0.0585118 0.771743 88
0 0.0277265 0.287609 0.0268713 0.062627 0.829512 93
0 0.321758 0.119935 0.0105103 0.0443752 0.63994 71
0 0.474498 0.200632 0.0126261 0.0532594 0.501014 3
0 0.486682 0.143559 0.0125859 0.0486437 0.520386 8
0 0.231614 0.102507 0.0109063 0.0391549 0.378564 89
0 0.214588 0.142441 0.0115789 0.0471786 0.646765 20
0 0.44275 0.119259 0.0112287 0.0464769 0.744988 70
0 0.256705 0.0918221 0.0100354 0.040042 0.470046 56
0 0.517859 0.0755731 0.00768763 0.0409611 0.589078 41
0 0.673487 0.0951816 0.00821641 0.0419743 0.561673 22
0 0.495301 0.107422 0.0108917 0.0414695 0.560975 63
0 0.358525 0.0821828 0.00991802 0.0381331 0.476198 72
0 0.490486 0.0397044 0.00805152 0.0364522 0.307659 75
