0 0.488932 0.515474 0.0211086 0.08562 0.796926 1
0 0.824365 0.561073 0.0170973 0.0939082 0.846949 2
0 0.510582 0.88543 0.0290826 0.110448 0.829306 4
0 0.751249 0.400574 0.0260965 0.0763855 0.844001 6
0 0.648507 0.374814 0.0134745 0.0778041 0.769496 7
0 0.919755 0.49115 0.0418092 0.0897658 0.672931 12
0 0.681504 0.220114 0.0153522 0.0594043 0.680018 13
0 0.677404 0.280285 0.0127914 0.0572374 0.447015 10
0 0.558518 0.574591 0.0129559 0.0702604 0.70355 11
0 0.549969 0.545952 0.0274404 0.0692006 0.768107 3
0 0.389794 0.247853 0.010307 0.0571904 0.706086 5
0 0.80233 0.268305 0.021166 0.0559824 0.715318 8
