0 0.441256 0.718002 0.0258084 0.103219 0.830077 4
0 0.736014 0.212909 0.0110964 0.0549631 0.76402 38
0 0.418534 0.243068 0.0133897 0.0608944 0.751356 3
0 0.336353 0.382259 0.0202903 0.0800693 0.835127 11
0 0.460382 0.173244 0.0121563 0.0579472 0.599134 8
0 0.136363 0.166594 0.0139735 0.0547838 0.685248 1
0 0.304126 0.177902 0.0183261 0.0563397 0.782755 20
0 0.462723 0.123004 0.0106877 0.046194 0.508832 56
0 0.279439 0.183812 0.0170955 0.0561382 0.83364 13
0 0.482075 0.128899 0.0137836 0.0492195 0.795278 7
0 0.5793 0.105911 0.0131494 0.0469156 0.769198 41
0 0.425901 0.0926354 0.0127625 0.0458354 0.496717 6
0 0.312811 0.105709 0.0122222 0.04355 0.586186 5
0 0.32811 0.111172 0.00986662 0.0471657 0.582921 55
