0 0.468646 0.779375 0.0295153 0.107196 0.87875 4
0 0.322318 0.278204 0.0119594 0.0630348 0.785099 38
0 0.577611 0.175118 0.0112892 0.0522151 0.714933 8
0 0.767651 0.134689 0.0118698 0.044535 0.74261 22
0 0.442529 0.34288 0.0146364 0.0709433 0.804536 88
0 0.565211 0.270793 0.0139686 0.0641719 0.78362 3
0 0.0198162 0.296166 0.02373 0.0607954 0.795637 93
0 0.233874 0.174649 0.0110164 0.0524085 0.78923 20
0 0.162617 0.119252 0.0149436 0.0487702 0.542746 64
0 0.620451 0.10819 0.0106139 0.0435699 0.750204 63
0 0.527331 0.208958 0.0253335 0.0644213 0.749934 70
0 0.589904 0.153883 0.0114134 0.0510804 0.715993 41
0 0.147713 0.122421 0.0136569 0.0610506 0.491582 11
0 0.498529 0.116888 0.0145823 0.0397407 0.657806 56
0 0.359935 0.126158 0.00927664 0.0415564 0.659854 72
0 0.516436 0.0461229 0.0086765 0.0367337 0.364423 75
0 0.473005 0.133774 0.0103718 0.0429841 0.674481 89
