0 0.530491 0.652204 0.0304547 0.0982974 0.864646 4
0 0.116077 0.205358 0.0151301 0.0514406 0.552705 124
0 0.523139 0.2048 0.011431 0.0554706 0.669997 88
0 0.164885 0.116404 0.0179127 0.0622612 0.373963 127
0 0.674642 0.105624 0.0110109 0.0471957 0.598261 3
0 0.0115955 0.287627 0.0229592 0.0638557 0.82906 140
0 0.730087 0.173849 0.010386 0.0517847 0.808684 132
0 0.555777 0.0873634 0.00738894 0.0384159 0.72487 89
0 0.467996 0.0776052 0.00648355 0.0387258 0.59713 126
0 0.506254 0.0490472 0.00807145 0.0356215 0.478332 22
0 0.544851 0.0623461 0.012781 0.0419661 0.565869 56
0 0.484943 0.0567657 0.0083545 0.0372272 0.281518 109
0 0.425744 0.100667 0.0109962 0.040933 0.415139 136
0 0.532203 0.0524471 0.00746571 0.0278232 0.488002 20
0 0.435247 0.0736638 0.00818535 0.036554 0.548306 137
