0 0.439061 0.757267 0.0271165 0.105766 0.829727 4
0 0.426744 0.240678 0.0130402 0.0575941 0.670223 11
0 0.553077 0.22582 0.015697 0.0593343 0.813329 3
0 0.503873 0.0919529 0.00883681 0.0419483 0.675151 20
0 0.647582 0.200617 0.0166463 0.0517426 0.78133 38
0 0.168609 0.102918 0.015172 0.0516304 0.334138 64
0 0.410117 0.0890086 0.00822662 0.0366207 0.414854 1
0 0.649606 0.0720327 0.0130837 0.0398448 0.33573 41
0 0.419963 0.119284 0.0091135 0.0473751 0.791814 13
0 0.490708 0.129235 0.0144889 0.0551311 0.719207 8
0 0.575358 0.104509 0.00991262 0.0461006 0.622112 56
0 0.669485 0.0976158 0.0122037 0.0454512 0.438818 63
0 0.433077 0.087933 0.00888128 0.03927 0.256933 5
0 0.428126 0.0742018 0.0153553 0.0642604 0.307198 55
