0 0.208525 0.339485 0.022075 0.0635443 0.825902 1
0 0.425347 0.781435 0.0243626 0.10938 0.850857 4
0 0.45927 0.278941 0.0130547 0.0619369 0.786751 7
0 0.220039 0.224426 0.0217861 0.0443048 0.592758 10
0 0.320982 0.444204 0.0198115 0.0733645 0.841243 11
0 0.759665 0.20549 0.0147628 0.0532514 0.706078 8
0 0.15422 0.124052 0.0167991 0.0475607 0.277592 31
0 0.534572 0.246485 0.0161709 0.0563328 0.778914 20
0 0.625992 0.248492 0.0128394 0.0571247 0.31782 34
0 0.834003 0.256519 0.0163592 0.0644809 0.829024 41
0 0.523542 0.311877 0.0173765 0.0644029 0.818103 38
0 0.588126 0.169836 0.0158665 0.0509914 0.697537 6
0 0.178976 0.192387 0.0127616 0.0435522 0.621587 5
0 0.381487 0.431214 0.0188032 0.0812891 0.801382 3
0 0.515756 0.202905 0.0125044 0.0533556 0.667318 13
0 0.486266 0.0628031 0.00811577 0.0382907 0.435869 22
