0 0.496321 0.659003 0.0312229 0.0979065 0.881148 4
0 0.114847 0.206737 0.0148404 0.0541031 0.659824 124
0 0.483722 0.177036 0.0105378 0.0494572 0.816403 88
0 0.629299 0.150204 0.0107215 0.0489657 0.790819 3
0 0.418378 0.0614559 0.00807536 0.0432873 0.64067 136
0 0.162722 0.123022 0.0129956 0.0552667 0.46633 111
0 0.573434 0.0953651 0.0103885 0.0430338 0.60796 22
0 0.540636 0.0696909 0.00848522 0.0389098 0.441457 150
0 0.180156 0.111939 0.0153757 0.0514142 0.370584 127
0 0.641231 0.0621074 0.0111588 0.0393055 0.526669 137
0 0.590235 0.075575 0.00743885 0.0411091 0.509282 126
0 0.470289 0.0624161 0.00651379 0.0333959 0.572879 20
0 0.675388 0.0776177 0.00888831 0.0490233 0.434491 132
