0 0.496697 0.756086 0.0283926 0.106036 0.863511 4
0 0.116349 0.204824 0.0146889 0.0529774 0.619636 124
0 0.523387 0.210791 0.0145151 0.056003 0.76866 88
0 0.719783 0.213389 0.0185132 0.0570777 0.836841 132
0 0.179273 0.112017 0.0134782 0.0527602 0.498721 111
0 0.483342 0.0783241 0.00896571 0.0365716 0.499731 89
0 0.4966 0.0962851 0.0104132 0.0456943 0.734879 136
0 0.47781 0.097361 0.00914838 0.0387162 0.439887 126
0 0.628104 0.155347 0.00996494 0.050063 0.693062 3
0 0.535636 0.0664704 0.00836795 0.0365177 0.407577 109
0 0.162004 0.113045 0.0111423 0.0469899 0.510481 127
0 0.516062 0.0585094 0.00834643 0.0397056 0.345719 137
