0 0.433137 0.709499 0.0270296 0.101914 0.866891 4
0 0.315088 0.198765 0.0110133 0.0546205 0.725619 38
0 0.383536 0.25458 0.0147598 0.060246 0.760274 88
0 0.0318766 0.282175 0.0207799 0.0572251 0.783904 93
0 0.320294 0.122317 0.00877276 0.0460992 0.62715 71
0 0.474513 0.195064 0.0130305 0.0554712 0.465183 3
0 0.21236 0.145349 0.00984413 0.0483316 0.394427 20
0 0.28659 0.103722 0.00954526 0.0461755 0.435393 56
0 0.682522 0.0910075 0.00920684 0.0414482 0.653782 22
0 0.456397 0.0933699 0.00873527 0.0432896 0.670662 63
0 0.164922 0.117059 0.0119364 0.0494465 0.284689 64
0 0.456077 0.14619 0.0107238 0.0509762 0.69998 8
0 0.235177 0.114733 0.00871143 0.0458883 0.534023 89
0 0.540671 0.0801986 0.0139041 0.0355404 0.579009 41
0 0.403088 0.0798698 0.00918334 0.0319383 0.318062 72
