0 0.422758 0.629894 0.0312433 0.096616 0.856553 4
0 0.431256 0.208886 0.011238 0.0544153 0.805355 11
0 0.597984 0.173181 0.0156454 0.053105 0.775794 38
0 0.548949 0.0941197 0.0109295 0.0454234 0.269861 8
0 0.0360222 0.264662 0.0249328 0.0609898 0.773377 65
0 0.506333 0.194109 0.0148353 0.055496 0.81069 3
0 0.165886 0.099876 0.0208777 0.0597904 0.350593 64
0 0.581228 0.0779432 0.00947431 0.0402724 0.561309 63
0 0.462116 0.104639 0.0100898 0.0441492 0.678406 1
0 0.483013 0.07342 0.00984678 0.0486518 0.34488 5
0 0.568946 0.0597349 0.00849756 0.0357273 0.615726 41
0 0.31815 0.0580222 0.0101684 0.0386762 0.664638 13
0 0.487869 0.0684665 0.0118501 0.0505688 0.312706 56
