0 0.531017 0.652476 0.0310995 0.0976592 0.866418 4
0 0.116324 0.205744 0.0146369 0.0515634 0.621583 124
0 0.524525 0.208811 0.0135814 0.0567253 0.628634 88
0 0.165334 0.117399 0.0196686 0.062165 0.353414 127
0 0.663633 0.108288 0.0126071 0.0446096 0.698204 3
0 0.00693422 0.295362 0.0138684 0.0504407 0.727193 140
0 0.722256 0.182818 0.0134916 0.0538015 0.769723 132
0 0.502693 0.0515287 0.00893475 0.0374606 0.357355 22
0 0.5271 0.0458604 0.0106478 0.0437593 0.266309 20
0 0.465197 0.07108 0.0120279 0.0346078 0.546087 137
0 0.489293 0.0621644 0.00825605 0.0377074 0.571658 109
0 0.543576 0.0876372 0.0101903 0.0546247 0.772844 89
0 0.554086 0.0615758 0.0110914 0.0421169 0.486515 56
0 0.477079 0.0779653 0.00914377 0.0391096 0.315138 126
0 0.438745 0.0996897 0.00834503 0.044461 0.54448 136
