0 0.479835 0.777557 0.0291992 0.106241 0.858449 4
0 0.0484685 0.282521 0.0170657 0.0579748 0.767763 93
0 0.737211 0.189396 0.0135124 0.0521394 0.782024 38
0 0.34645 0.156807 0.00824842 0.0485314 0.645055 20
0 0.821288 0.140379 0.0102761 0.0502481 0.698093 71
0 0.535382 0.269283 0.0146589 0.0587439 0.776929 88
0 0.16105 0.127507 0.0134595 0.0565598 0.617399 64
0 0.601295 0.259311 0.0128697 0.0617958 0.675304 3
0 0.17373 0.123636 0.0138875 0.0537498 0.480649 115
0 0.562912 0.124484 0.0105442 0.0382319 0.556639 56
0 0.538283 0.158281 0.0111931 0.0520565 0.710876 41
0 0.506994 0.155551 0.0106176 0.0481834 0.744482 126
0 0.184511 0.111843 0.010125 0.0501561 0.476886 111
0 0.491536 0.155396 0.0116756 0.0513222 0.741947 8
0 0.440092 0.111647 0.00958665 0.0385282 0.655509 89
0 0.571435 0.10218 0.00898698 0.0273516 0.50181 109
0 0.183304 0.105727 0.0125461 0.0556343 0.351596 127
0 0.351748 0.110761 0.0119954 0.0402082 0.482775 110
