0 0.437642 0.494765 0.03061 0.0851782 0.851942 1
0 0.758795 0.434079 0.020284 0.080999 0.809343 2
0 0.534444 0.845209 0.0296377 0.117092 0.841664 4
0 0.833857 0.303614 0.017749 0.0628948 0.768574 6
0 0.610412 0.35879 0.0160092 0.0732176 0.837247 7
0 0.562024 0.283182 0.0130758 0.0649108 0.777865 10
0 0.511101 0.541454 0.0208509 0.0870587 0.805585 11
0 0.334424 0.249736 0.0112749 0.0563669 0.742047 5
0 0.887222 0.282629 0.026301 0.0628736 0.696515 8
0 0.152554 0.130814 0.0155256 0.0551003 0.63088 31
0 0.476034 0.533517 0.0193305 0.0886605 0.814188 3
0 0.806534 0.395476 0.0188733 0.0762768 0.787332 20
0 0.881705 0.355082 0.0238989 0.0725697 0.62903 34
0 0.736115 0.218467 0.015667 0.0513559 0.689762 13
0 0.135068 0.123993 0.0202578 0.0793302 0.718694 23
