0 0.418416 0.654435 0.0305817 0.096488 0.867328 4
0 0.359175 0.207185 0.013613 0.0573398 0.791917 11
0 0.0746985 0.218509 0.0169743 0.0558562 0.722424 65
0 0.64355 0.0585706 0.00687714 0.0389038 0.662059 8
0 0.468573 0.171526 0.00831998 0.0544165 0.773375 3
0 0.161957 0.113364 0.0127414 0.055414 0.660918 64
0 0.551592 0.0660498 0.011858 0.0491334 0.479024 63
0 0.393408 0.0876878 0.0120305 0.0390685 0.532795 41
0 0.603565 0.166624 0.0117674 0.0562804 0.787398 38
0 0.263547 0.103573 0.0129021 0.0417407 0.492187 20
0 0.478169 0.0599854 0.00849196 0.0400742 0.66528 22
0 0.214786 0.067344 0.00909603 0.0388211 0.351203 70
0 0.305298 0.0706773 0.008588 0.0387269 0.643848 71
0 0.497581 0.0614967 0.00962076 0.0372895 0.49677 73
