0 0.530332 0.652092 0.0308691 0.0975636 0.864549 4
0 0.115829 0.205286 0.0151206 0.0521103 0.450658 124
0 0.513225 0.198912 0.0106503 0.0539416 0.773916 88
0 0.78062 0.13685 0.00816396 0.0435131 0.791817 132
0 0.516357 0.0634036 0.0102755 0.0361429 0.336982 22
0 0.165448 0.118022 0.0167632 0.0599107 0.395078 127
0 0.495733 0.0736475 0.00726356 0.0379342 0.572753 20
0 0.465735 0.074973 0.0114734 0.0398343 0.650293 126
0 0.404358 0.0627852 0.00695791 0.0317988 0.605361 136
0 0.395498 0.0926445 0.00805839 0.0435234 0.701137 137
0 0.530209 0.0660696 0.009985 0.0431368 0.492673 89
0 0.506615 0.0601667 0.00847629 0.0380946 0.540382 56
0 0.179324 0.0968184 0.0166025 0.0713414 0.305765 111
0 0.426545 0.0653986 0.00982701 0.0337469 0.622244 109
0 0.688206 0.10031 0.00996138 0.045399 0.592618 3
