0 0.087972 0.314851 0.0190713 0.0642082 0.738633 1
0 0.408421 0.773081 0.0277243 0.107554 0.81942 4
0 0.390832 0.25253 0.0136967 0.0636522 0.743234 7
0 0.292436 0.409897 0.0165316 0.0727199 0.781618 11
0 0.446595 0.211169 0.0141113 0.054177 0.772652 20
0 0.574024 0.222314 0.0126539 0.0573883 0.327499 34
0 0.746098 0.207701 0.0117261 0.0554897 0.715891 41
0 0.468314 0.318268 0.0107036 0.0675561 0.786747 38
0 0.370159 0.383591 0.017536 0.0747047 0.829477 3
0 0.484097 0.059908 0.00897843 0.0391621 0.390444 22
0 0.627158 0.198034 0.0165456 0.0502106 0.541204 8
0 0.195196 0.182966 0.0119351 0.0484873 0.663356 5
0 0.423277 0.202193 0.0112344 0.0543646 0.470134 13
0 0.492524 0.159996 0.0170049 0.0508882 0.732154 6
