0 0.528458 0.518823 0.0162863 0.0849204 0.790911 1
0 0.78313 0.565904 0.0224552 0.0918021 0.795972 2
0 0.553049 0.86235 0.0289653 0.0977389 0.659616 4
0 0.857598 0.36091 0.0224612 0.0731105 0.79042 6
0 0.640691 0.372642 0.0141953 0.0748684 0.770678 7
0 0.609741 0.289447 0.0131144 0.0612255 0.8417 10
0 0.603526 0.578203 0.0168787 0.0904392 0.696417 11
0 0.61794 0.554482 0.0194124 0.0924373 0.769075 3
0 0.390082 0.248219 0.0104936 0.057677 0.704651 5
0 0.935971 0.287795 0.0185374 0.0568895 0.599763 8
0 0.153495 0.12963 0.0150326 0.0520842 0.708651 23
0 0.987707 0.522042 0.0245866 0.0917061 0.791897 20
0 0.675307 0.224652 0.0135792 0.0568108 0.640024 13
0 0.313203 0.0432624 0.00851552 0.0352448 0.530693 22
