0 0.502277 0.657489 0.0314933 0.0970927 0.851697 4
0 0.12805 0.198833 0.0179586 0.0524369 0.773656 124
0 0.487252 0.190048 0.0110528 0.0510974 0.794498 88
0 0.779792 0.0996519 0.00933901 0.044518 0.758384 132
0 0.176966 0.0956116 0.0198805 0.0721017 0.260621 127
0 0.504327 0.0583785 0.00806735 0.0360235 0.554186 150
0 0.480103 0.0736041 0.0126159 0.0441926 0.563374 22
0 0.185328 0.0914666 0.0137105 0.0735344 0.492098 156
0 0.463288 0.0718674 0.00876792 0.0387938 0.623717 154
0 0.667771 0.120043 0.0110624 0.0466942 0.776698 3
0 0.428705 0.0651004 0.00888131 0.0394578 0.543424 20
0 0.522893 0.0525446 0.0127295 0.052255 0.437606 137
