0 0.404809 0.900009 0.0306149 0.114058 0.844764 4
0 0.0378708 0.60135 0.0339939 0.0773768 0.844164 38
0 0.131166 0.396049 0.0244933 0.0741251 0.836222 20
0 0.21606 0.20694 0.0158121 0.0536133 0.662829 70
0 0.435374 0.202242 0.0121437 0.0546655 0.692194 73
0 0.331966 0.246043 0.0147194 0.0561127 0.71631 71
0 0.338182 0.421741 0.0156831 0.0742465 0.814548 3
0 0.561277 0.143807 0.0095883 0.0497236 0.72698 63
0 0.486334 0.375118 0.012753 0.0683419 0.744084 11
0 0.329031 0.162498 0.0145322 0.0403439 0.50016 72
0 0.451708 0.153551 0.0163939 0.0501872 0.782884 56
0 0.502382 0.226378 0.0150646 0.0583597 0.813125 41
0 0.60947 0.231017 0.0116772 0.0580359 0.727059 22
0 0.594346 0.241115 0.0126493 0.0638603 0.728404 8
