0 0.46605 0.760484 0.0296118 0.104407 0.871809 4
0 0.212132 0.462907 0.017507 0.0776174 0.844424 38
0 0.201271 0.215274 0.0116936 0.0544802 0.619273 20
0 0.179599 0.18902 0.0126227 0.0482815 0.718655 70
0 0.362433 0.191148 0.0130309 0.0519348 0.739196 71
0 0.542666 0.202112 0.0134276 0.0575578 0.787843 8
0 0.411997 0.116005 0.0116799 0.0462563 0.609591 56
0 0.790768 0.238096 0.0169231 0.0571575 0.719457 22
0 0.446297 0.382613 0.0208711 0.0709151 0.775814 88
0 0.604633 0.125017 0.0126374 0.0492863 0.683299 63
0 0.454295 0.316367 0.0126507 0.0649926 0.734731 3
0 0.381227 0.119887 0.0102895 0.0421355 0.675706 89
0 0.160914 0.116339 0.0145404 0.0492899 0.42262 64
0 0.517597 0.0469881 0.00776761 0.0361025 0.3771 75
0 0.570875 0.184382 0.0188164 0.0504557 0.813571 41
