0 0.143275 0.581419 0.0310587 0.0869698 0.865735 4
0 0.0754228 0.237868 0.0209876 0.0586027 0.80762 124
0 0.283153 0.279778 0.0165281 0.057138 0.742378 88
0 0.303957 0.170256 0.00960906 0.0475027 0.777475 162
0 0.50746 0.198833 0.0110271 0.0515171 0.72671 3
0 0.42493 0.10915 0.0120537 0.0462864 0.448639 150
0 0.641022 0.209354 0.0147555 0.0513561 0.801725 132
0 0.392305 0.0992618 0.0085235 0.0423071 0.633636 20
0 0.57717 0.131486 0.00983531 0.0467514 0.500994 165
0 0.185078 0.0938497 0.0154143 0.074877 0.371123 156
0 0.505981 0.0468307 0.00792189 0.0368136 0.486336 171
0 0.326579 0.136693 0.0108016 0.0426208 0.679197 137
0 0.504171 0.100238 0.00764669 0.037854 0.744663 170
0 0.413585 0.0792116 0.00873241 0.0356606 0.288061 168
0 0.36045 0.0705623 0.00801293 0.0266599 0.386518 22
0 0.308207 0.0697357 0.0103377 0.0374012 0.252075 109
