0 0.489074 0.556926 0.020774 0.0892327 0.834527 4
0 0.115753 0.207924 0.0189494 0.0497254 0.646785 124
0 0.50472 0.177971 0.0133852 0.0527883 0.718151 88
0 0.183178 0.0919645 0.0145044 0.0739349 0.426847 156
0 0.431351 0.052056 0.00871468 0.0352864 0.556164 20
0 0.705949 0.102389 0.00600611 0.0431612 0.75235 3
0 0.172076 0.113344 0.0175643 0.0528219 0.303976 111
0 0.472617 0.0795404 0.00710929 0.0379279 0.64162 154
0 0.485466 0.0624203 0.00708265 0.0373467 0.591744 109
0 0.556129 0.0605479 0.00886917 0.0342558 0.427223 137
0 0.768541 0.0760073 0.00664101 0.042001 0.674389 132
0 0.502514 0.09787 0.0123695 0.0531586 0.593817 22
