0 0.318148 0.560612 0.023103 0.0853287 0.845017 4
0 0.0375973 0.274364 0.0207255 0.0609966 0.801744 124
0 0.169998 0.393429 0.017133 0.0689021 0.828402 88
0 0.598689 0.270556 0.0248265 0.0551593 0.772881 3
0 0.797262 0.282591 0.0158101 0.0615086 0.835003 132
0 0.18456 0.093232 0.0149909 0.0738356 0.344548 156
0 0.511167 0.0429857 0.0103606 0.0425342 0.42797 171
0 0.447608 0.153229 0.0120069 0.0511761 0.657095 150
0 0.247044 0.194078 0.0121004 0.0530575 0.660327 137
0 0.547059 0.213195 0.0126239 0.0529001 0.767032 165
0 0.387656 0.0928635 0.0116657 0.0394656 0.544847 109
0 0.358102 0.105436 0.00940835 0.0455078 0.335038 168
0 0.311279 0.198552 0.0102712 0.0534764 0.778811 162
0 0.431152 0.140371 0.00992406 0.0471245 0.714105 20
0 0.558801 0.145565 0.0138385 0.0476135 0.747226 170
0 0.358065 0.100371 0.0101168 0.0539586 0.559113 22
0 0.401296 0.137316 0.0118751 0.0452015 0.685727 172
