0 0.5313 0.651898 0.0303068 0.0981691 0.862705 4
0 0.117173 0.205489 0.0151237 0.0523914 0.669501 124
0 0.461199 0.0825964 0.00795047 0.0386307 0.700436 89
0 0.48177 0.19201 0.0100243 0.0511936 0.816783 88
0 0.796088 0.144012 0.012118 0.0493816 0.791599 132
0 0.685148 0.104761 0.0116932 0.050418 0.464347 3
0 0.477801 0.0774083 0.0111723 0.0412096 0.429567 22
0 0.495793 0.0767593 0.00803061 0.0410051 0.593908 56
0 0.420918 0.0731341 0.0080939 0.0388778 0.53681 109
0 0.444268 0.0788399 0.00876745 0.0387457 0.536947 126
0 0.678675 0.106408 0.00889874 0.048251 0.643433 136
0 0.531567 0.0406058 0.00882463 0.0346866 0.297644 102
0 0.408768 0.0777448 0.0101716 0.0447467 0.431842 20
