0 0.379708 0.748028 0.0272114 0.105851 0.855504 4
0 0.589584 0.276386 0.0105332 0.0597517 0.731488 38
0 0.344575 0.272464 0.0151346 0.061385 0.768381 3
0 0.12365 0.154447 0.0151218 0.0691762 0.410247 39
0 0.301653 0.350147 0.018718 0.0662867 0.791157 11
0 0.230325 0.148077 0.0111712 0.0409566 0.553079 5
0 0.391964 0.208073 0.0118765 0.058106 0.688723 8
0 0.238828 0.19738 0.0110077 0.0539481 0.648121 13
0 0.0614279 0.240948 0.0180033 0.0525961 0.667634 1
0 0.490844 0.0530401 0.0087232 0.0373099 0.340582 22
0 0.541426 0.149676 0.0106146 0.0502306 0.754009 41
0 0.372911 0.218983 0.0113382 0.0550975 0.709913 7
0 0.318226 0.170781 0.0159949 0.0450127 0.697375 20
0 0.108863 0.19969 0.0161047 0.0513811 0.704978 55
0 0.326391 0.137873 0.0100514 0.0460147 0.307684 6
