0 0.528672 0.696652 0.0264026 0.102483 0.838779 4
0 0.657558 0.224294 0.0167957 0.056597 0.82087 88
0 0.714529 0.169551 0.0114541 0.0552593 0.716227 3
0 0.612982 0.160292 0.0142817 0.0508639 0.739668 41
0 0.566505 0.0893547 0.0112544 0.0419639 0.683949 109
0 0.47502 0.111354 0.0100764 0.043374 0.56555 89
0 0.058554 0.268671 0.0171641 0.0598755 0.796471 124
0 0.170998 0.118807 0.0139349 0.0498066 0.379248 115
0 0.5132 0.0957459 0.00793098 0.0382239 0.499021 110
0 0.528689 0.0440675 0.008472 0.0337725 0.285256 102
0 0.708509 0.106641 0.00933927 0.0427285 0.378921 22
0 0.662862 0.121601 0.00971127 0.0448539 0.697739 126
0 0.179728 0.110841 0.011965 0.0500724 0.446428 111
0 0.641048 0.151854 0.0158347 0.0513689 0.745302 8
0 0.422863 0.139294 0.0104262 0.0464437 0.704566 20
