0 0.433106 0.709472 0.0269525 0.1023 0.868142 4
0 0.313893 0.199387 0.0121936 0.0541224 0.734158 38
0 0.380491 0.254558 0.0188889 0.0599575 0.78811 88
0 0.0314499 0.28223 0.0219053 0.0583763 0.809892 93
0 0.318224 0.121869 0.00861308 0.0460365 0.680999 71
0 0.473067 0.194997 0.0129074 0.0563757 0.682813 3
0 0.211356 0.144611 0.00894105 0.0488506 0.537762 20
0 0.282958 0.102712 0.0094601 0.0455073 0.499741 56
0 0.681996 0.0922595 0.00773099 0.0401294 0.747781 22
0 0.457062 0.0957933 0.00897551 0.0438788 0.643175 63
0 0.164867 0.117168 0.0120579 0.0498217 0.31881 64
0 0.45586 0.146126 0.0100776 0.0500008 0.673222 8
0 0.235767 0.115911 0.00917762 0.0444818 0.624006 89
0 0.538178 0.0790421 0.0119611 0.037325 0.630233 41
0 0.410727 0.0972207 0.00909602 0.0439993 0.489755 70
