0 0.445618 0.695913 0.0317684 0.0991763 0.864999 4
0 0.0727831 0.248918 0.0173975 0.0576047 0.83199 93
0 0.319374 0.178791 0.0109152 0.0478694 0.783458 20
0 0.565978 0.261951 0.0149999 0.0600113 0.791784 38
0 0.495065 0.0498766 0.00694844 0.0382031 0.512086 102
0 0.45911 0.239557 0.0138038 0.0569786 0.641892 3
0 0.468543 0.260992 0.0154948 0.0553927 0.742384 88
0 0.489409 0.131393 0.00990012 0.046575 0.654595 22
0 0.58287 0.110434 0.0109616 0.0426773 0.603711 71
0 0.447204 0.153902 0.0104224 0.0478071 0.674668 41
0 0.532072 0.137639 0.0088233 0.0472262 0.776923 75
0 0.469037 0.11078 0.00906134 0.0439089 0.44903 8
0 0.561781 0.0871403 0.00888945 0.0417695 0.729011 109
0 0.37889 0.108802 0.0105849 0.0577239 0.556214 89
0 0.163407 0.120439 0.0120063 0.0479323 0.381469 64
0 0.186606 0.107314 0.0124105 0.0520614 0.330689 111
