0 0.39847 0.890278 0.0309368 0.119232 0.846169 4
0 0.161828 0.115795 0.0141225 0.0491773 0.402533 64
0 0.356015 0.446635 0.0286151 0.0695488 0.838701 38
0 0.658291 0.181363 0.0120968 0.0552445 0.700537 8
0 0.575464 0.196844 0.0126041 0.058233 0.547049 22
0 0.290891 0.293944 0.018143 0.0609221 0.792675 20
0 0.332143 0.138362 0.0108195 0.0485845 0.701109 70
0 0.470903 0.196315 0.0115469 0.0536059 0.791306 73
0 0.352293 0.213126 0.0254836 0.0537232 0.747714 71
0 0.376202 0.399286 0.0320407 0.0572988 0.851814 3
0 0.593939 0.122914 0.010751 0.0455047 0.741357 63
0 0.538524 0.187011 0.00997454 0.0524311 0.756542 41
0 0.509599 0.335919 0.0241185 0.0369995 0.665087 11
0 0.391553 0.135001 0.0182322 0.0414287 0.391107 72
