0 0.49196 0.793622 0.0270644 0.107271 0.854828 4
0 0.0877176 0.238674 0.0208108 0.0578058 0.791714 93
0 0.607003 0.283704 0.0160935 0.0629476 0.816101 38
0 0.443885 0.253052 0.0146724 0.0560231 0.512247 3
0 0.437024 0.265162 0.0134417 0.0641402 0.595939 88
0 0.14588 0.131803 0.00955369 0.0621002 0.483541 64
0 0.31667 0.119534 0.0111192 0.0426633 0.793127 110
0 0.595299 0.174602 0.0133142 0.0496808 0.739382 22
0 0.420175 0.13358 0.00669727 0.0456491 0.768375 89
0 0.522951 0.185785 0.00996513 0.0422939 0.525663 41
0 0.520046 0.115585 0.00967735 0.0473666 0.643973 56
0 0.670382 0.0968283 0.0120328 0.0459432 0.519999 109
0 0.167893 0.120987 0.0118442 0.0510912 0.342487 115
0 0.495671 0.126271 0.0099226 0.047226 0.663085 8
0 0.406511 0.229191 0.0120121 0.0569199 0.789909 20
0 0.49833 0.181884 0.0109276 0.0529519 0.580685 75
0 0.652038 0.164086 0.012075 0.0506907 0.694951 71
