0 0.499711 0.691522 0.0247752 0.0989947 0.84352 4
0 0.705656 0.195966 0.018298 0.0461371 0.709195 38
0 0.573011 0.251713 0.0164743 0.0616943 0.823523 3
0 0.459141 0.289331 0.0127487 0.0603646 0.789552 11
0 0.677443 0.101373 0.0115346 0.04134 0.595955 56
0 0.493563 0.180761 0.013239 0.0560487 0.823911 13
0 0.738241 0.117898 0.0112535 0.0400244 0.550465 41
0 0.529996 0.0849593 0.00918897 0.0432089 0.638273 6
0 0.534675 0.174036 0.0125793 0.0549102 0.752857 8
0 0.518379 0.0385915 0.00810471 0.0379801 0.429324 22
0 0.426657 0.100548 0.00951157 0.0419902 0.442982 5
0 0.470967 0.0987236 0.00717325 0.0449558 0.718892 55
0 0.284444 0.103473 0.0104721 0.0426207 0.614586 1
0 0.48576 0.145314 0.010189 0.0464833 0.47633 20
