0 0.491609 0.79321 0.0273677 0.108564 0.854717 4
0 0.0799453 0.242329 0.0179778 0.0613519 0.780725 93
0 0.608717 0.285752 0.0168908 0.0621997 0.805259 38
0 0.443822 0.253958 0.0152247 0.0575209 0.601792 3
0 0.436491 0.267179 0.0137457 0.0607182 0.647593 88
0 0.14861 0.131737 0.0173514 0.0605724 0.569605 64
0 0.31699 0.119271 0.0108663 0.0427803 0.794495 110
0 0.605449 0.172413 0.0124976 0.0498004 0.763793 22
0 0.420321 0.133506 0.00718279 0.0463119 0.742676 89
0 0.524526 0.189709 0.0108786 0.0374506 0.365819 41
0 0.514515 0.112486 0.0105159 0.0453249 0.481111 56
0 0.677892 0.0970279 0.011631 0.0453724 0.683709 109
0 0.492506 0.130082 0.00978505 0.0490829 0.6029 8
0 0.408759 0.236423 0.0115273 0.0547786 0.809534 20
0 0.497975 0.181794 0.0108813 0.0525632 0.628348 75
0 0.655755 0.169425 0.0115692 0.0537795 0.68226 71
0 0.471281 0.0480985 0.00870934 0.0358971 0.368412 102
