0 0.487502 0.513374 0.0214347 0.0859327 0.812693 1
0 0.810034 0.560531 0.0244603 0.0913273 0.825262 2
0 0.499476 0.884941 0.0320181 0.116345 0.835865 4
0 0.73017 0.429537 0.019248 0.0832379 0.78174 6
0 0.632146 0.373967 0.0180782 0.0730287 0.797094 7
0 0.765573 0.263426 0.015543 0.0593837 0.712206 8
0 0.890076 0.455174 0.0272579 0.0765666 0.75518 12
0 0.869222 0.465555 0.0223194 0.0780803 0.815 20
0 0.676508 0.219355 0.0109495 0.0572395 0.479611 13
0 0.663854 0.278493 0.0143721 0.0609944 0.72727 10
0 0.560305 0.572022 0.0133729 0.07432 0.646591 11
0 0.550013 0.544066 0.0277288 0.0706025 0.775762 3
0 0.38601 0.245931 0.0142045 0.0546037 0.747108 5
0 0.22311 0.056137 0.010525 0.0376906 0.340257 22
