0 0.39461 0.898176 0.0328463 0.111995 0.872553 4
0 0.200007 0.517577 0.033747 0.0817873 0.498855 38
0 0.639747 0.207102 0.0128372 0.0581537 0.741712 8
0 0.558346 0.217539 0.0145313 0.0578908 0.737204 22
0 0.265587 0.342978 0.0184654 0.0700741 0.815587 20
0 0.324792 0.158398 0.0120065 0.048905 0.327442 70
0 0.462197 0.208422 0.0114533 0.0571259 0.804306 73
0 0.350617 0.245896 0.0259096 0.0581549 0.710552 71
0 0.327446 0.410454 0.025198 0.0808426 0.827485 3
0 0.591534 0.133578 0.0235943 0.0503074 0.748041 63
0 0.538309 0.208878 0.0117598 0.0561671 0.716171 41
0 0.505646 0.338135 0.0209287 0.0422722 0.680318 11
0 0.383016 0.14535 0.0189979 0.0437986 0.646822 72
0 0.492602 0.12876 0.0106085 0.0452967 0.788 56
