0 0.418797 0.638096 0.0296433 0.0981612 0.872478 4
0 0.442458 0.201871 0.00975914 0.0538726 0.817105 11
0 0.0715798 0.218098 0.0161211 0.0522823 0.639274 65
0 0.515253 0.193676 0.0144014 0.0762444 0.581472 3
0 0.508554 0.0758075 0.0135152 0.048951 0.422361 56
0 0.162326 0.112793 0.0127561 0.0547539 0.620548 64
0 0.528201 0.0545525 0.00899455 0.0416218 0.647681 41
0 0.46889 0.0486554 0.00877101 0.0405597 0.597897 20
0 0.487178 0.0640249 0.00922066 0.0298421 0.320564 22
0 0.627426 0.0571423 0.00878728 0.0402113 0.436467 8
0 0.502608 0.0398065 0.0106724 0.0436786 0.328521 63
