0 0.501758 0.656302 0.0303421 0.0975993 0.855561 4
0 0.123054 0.200922 0.0136071 0.0547353 0.697509 124
0 0.486875 0.189696 0.0111343 0.0516751 0.796219 88
0 0.786274 0.098465 0.0103661 0.0432852 0.317529 132
0 0.506147 0.0578635 0.00682408 0.0353476 0.544008 150
0 0.183998 0.0961402 0.0133487 0.066557 0.33602 156
0 0.458488 0.0736862 0.00760787 0.039595 0.653434 154
0 0.674618 0.118284 0.0126996 0.0465154 0.681821 3
0 0.429983 0.0656989 0.0104822 0.0452975 0.517715 20
0 0.51721 0.0532128 0.0113892 0.0534626 0.536302 137
0 0.172488 0.113584 0.0177615 0.0544212 0.349092 111
0 0.432425 0.0734689 0.0136045 0.0581262 0.321674 136
0 0.477817 0.0732547 0.00999962 0.0455341 0.638 22
