0 0.388726 0.751448 0.0264789 0.104309 0.846841 4
0 0.653177 0.26667 0.0168096 0.0603654 0.779129 38
0 0.35338 0.27576 0.0140749 0.0607869 0.73975 3
0 0.294064 0.375234 0.0180096 0.0701584 0.772079 11
0 0.419453 0.209079 0.0107007 0.052773 0.656841 8
0 0.0829057 0.232629 0.0192416 0.0572896 0.699357 1
0 0.490827 0.0541571 0.00900911 0.0355292 0.266245 22
0 0.218622 0.220993 0.0124148 0.0528728 0.660419 20
0 0.217674 0.166494 0.0111919 0.0431692 0.455695 55
0 0.36196 0.178051 0.0115894 0.045913 0.675324 56
0 0.186918 0.235216 0.0158171 0.0577784 0.585014 13
0 0.395773 0.175357 0.0112409 0.0449152 0.57465 7
0 0.120694 0.160736 0.0156556 0.0570716 0.466099 39
0 0.340587 0.142545 0.0150855 0.0458048 0.547586 6
0 0.52097 0.14353 0.00965516 0.0486386 0.740418 41
0 0.226728 0.160797 0.0155979 0.0435784 0.448273 5
