0 0.501826 0.687109 0.0274289 0.0965391 0.835646 4
0 0.720303 0.234364 0.0183893 0.0588292 0.806313 38
0 0.508874 0.262647 0.0155559 0.0610453 0.765371 3
0 0.419845 0.326572 0.0159875 0.0678385 0.79849 11
0 0.578563 0.123786 0.0129987 0.0456682 0.710171 56
0 0.409354 0.200224 0.0126204 0.0593273 0.520647 13
0 0.627047 0.129766 0.0162935 0.0459954 0.629557 7
0 0.655854 0.14897 0.0134965 0.0508711 0.805259 41
0 0.428707 0.117603 0.0101853 0.0469273 0.753818 55
0 0.390124 0.116872 0.0096782 0.0416774 0.638128 5
0 0.412493 0.157582 0.0119068 0.0474301 0.411075 20
0 0.510032 0.108787 0.010602 0.0475235 0.670094 6
0 0.505074 0.188066 0.0134363 0.0559449 0.777453 8
0 0.20643 0.146915 0.0114578 0.0473764 0.659097 1
