0 0.431894 0.707982 0.0266964 0.102841 0.883611 4
0 0.445018 0.207828 0.0130709 0.0547957 0.794116 38
0 0.615851 0.210537 0.0175934 0.0553422 0.826597 88
0 0.0418417 0.27352 0.0200523 0.0595891 0.786531 93
0 0.587894 0.177367 0.0127274 0.0521299 0.732571 3
0 0.331459 0.16136 0.0132574 0.0505775 0.760549 20
0 0.527722 0.106238 0.0100174 0.0502314 0.523919 8
0 0.392249 0.0759732 0.00585012 0.0396897 0.584072 89
0 0.594213 0.0882779 0.011204 0.0413011 0.407258 71
0 0.527628 0.100379 0.010425 0.0513443 0.272597 63
0 0.165788 0.119556 0.0133283 0.0508044 0.411942 64
0 0.58156 0.068774 0.00898469 0.0385573 0.454198 22
0 0.610732 0.0906557 0.015037 0.0403888 0.288259 75
0 0.147707 0.124378 0.0131521 0.0557009 0.294817 104
0 0.453685 0.067004 0.00862449 0.039348 0.588425 56
