0 0.40369 0.903304 0.0320237 0.119871 0.837731 4
0 0.0650414 0.580558 0.0245498 0.0760694 0.840156 38
0 0.0929022 0.276081 0.017222 0.0542256 0.515122 20
0 0.0935904 0.199561 0.0162822 0.0528165 0.693811 70
0 0.442011 0.169501 0.0107124 0.0549565 0.70953 73
0 0.236336 0.208663 0.0167371 0.0483697 0.655232 71
0 0.356073 0.371033 0.0158794 0.0744001 0.783078 3
0 0.555792 0.14181 0.00875212 0.0496704 0.765017 63
0 0.396585 0.404818 0.0160864 0.0741061 0.780443 11
0 0.219794 0.160359 0.0135684 0.0428658 0.61839 72
0 0.537175 0.223318 0.0153399 0.0603877 0.727132 8
0 0.408842 0.142265 0.0125896 0.0486572 0.753196 56
0 0.160023 0.117009 0.0133917 0.0476674 0.419209 64
0 0.735842 0.207069 0.0142201 0.055076 0.780782 22
0 0.507463 0.0416198 0.00881799 0.0417336 0.493243 75
0 0.435284 0.199989 0.0120382 0.0538374 0.625912 41
