0 0.445631 0.695097 0.0307837 0.0980602 0.878138 4
0 0.0522161 0.269709 0.0206673 0.0628935 0.792639 93
0 0.319264 0.144552 0.0103144 0.0449717 0.735925 20
0 0.507446 0.111294 0.0103228 0.0448468 0.759951 8
0 0.456679 0.237608 0.0120983 0.055714 0.818908 38
0 0.477803 0.105831 0.00840515 0.0421573 0.498446 22
0 0.514684 0.234079 0.0119902 0.0488614 0.281644 88
0 0.579033 0.122147 0.00836748 0.0454115 0.668549 75
0 0.406634 0.130542 0.00856425 0.0447905 0.70437 41
0 0.49579 0.0457866 0.00663532 0.0348155 0.45474 102
0 0.345532 0.101044 0.00731678 0.04134 0.747566 89
0 0.528324 0.0701148 0.0103891 0.0401773 0.552755 109
0 0.147849 0.125407 0.0131443 0.0535548 0.459772 111
0 0.512669 0.218675 0.0131378 0.0798907 0.623907 3
0 0.551955 0.0898354 0.00933119 0.0414291 0.3461 71
