0 0.530497 0.652565 0.0305921 0.0981188 0.869116 4
0 0.115883 0.205387 0.0153539 0.0522163 0.573348 124
0 0.51341 0.198987 0.0102016 0.0541331 0.785577 88
0 0.784016 0.139684 0.0158823 0.0503204 0.710703 132
0 0.406316 0.0953753 0.00943015 0.0423892 0.653616 136
0 0.521355 0.0782691 0.0102119 0.0498574 0.647223 22
0 0.495089 0.0719491 0.00923389 0.0357764 0.638805 56
0 0.165283 0.118674 0.0168586 0.058829 0.438178 127
0 0.415843 0.0714292 0.0125506 0.0335496 0.385378 109
0 0.688984 0.101484 0.00892607 0.0438817 0.626672 3
0 0.476504 0.0714481 0.0108421 0.0373177 0.419878 89
0 0.463657 0.0864999 0.0148627 0.0358089 0.504227 20
