0 0.475369 0.783922 0.0230268 0.108551 0.811863 4
0 0.103427 0.23348 0.0167792 0.0628528 0.776729 93
0 0.393006 0.211302 0.0138944 0.0503689 0.761094 20
0 0.595446 0.274602 0.0122177 0.0610738 0.800571 38
0 0.442141 0.255406 0.0156627 0.0581051 0.608638 3
0 0.435083 0.266543 0.0142873 0.0624386 0.666394 88
0 0.143185 0.132314 0.0123313 0.0648213 0.429977 64
0 0.324167 0.119245 0.0108204 0.0470318 0.471359 110
0 0.498207 0.114692 0.00962604 0.0449053 0.322214 8
0 0.503506 0.175661 0.012803 0.0537466 0.499417 75
0 0.510885 0.115239 0.0108509 0.0450793 0.575036 56
0 0.17197 0.117025 0.0139123 0.0543351 0.323031 111
0 0.161295 0.118465 0.0115221 0.0493406 0.363872 115
0 0.630704 0.146454 0.00947755 0.0431102 0.678211 71
0 0.558221 0.160806 0.00935059 0.0498811 0.807231 22
0 0.635455 0.0975646 0.00861912 0.0427893 0.469469 109
0 0.404136 0.129892 0.00894578 0.0469242 0.75115 89
0 0.510208 0.177862 0.00958735 0.0490139 0.595211 41
