0 0.505284 0.855835 0.0300076 0.103379 0.840169 4
0 0.717747 0.267013 0.0132802 0.0626995 0.760412 88
0 0.15987 0.120598 0.0157042 0.0607902 0.436476 64
0 0.755503 0.246145 0.0143904 0.0605121 0.764597 3
0 0.521207 0.0462875 0.0100728 0.0371011 0.263431 102
0 0.627837 0.192303 0.013573 0.0505236 0.772732 126
0 0.595469 0.202939 0.0124018 0.056261 0.759595 41
0 0.505734 0.181998 0.00986379 0.0566305 0.784625 8
0 0.64836 0.133209 0.0114674 0.0485551 0.727805 109
0 0.730343 0.0981167 0.0105273 0.04426 0.589344 22
0 0.495222 0.132638 0.00773532 0.044846 0.769498 89
0 0.183663 0.0955256 0.0141535 0.0716407 0.467993 127
0 0.517481 0.102919 0.0075537 0.0392255 0.690276 110
0 0.792066 0.153083 0.0191934 0.0517608 0.742515 71
0 0.405534 0.233755 0.0144259 0.0595048 0.797843 20
0 0.173337 0.117372 0.0147577 0.0499824 0.317322 115
