0 0.11905 0.329727 0.0196477 0.0649434 0.756964 1
0 0.420558 0.772704 0.0310073 0.108326 0.863266 4
0 0.404854 0.259909 0.0119748 0.0633306 0.764137 7
0 0.289044 0.421528 0.0168772 0.0746245 0.813684 11
0 0.461649 0.22354 0.0108482 0.0545966 0.786885 20
0 0.583171 0.230572 0.0119211 0.0560252 0.790648 34
0 0.772801 0.221673 0.0167403 0.0606862 0.789795 41
0 0.474768 0.315921 0.0157426 0.0638698 0.831791 38
0 0.520889 0.163751 0.0121363 0.0484604 0.718864 6
0 0.375015 0.396245 0.0176635 0.0759179 0.805855 3
0 0.482474 0.06093 0.00904868 0.0377497 0.410324 22
0 0.672664 0.204875 0.0164062 0.0517929 0.70961 8
0 0.188446 0.185158 0.0130432 0.0494954 0.594035 5
0 0.446403 0.204516 0.0127671 0.0562191 0.761978 13
0 0.0885473 0.235957 0.0244279 0.0561757 0.64862 10
