0 0.0628257 0.286279 0.0172268 0.0633303 0.751979 1
0 0.385872 0.757475 0.0278282 0.105258 0.833539 4
0 0.378799 0.240757 0.0132624 0.0648732 0.745417 7
0 0.300189 0.394227 0.0160284 0.0644901 0.718286 11
0 0.429993 0.200597 0.0130317 0.0539575 0.763482 20
0 0.703663 0.189762 0.0159192 0.0553987 0.801757 41
0 0.47612 0.319781 0.0144385 0.0659484 0.783704 38
0 0.363384 0.36283 0.0159284 0.0742004 0.799963 3
0 0.484536 0.0569685 0.00898352 0.0394932 0.324573 22
0 0.559478 0.18837 0.0126466 0.0503984 0.488726 8
0 0.205795 0.174828 0.0124821 0.0488616 0.672737 5
0 0.403098 0.187545 0.00954479 0.0504821 0.765961 13
0 0.452468 0.153478 0.0126477 0.0482328 0.568073 6
0 0.843486 0.137755 0.0146367 0.0691805 0.293578 52
0 0.566062 0.213587 0.0117182 0.0500053 0.445028 34
