0 0.400209 0.887948 0.0293759 0.120554 0.820096 4
0 0.162931 0.114998 0.0146122 0.0506614 0.476954 64
0 0.373362 0.440617 0.0221615 0.0698526 0.688056 38
0 0.660407 0.177099 0.0117847 0.0551365 0.725051 8
0 0.501125 0.11785 0.0111953 0.0475707 0.47237 56
0 0.576822 0.19391 0.0111492 0.0547622 0.584765 22
0 0.293885 0.29078 0.0180026 0.0608268 0.761515 20
0 0.333559 0.136835 0.0106823 0.050468 0.705526 70
0 0.471874 0.194492 0.0118501 0.0567597 0.753259 73
0 0.353228 0.209369 0.0228983 0.0488739 0.675918 71
0 0.382168 0.393471 0.0261515 0.0518055 0.818737 3
0 0.593922 0.120799 0.0101337 0.0479761 0.789751 63
0 0.539569 0.184733 0.0096557 0.0508286 0.743851 41
0 0.509523 0.33543 0.0238963 0.0385223 0.717456 11
0 0.392927 0.133583 0.0143437 0.0429584 0.631042 72
