0 0.420301 0.635106 0.0304726 0.0963451 0.878079 4
0 0.443653 0.20674 0.0131555 0.054112 0.844817 11
0 0.524171 0.195146 0.0124996 0.0556652 0.513953 38
0 0.0730735 0.225806 0.0222387 0.057919 0.820272 65
0 0.509183 0.194463 0.0116377 0.0551282 0.748076 3
0 0.51194 0.0726205 0.0119837 0.0592548 0.430053 56
0 0.509583 0.0788864 0.0110389 0.0469152 0.426622 1
0 0.60822 0.0658218 0.00950025 0.0391358 0.611854 8
0 0.482218 0.057308 0.00631428 0.0359845 0.599339 20
0 0.531154 0.0637285 0.00770292 0.0368662 0.566719 22
0 0.16354 0.111911 0.0116762 0.0544281 0.50148 64
0 0.540956 0.0580741 0.00769622 0.0390683 0.536902 41
