0 0.448673 0.748461 0.0289606 0.110008 0.845228 4
0 0.281498 0.239645 0.0140899 0.0575899 0.772026 38
0 0.376874 0.293151 0.0143814 0.0653808 0.795945 88
0 0.00699595 0.313386 0.0139774 0.0603588 0.805658 93
0 0.261211 0.186583 0.0142944 0.0534854 0.660314 20
0 0.522089 0.183013 0.0111564 0.0551782 0.682824 70
0 0.361934 0.0966837 0.0133693 0.0433299 0.494474 56
0 0.291151 0.134698 0.00917724 0.0422749 0.638509 72
0 0.429527 0.14728 0.0108164 0.0456004 0.737767 71
0 0.514878 0.230007 0.0159588 0.0592259 0.723385 3
0 0.163241 0.117947 0.0145605 0.0551202 0.294689 64
0 0.563047 0.0988813 0.0097147 0.0467888 0.701122 63
0 0.757353 0.124385 0.01172 0.0439515 0.550158 22
0 0.591393 0.181958 0.0114997 0.0538872 0.696317 8
0 0.54577 0.129038 0.0100862 0.0483923 0.662982 41
