0 0.379716 0.748242 0.0269126 0.105743 0.852176 4
0 0.594995 0.273988 0.012301 0.0610471 0.769717 38
0 0.34179 0.270447 0.0125747 0.0606988 0.723776 3
0 0.296218 0.346682 0.0156229 0.0644254 0.7761 11
0 0.227612 0.15097 0.0148907 0.0368936 0.507937 5
0 0.393618 0.20914 0.0103912 0.0544915 0.712144 8
0 0.0625621 0.240131 0.0156366 0.0544109 0.666987 1
0 0.491014 0.0529298 0.00860605 0.036853 0.289498 22
0 0.538137 0.14842 0.0114562 0.0494156 0.69441 41
0 0.364265 0.215083 0.0152775 0.0514332 0.480582 7
0 0.303826 0.174207 0.0175144 0.0493176 0.633125 20
0 0.122415 0.193843 0.0148334 0.0500152 0.565518 55
0 0.377548 0.191028 0.0100457 0.0511594 0.48757 56
0 0.326753 0.137591 0.0105573 0.0462359 0.378605 6
