0 0.488508 0.798328 0.0343002 0.111015 0.872644 4
0 0.0619721 0.253526 0.0166613 0.0581572 0.76818 93
0 0.608016 0.279664 0.0165904 0.0628816 0.81194 38
0 0.319574 0.121294 0.00639413 0.0428131 0.750281 110
0 0.616201 0.171941 0.0125989 0.0506117 0.789341 22
0 0.524866 0.191344 0.0103167 0.0370615 0.502168 41
0 0.487885 0.135816 0.0100306 0.0476296 0.766937 8
0 0.41728 0.242715 0.0146912 0.0580239 0.752233 20
0 0.706259 0.189111 0.0135447 0.0540809 0.720214 71
0 0.466776 0.0501227 0.00833413 0.037546 0.484015 102
0 0.444206 0.133084 0.00807454 0.0441993 0.762622 89
0 0.441155 0.259847 0.0138103 0.0667333 0.587198 88
0 0.49742 0.188276 0.0102444 0.0531211 0.707921 75
0 0.15245 0.125309 0.009983 0.0481276 0.389106 64
0 0.176675 0.115762 0.0115107 0.0448748 0.376537 111
0 0.166062 0.121756 0.012845 0.0503549 0.469059 115
0 0.469092 0.104958 0.00870139 0.0448201 0.510924 56
0 0.446957 0.266998 0.0133161 0.058246 0.30079 3
