0 0.0926843 0.316985 0.0209882 0.0643845 0.782578 1
0 0.411979 0.773601 0.0281241 0.106912 0.837648 4
0 0.392592 0.253546 0.0136525 0.0634079 0.719669 7
0 0.291832 0.411002 0.0165892 0.0714745 0.774636 11
0 0.448605 0.213365 0.013118 0.0559263 0.655115 20
0 0.575548 0.223452 0.0127574 0.0567747 0.613331 34
0 0.751369 0.209839 0.0151026 0.0557926 0.721451 41
0 0.46868 0.317984 0.0111101 0.067275 0.800587 38
0 0.37068 0.385997 0.0175901 0.0752318 0.834779 3
0 0.483785 0.0602772 0.00881774 0.0384527 0.404851 22
0 0.633985 0.198773 0.0193073 0.0509321 0.764256 8
0 0.193872 0.18176 0.0116428 0.0491973 0.648229 5
0 0.427075 0.20016 0.0120461 0.0543626 0.646989 13
0 0.0520285 0.244988 0.0217922 0.0564367 0.467889 10
0 0.497181 0.160979 0.0153907 0.0512671 0.768117 6
