0 0.406324 0.480251 0.0207262 0.0838516 0.830852 1
0 0.748159 0.406248 0.0186759 0.0752625 0.806241 2
0 0.532443 0.824399 0.0301456 0.101802 0.856194 4
0 0.810276 0.277486 0.0179717 0.0636968 0.789964 6
0 0.604729 0.355077 0.0158798 0.0771052 0.812436 7
0 0.552768 0.276248 0.01461 0.0602662 0.826302 10
0 0.490016 0.536524 0.021282 0.0849996 0.82425 11
0 0.312201 0.249638 0.0126685 0.0553264 0.771572 5
0 0.879076 0.279075 0.0170788 0.0626766 0.687628 8
0 0.153336 0.12878 0.0143198 0.0547021 0.571544 31
0 0.463541 0.52753 0.0228038 0.0852228 0.81978 3
0 0.777916 0.376024 0.018667 0.0719708 0.799418 20
0 0.857209 0.336239 0.0217039 0.0657888 0.661421 34
0 0.732806 0.218457 0.0201382 0.0484545 0.660744 13
0 0.135716 0.125492 0.0210238 0.0791856 0.725896 23
