0 0.491646 0.793749 0.0277589 0.107956 0.857643 4
0 0.0785094 0.244388 0.0174974 0.0578886 0.789452 93
0 0.607952 0.286341 0.0184064 0.0629164 0.804573 38
0 0.444115 0.253575 0.014688 0.0582493 0.621862 3
0 0.436372 0.266575 0.0136528 0.061956 0.663633 88
0 0.150747 0.13591 0.0149124 0.0514052 0.432285 64
0 0.31703 0.119375 0.0108366 0.0426704 0.791811 110
0 0.60816 0.171627 0.00918083 0.0501759 0.728191 22
0 0.420508 0.13358 0.00724049 0.045621 0.753415 89
0 0.52461 0.189416 0.0112454 0.0379327 0.385825 41
0 0.512856 0.112049 0.0115479 0.0443253 0.478564 56
0 0.681405 0.0970986 0.00863062 0.0446447 0.771894 109
0 0.491749 0.13026 0.0104558 0.0492846 0.664752 8
0 0.409436 0.237098 0.0126377 0.0552739 0.792754 20
0 0.657319 0.171159 0.011005 0.0534567 0.72102 71
0 0.47084 0.0475649 0.00847772 0.0384479 0.401856 102
