0 0.531032 0.653731 0.0300745 0.0986237 0.867736 4
0 0.117744 0.207239 0.0150229 0.0526168 0.678237 124
0 0.461766 0.0832997 0.00860132 0.0437529 0.576302 89
0 0.416307 0.0737682 0.00983407 0.0401173 0.564705 109
0 0.481495 0.193204 0.0102367 0.0518415 0.825783 88
0 0.506651 0.078919 0.00790078 0.0415732 0.607497 22
0 0.429224 0.095752 0.00900911 0.0430005 0.687071 41
0 0.163179 0.122384 0.0124493 0.0559727 0.449019 111
0 0.797971 0.148458 0.0125377 0.0530797 0.745329 132
0 0.529257 0.0420152 0.00848678 0.0345075 0.279171 102
0 0.180511 0.115068 0.0141267 0.0506734 0.394053 127
0 0.235161 0.041953 0.00778375 0.0366638 0.310508 135
0 0.487178 0.0745475 0.0099199 0.0471028 0.562786 131
0 0.692657 0.104539 0.0107297 0.0459376 0.659666 8
