0 0.420178 0.652825 0.0311487 0.0970304 0.864933 4
0 0.373942 0.213332 0.0132892 0.0550944 0.645719 11
0 0.0757631 0.218073 0.0160666 0.0526178 0.690834 65
0 0.641671 0.0548823 0.00867252 0.0418338 0.653394 8
0 0.475818 0.174311 0.0136404 0.0543433 0.605362 3
0 0.162652 0.112998 0.0123951 0.0556126 0.617004 64
0 0.558375 0.0724257 0.0065108 0.0392833 0.638522 63
0 0.404875 0.0765724 0.00893669 0.0414476 0.613687 41
0 0.57313 0.175563 0.0161359 0.053372 0.828215 38
0 0.312048 0.090021 0.0110461 0.0368573 0.733457 20
0 0.477582 0.0586576 0.00822795 0.0392299 0.297333 22
0 0.348651 0.0721703 0.0107185 0.0384631 0.419417 71
0 0.544588 0.0583001 0.00955194 0.0374889 0.498864 56
0 0.216365 0.0664328 0.00886938 0.0362441 0.561839 70
0 0.50473 0.0491907 0.00828193 0.033527 0.372831 73
0 0.433469 0.0465772 0.00762504 0.039036 0.413728 72
