0 0.488724 0.798714 0.034038 0.110654 0.875426 4
0 0.0612188 0.25426 0.0171994 0.0573895 0.805293 93
0 0.617887 0.271279 0.0176977 0.0594919 0.803209 38
0 0.319987 0.121081 0.00834866 0.0427488 0.77846 110
0 0.62075 0.172219 0.0115768 0.0496948 0.827422 22
0 0.524692 0.192152 0.0116356 0.0352701 0.500349 41
0 0.482991 0.132599 0.00865993 0.0469744 0.592721 8
0 0.396685 0.233477 0.0133473 0.0556936 0.788506 20
0 0.732384 0.191489 0.0141397 0.054809 0.71431 71
0 0.440962 0.132253 0.00997938 0.0471169 0.753 89
0 0.443165 0.261484 0.0178198 0.0683893 0.789774 88
0 0.483192 0.181078 0.0104172 0.0507977 0.746231 75
0 0.154365 0.124298 0.00936777 0.0494301 0.377488 64
0 0.453932 0.104036 0.00871684 0.0437391 0.711508 56
0 0.459625 0.0451889 0.0086374 0.034026 0.441108 102
0 0.702269 0.100505 0.00927277 0.0464468 0.366646 109
