0 0.531349 0.652269 0.0304014 0.0986907 0.865029 4
0 0.117192 0.205896 0.0151524 0.0517869 0.670336 124
0 0.461201 0.0827271 0.00813669 0.0389432 0.728124 89
0 0.481783 0.192131 0.00989265 0.0511187 0.816716 88
0 0.796218 0.144192 0.0124817 0.049791 0.784103 132
0 0.683395 0.105507 0.0144551 0.0505724 0.413297 3
0 0.479384 0.0778193 0.00907739 0.0421838 0.539125 22
0 0.495569 0.0771441 0.0076718 0.0406413 0.631178 56
0 0.420121 0.0746171 0.00858005 0.0407683 0.465528 109
0 0.44531 0.0797147 0.00910524 0.0376636 0.513815 126
0 0.680074 0.106279 0.0093544 0.0487194 0.55667 136
0 0.531207 0.0410492 0.00861117 0.0346617 0.340155 102
