0 0.418452 0.652603 0.0305712 0.0977806 0.868588 4
0 0.362339 0.200065 0.0150618 0.0499572 0.698574 11
0 0.0755087 0.218328 0.0164455 0.0537751 0.684463 65
0 0.508781 0.170595 0.0147092 0.0474411 0.73332 3
0 0.162075 0.114105 0.0132967 0.0540607 0.630151 64
0 0.360327 0.0936531 0.0124677 0.0409463 0.696786 41
0 0.634376 0.136623 0.0136592 0.0461444 0.811837 38
0 0.213926 0.11764 0.0115634 0.0439332 0.682814 20
0 0.49033 0.0817052 0.0120235 0.0343422 0.655379 22
0 0.252993 0.0772897 0.0101944 0.0381704 0.590939 71
0 0.507819 0.0673114 0.008308 0.0374684 0.722498 73
0 0.410684 0.0656503 0.00849441 0.0333321 0.46187 72
0 0.545103 0.0714264 0.0100143 0.03979 0.618545 56
0 0.55918 0.0671977 0.00971909 0.0341854 0.647873 63
0 0.227653 0.0651197 0.00923721 0.0451139 0.379371 70
0 0.651744 0.0648474 0.0105388 0.0416585 0.63956 8
