0 0.442655 0.782936 0.0274749 0.108462 0.860285 4
0 0.187807 0.488078 0.0264118 0.0843366 0.843118 38
0 0.172281 0.232545 0.0120392 0.056493 0.672856 20
0 0.132834 0.187585 0.0134688 0.0511902 0.685826 70
0 0.311205 0.201517 0.0180426 0.0504777 0.777975 71
0 0.537785 0.208401 0.0107618 0.0559491 0.782761 8
0 0.391075 0.122394 0.0110124 0.0447826 0.602637 56
0 0.80279 0.219963 0.0164873 0.0526269 0.792578 22
0 0.406797 0.380141 0.019898 0.0683609 0.79493 88
0 0.58174 0.128079 0.0132311 0.0453663 0.689126 63
0 0.428859 0.324774 0.0220072 0.0649947 0.820943 3
0 0.364833 0.126088 0.0102727 0.0458966 0.664407 89
0 0.161792 0.116251 0.0128408 0.0502944 0.263933 64
0 0.508849 0.190906 0.0156739 0.0460664 0.485025 41
0 0.276667 0.152212 0.0121518 0.0472057 0.615914 72
