0 0.496313 0.659315 0.0325775 0.0968368 0.885567 4
0 0.116022 0.20713 0.0167018 0.0542101 0.646068 124
0 0.487398 0.190064 0.0113851 0.0540276 0.774298 88
0 0.621887 0.151088 0.0111794 0.049809 0.770145 3
0 0.47933 0.0755061 0.0100983 0.0464157 0.613806 126
0 0.51531 0.0484842 0.00856145 0.0388573 0.430227 137
0 0.49005 0.0732565 0.00896435 0.0427774 0.36453 20
0 0.428998 0.0709801 0.00736014 0.0399669 0.718318 136
0 0.185191 0.110426 0.0101635 0.0452877 0.386051 127
0 0.534396 0.0577974 0.0119229 0.0368357 0.44163 109
0 0.493622 0.0679208 0.00898116 0.0343017 0.510305 22
0 0.68251 0.127222 0.00972246 0.0427484 0.780808 132
