0 0.403788 0.905392 0.0314345 0.114909 0.842389 4
0 0.0493573 0.595136 0.0328537 0.0847167 0.858812 38
0 0.0771335 0.323321 0.0174971 0.0684373 0.800931 20
0 0.116803 0.201458 0.0223361 0.054524 0.793824 70
0 0.44084 0.182066 0.0100688 0.0542451 0.741584 73
0 0.270472 0.216378 0.0171751 0.0539131 0.799868 71
0 0.34911 0.396191 0.0181774 0.0806505 0.812526 3
0 0.549841 0.148718 0.0177398 0.0534016 0.754491 63
0 0.430347 0.414292 0.0180635 0.074904 0.820285 11
0 0.220202 0.179681 0.0118269 0.0488186 0.693927 72
0 0.455687 0.211527 0.0136246 0.0565468 0.74939 41
0 0.555857 0.232534 0.0143412 0.0621621 0.809393 8
0 0.408906 0.150805 0.0118536 0.0522784 0.696931 56
0 0.160289 0.116643 0.0133469 0.0474762 0.334508 64
0 0.701259 0.218115 0.0121674 0.05635 0.536633 22
