0 0.499853 0.692168 0.0248377 0.0992344 0.842632 4
0 0.795229 0.17927 0.00888634 0.0558357 0.735299 38
0 0.639799 0.228414 0.013137 0.0609422 0.732323 3
0 0.516337 0.241492 0.0152818 0.0563109 0.806406 11
0 0.574475 0.160157 0.0124159 0.0505979 0.572436 8
0 0.570899 0.112289 0.00998109 0.0465677 0.511989 20
0 0.608363 0.153011 0.0121091 0.0499144 0.768053 13
0 0.370427 0.0670871 0.00938867 0.0321348 0.544514 1
0 0.736481 0.0821657 0.0111236 0.0460279 0.635425 41
0 0.454488 0.0705855 0.00754096 0.0381165 0.683864 5
0 0.520148 0.0722494 0.00782639 0.0437227 0.61771 6
0 0.471386 0.0606536 0.00790008 0.0367269 0.659872 55
0 0.697792 0.117186 0.0124319 0.0459288 0.591563 56
