0 0.418922 0.654502 0.0303073 0.096633 0.866362 4
0 0.362156 0.208472 0.0106475 0.0544661 0.816929 11
0 0.0748311 0.218506 0.0167247 0.0550322 0.701755 65
0 0.642809 0.0590448 0.00708612 0.0372656 0.723583 8
0 0.468428 0.17238 0.00918875 0.0550049 0.786613 3
0 0.162053 0.112977 0.012417 0.0552335 0.664582 64
0 0.553739 0.0690905 0.0115913 0.0448165 0.603497 63
0 0.402036 0.0836223 0.0152761 0.0392067 0.654346 41
0 0.595559 0.170906 0.0143845 0.0548193 0.814742 38
0 0.27763 0.0989183 0.0126054 0.0394143 0.538652 20
0 0.478001 0.0602387 0.008382 0.0402798 0.61686 22
0 0.214297 0.0688533 0.00901639 0.0388317 0.379984 70
0 0.415854 0.0558728 0.00778894 0.0340736 0.590673 72
0 0.315795 0.0715722 0.00880499 0.0399285 0.578576 71
