0 0.373831 0.416322 0.0190235 0.0776337 0.826263 1
0 0.694097 0.338751 0.0161886 0.055933 0.461196 2
0 0.51695 0.824105 0.0289509 0.107623 0.852033 4
0 0.716135 0.218318 0.0144444 0.0505609 0.717989 6
0 0.584325 0.333537 0.0170531 0.0696685 0.82169 7
0 0.486767 0.267648 0.0251585 0.0574409 0.808528 10
0 0.459758 0.493676 0.021484 0.0800832 0.77941 11
0 0.261434 0.23715 0.0110707 0.0501842 0.753012 5
0 0.881532 0.24443 0.0141813 0.0624932 0.732071 8
0 0.154685 0.123367 0.01614 0.0445966 0.446481 31
0 0.433301 0.495433 0.0231094 0.0817768 0.85219 3
0 0.701224 0.322052 0.0161061 0.0631506 0.520697 20
0 0.797697 0.290537 0.0183622 0.0596367 0.782693 34
0 0.701011 0.209046 0.0196018 0.0496516 0.544425 13
0 0.136572 0.125456 0.0211684 0.0781302 0.547743 23
0 0.139806 0.137017 0.0155961 0.0536478 0.321857 39
