0 0.433401 0.711011 0.0269612 0.103627 0.867359 4
0 0.389369 0.198133 0.00965614 0.0522015 0.7512 38
0 0.504061 0.234989 0.0137525 0.0557787 0.796219 88
0 0.0425764 0.273896 0.0213924 0.0609854 0.780896 93
0 0.539115 0.183642 0.0155547 0.0533651 0.786234 3
0 0.413194 0.0802609 0.00953452 0.0434659 0.670738 56
0 0.16529 0.119108 0.0133164 0.0551908 0.506639 64
0 0.456578 0.106019 0.0102431 0.0413201 0.738994 71
0 0.272436 0.160551 0.0109154 0.0498297 0.746873 20
0 0.481059 0.0751692 0.00826464 0.038854 0.450803 63
0 0.574649 0.0929688 0.0100726 0.0427676 0.482178 72
0 0.542427 0.0799365 0.0125045 0.0375075 0.706516 75
0 0.5286 0.042783 0.00930815 0.0347355 0.386872 102
0 0.502826 0.120685 0.0105694 0.0486964 0.741386 8
0 0.333928 0.073924 0.0118627 0.039755 0.570877 89
0 0.66041 0.0775394 0.00901629 0.0372513 0.421692 41
