0 0.418351 0.652355 0.0304353 0.0984328 0.871502 4
0 0.370521 0.200526 0.0135848 0.0480991 0.676774 11
0 0.0754232 0.218339 0.0163041 0.0541111 0.67304 65
0 0.517899 0.169101 0.017976 0.0478038 0.783555 3
0 0.162097 0.11433 0.0131773 0.0545084 0.589154 64
0 0.364818 0.0918734 0.0127894 0.0402209 0.624818 41
0 0.639399 0.134347 0.0168872 0.0481256 0.787541 38
0 0.216108 0.119874 0.0137895 0.0423147 0.736542 20
0 0.254834 0.0794132 0.00807511 0.0362321 0.674944 71
0 0.508402 0.0679734 0.00857833 0.0362928 0.37701 73
0 0.413468 0.0662594 0.00851119 0.0338678 0.472283 72
0 0.542148 0.0719764 0.00805403 0.0384428 0.539852 56
0 0.563258 0.0699142 0.0131364 0.0371114 0.569888 63
0 0.228775 0.0652983 0.00953738 0.0411676 0.516623 70
0 0.65456 0.0653195 0.0104862 0.0419872 0.697996 8
