0 0.50389 0.502556 0.0153298 0.0829143 0.741781 1
0 0.758089 0.555693 0.0221322 0.0829389 0.823713 2
0 0.498046 0.883197 0.0319431 0.117555 0.841394 4
0 0.742556 0.437382 0.0151836 0.0803682 0.774925 6
0 0.605914 0.373947 0.0113059 0.0784731 0.780772 7
0 0.70609 0.25337 0.016317 0.0591453 0.799627 8
0 0.840885 0.406102 0.0261753 0.0743437 0.856167 12
0 0.952673 0.303623 0.024478 0.0652074 0.511065 14
0 0.792361 0.423681 0.0258225 0.077384 0.318674 20
0 0.636987 0.210604 0.0113498 0.0538439 0.763589 13
0 0.496955 0.054738 0.00915419 0.0386921 0.377855 16
0 0.620421 0.257742 0.015985 0.0593888 0.778471 10
0 0.555104 0.571562 0.0261438 0.07252 0.55222 11
0 0.546758 0.542316 0.0256301 0.065049 0.285132 3
0 0.549765 0.558537 0.0316099 0.097444 0.352489 21
0 0.795707 0.423841 0.0175987 0.076922 0.634502 9
