0 0.499216 0.69145 0.0248147 0.0989681 0.839417 4
0 0.683718 0.204355 0.0185419 0.0489767 0.783883 38
0 0.559806 0.257941 0.0155301 0.0617602 0.822881 3
0 0.447649 0.29986 0.0161214 0.0640261 0.844787 11
0 0.652306 0.106842 0.0118711 0.0430627 0.66429 56
0 0.471943 0.188074 0.0139563 0.0555125 0.603702 13
0 0.717475 0.133685 0.0145702 0.0482683 0.606689 41
0 0.526472 0.0905238 0.00956135 0.0455792 0.329299 6
0 0.52642 0.178572 0.0114345 0.0574923 0.607439 8
0 0.513872 0.0397357 0.00790218 0.0369897 0.435811 22
0 0.419798 0.108499 0.00740738 0.0403569 0.770242 5
0 0.466241 0.103659 0.0099623 0.0437399 0.486711 55
0 0.26151 0.111412 0.0112171 0.0423692 0.688558 1
0 0.467254 0.149432 0.0120598 0.0485793 0.523845 20
