0 0.497665 0.6594 0.0313687 0.097331 0.864173 4
0 0.115831 0.207123 0.0156435 0.0538745 0.625107 124
0 0.482151 0.174586 0.00975107 0.049772 0.831333 88
0 0.629545 0.14626 0.0107532 0.0493163 0.760863 3
0 0.416375 0.0618317 0.00897554 0.0425972 0.593842 136
0 0.685991 0.0742251 0.0128413 0.0296253 0.455393 132
0 0.479832 0.0696791 0.00738643 0.0336707 0.722935 20
0 0.160193 0.120443 0.01504 0.0567865 0.631541 111
0 0.557469 0.0653437 0.0101608 0.0342372 0.486213 126
0 0.569358 0.0925739 0.00809784 0.0371886 0.587319 22
0 0.494574 0.062624 0.00673345 0.0344712 0.693312 109
0 0.633944 0.0615833 0.0101393 0.0352299 0.636418 137
0 0.535875 0.0757825 0.00805855 0.0340946 0.505792 150
