0 0.498304 0.662903 0.0341918 0.0984428 0.869067 4
0 0.116315 0.207336 0.0163123 0.0535294 0.58198 124
0 0.498136 0.200328 0.0134691 0.0537035 0.756434 88
0 0.668244 0.183327 0.012085 0.0515523 0.794984 132
0 0.621351 0.156489 0.0116481 0.0504098 0.77886 3
0 0.474255 0.0783633 0.0119813 0.0510479 0.322824 126
0 0.507074 0.0641044 0.00993656 0.0436705 0.403031 137
0 0.176615 0.115331 0.0145699 0.0506661 0.568045 111
0 0.187957 0.0903751 0.0144546 0.0737779 0.304999 127
0 0.494518 0.0713621 0.00927916 0.0361057 0.362109 20
0 0.459288 0.0829232 0.00788673 0.0430083 0.618398 136
0 0.519837 0.0429116 0.0102414 0.0568906 0.276391 22
