0 0.436699 0.706513 0.0304176 0.102894 0.851871 4
0 0.531746 0.217304 0.0127118 0.0444504 0.71904 11
0 0.0686298 0.224344 0.01557 0.0559693 0.766457 65
0 0.163263 0.113082 0.0123418 0.0552954 0.64818 64
0 0.670048 0.153139 0.0121431 0.0417797 0.707607 38
0 0.694047 0.0783795 0.0102982 0.0398195 0.665813 8
0 0.508147 0.0916989 0.00889546 0.0625941 0.665686 56
0 0.453304 0.0773547 0.00816752 0.0336585 0.47618 72
0 0.555878 0.0791921 0.00943152 0.0403945 0.596879 63
0 0.543901 0.0940033 0.00831038 0.0373403 0.652388 73
0 0.591437 0.108911 0.00980854 0.0407232 0.624011 22
0 0.373352 0.0903525 0.0102543 0.0376356 0.667039 71
0 0.64121 0.161066 0.0148518 0.0430009 0.670202 3
0 0.281007 0.142129 0.0113052 0.0406927 0.808086 20
0 0.328224 0.068989 0.00968097 0.0369752 0.673472 70
