0 0.486441 0.880692 0.0311205 0.119325 0.831922 4
0 0.0125332 0.30857 0.0219528 0.0641776 0.777516 93
0 0.710201 0.210057 0.0177152 0.0529827 0.79431 38
0 0.805627 0.144725 0.0120589 0.0474425 0.745048 71
0 0.545269 0.283228 0.0252249 0.0546086 0.830059 88
0 0.161053 0.12493 0.0141769 0.0578444 0.573034 64
0 0.625538 0.264025 0.0132168 0.0603273 0.583683 3
0 0.17422 0.119945 0.0137688 0.0540549 0.312495 115
0 0.521007 0.047335 0.00960182 0.0391855 0.4584 102
0 0.184432 0.110552 0.0105053 0.0503365 0.465458 111
0 0.437806 0.132411 0.00828107 0.0430295 0.756321 89
0 0.366294 0.182718 0.00945705 0.0473869 0.769222 20
0 0.460222 0.154662 0.0111219 0.0501 0.735902 8
0 0.50476 0.141621 0.00892693 0.0440044 0.693334 126
0 0.18354 0.104681 0.0128498 0.0559711 0.327369 127
0 0.47858 0.0936044 0.00872825 0.0366216 0.268976 110
0 0.544544 0.151007 0.0143415 0.0385007 0.490913 109
0 0.519769 0.164246 0.0150786 0.0381569 0.333864 56
0 0.654852 0.109369 0.0163898 0.0408023 0.562398 22
0 0.495639 0.152187 0.00983814 0.0488608 0.69293 41
