0 0.489316 0.557586 0.0208401 0.0867195 0.831028 4
0 0.115556 0.207599 0.0190307 0.0496203 0.665961 124
0 0.496014 0.181215 0.00997124 0.0518185 0.716313 88
0 0.183048 0.0914745 0.0151506 0.0754251 0.469468 156
0 0.430692 0.0498066 0.0072773 0.0398302 0.588153 20
0 0.70624 0.0999746 0.0076753 0.0431181 0.760387 3
0 0.172164 0.114105 0.0180292 0.0520662 0.304005 111
0 0.56136 0.0630638 0.00851828 0.0347892 0.442014 136
0 0.492142 0.0996106 0.0116707 0.0552321 0.536392 154
0 0.520087 0.0429713 0.0107965 0.0362345 0.353131 109
0 0.540568 0.060865 0.00960083 0.0362924 0.358375 137
