0 0.0445089 0.248231 0.0162897 0.0574134 0.688689 1
0 0.377794 0.74507 0.0280176 0.104944 0.858343 4
0 0.3011 0.397972 0.015142 0.0482802 0.348249 11
0 0.411332 0.180643 0.0114283 0.0509638 0.635257 20
0 0.636782 0.17188 0.0165118 0.0512594 0.78075 41
0 0.513979 0.314375 0.0120056 0.0643346 0.792679 38
0 0.35517 0.331124 0.0156712 0.0699687 0.79674 3
0 0.216813 0.161621 0.0101205 0.045156 0.713738 5
0 0.157473 0.120467 0.0142415 0.0501088 0.35325 31
0 0.490404 0.173415 0.0160647 0.0467181 0.746132 8
0 0.386695 0.172555 0.0108055 0.0441492 0.733014 13
0 0.131238 0.141541 0.0143531 0.0640758 0.556389 39
0 0.542964 0.199387 0.0104855 0.0509614 0.706072 34
0 0.373718 0.219473 0.0120419 0.0544583 0.562848 7
