0 0.444088 0.71733 0.0250701 0.0993852 0.861397 4
0 0.0905664 0.236004 0.0197735 0.055832 0.768102 93
0 0.356634 0.196751 0.0103775 0.0514065 0.763279 20
0 0.577224 0.26262 0.0131461 0.0617967 0.796271 38
0 0.493976 0.0497956 0.00739924 0.0403909 0.467813 102
0 0.475978 0.173314 0.0103025 0.051564 0.480675 41
0 0.392311 0.124141 0.0103508 0.0372955 0.628243 89
0 0.505377 0.155598 0.00975135 0.0495728 0.793268 75
0 0.443757 0.253072 0.013365 0.0619128 0.717616 3
0 0.616126 0.128638 0.00930525 0.0423175 0.743046 71
0 0.49346 0.104853 0.00944351 0.0437246 0.678452 56
0 0.434144 0.265619 0.0131824 0.0605701 0.730796 88
0 0.144533 0.128605 0.0130208 0.0588966 0.487322 64
0 0.3412 0.112784 0.00905339 0.0393372 0.57771 110
0 0.161115 0.121397 0.0134415 0.0509983 0.412578 111
0 0.529555 0.145818 0.00962559 0.0471289 0.759852 22
0 0.603397 0.0936415 0.00894229 0.0450077 0.688192 109
0 0.475676 0.119177 0.011684 0.0674992 0.340002 8
