0 0.513406 0.809633 0.0297941 0.112234 0.854935 4
0 0.807533 0.182477 0.0124751 0.0503907 0.745257 38
0 0.830219 0.154666 0.0154798 0.0433521 0.43452 71
0 0.655306 0.284859 0.0246396 0.0567175 0.8264 88
0 0.161614 0.124468 0.0131255 0.0554282 0.570277 64
0 0.707443 0.268957 0.0204271 0.062631 0.752509 3
0 0.520521 0.0464244 0.00974226 0.0392707 0.415298 102
0 0.382776 0.212874 0.00979961 0.0525274 0.815804 20
0 0.540207 0.158407 0.0124246 0.0416653 0.725435 126
0 0.521343 0.185698 0.013955 0.0540173 0.792945 41
0 0.183233 0.094788 0.0144249 0.0728858 0.367225 127
0 0.485007 0.168516 0.0102914 0.052739 0.742278 8
0 0.184387 0.106814 0.010979 0.0537246 0.340049 111
0 0.462419 0.140804 0.0108349 0.0470296 0.782541 89
0 0.667021 0.175065 0.0175116 0.0532383 0.678818 56
0 0.63311 0.158078 0.00911172 0.0519418 0.788591 109
0 0.704004 0.109537 0.00973174 0.0470048 0.628764 22
0 0.503566 0.101001 0.00880712 0.0409723 0.557937 110
