0 0.44429 0.696326 0.0283303 0.0989675 0.86316 4
0 0.0786558 0.241065 0.0217363 0.0581925 0.79773 93
0 0.330235 0.186729 0.011313 0.0501658 0.788673 20
0 0.575034 0.25971 0.0162326 0.0622629 0.779498 38
0 0.495016 0.051304 0.00713253 0.038587 0.516551 102
0 0.453088 0.266729 0.0160766 0.0547122 0.730613 88
0 0.467614 0.111326 0.0101094 0.0471227 0.69885 8
0 0.57807 0.0908535 0.00889759 0.0428553 0.548344 109
0 0.163609 0.120737 0.0142767 0.0544444 0.452506 64
0 0.458398 0.162681 0.00994676 0.0499188 0.762813 41
0 0.386598 0.119938 0.00750351 0.0411372 0.636949 89
0 0.518445 0.144138 0.00921497 0.0490782 0.752417 75
0 0.444763 0.245192 0.0119747 0.0589434 0.653434 3
0 0.481335 0.0973064 0.00970481 0.0429766 0.64415 56
0 0.504182 0.138155 0.00891536 0.0456347 0.704826 22
0 0.36247 0.10335 0.00951455 0.0414726 0.50832 110
