0 0.46593 0.760087 0.0305037 0.104942 0.866889 4
0 0.43631 0.232393 0.014611 0.0590094 0.79138 11
0 0.57968 0.22614 0.0118364 0.0577412 0.799431 3
0 0.503947 0.142944 0.0108547 0.0496534 0.763422 8
0 0.606544 0.11715 0.0118614 0.0458402 0.776916 56
0 0.515895 0.0993688 0.0109217 0.0449511 0.676331 20
0 0.673563 0.19766 0.0147711 0.0554284 0.743859 38
0 0.452974 0.130271 0.0100032 0.047086 0.75096 13
0 0.166466 0.097744 0.0146521 0.0640308 0.376963 64
0 0.411164 0.0771563 0.00900472 0.039675 0.39978 1
0 0.43786 0.0763582 0.00947606 0.0454322 0.282689 55
0 0.42002 0.0688574 0.00873273 0.0370585 0.386108 22
0 0.671644 0.0737664 0.00988331 0.0429529 0.592063 41
