0 0.419312 0.809451 0.0287255 0.117137 0.865614 4
0 0.148231 0.514056 0.0297827 0.0864945 0.835202 38
0 0.148048 0.263293 0.0148 0.0629927 0.751856 20
0 0.102739 0.194225 0.0182395 0.0565196 0.728859 70
0 0.256288 0.213313 0.0162901 0.0527106 0.76152 71
0 0.532968 0.214723 0.0130013 0.057338 0.810792 8
0 0.385792 0.131668 0.0109181 0.0469967 0.728503 56
0 0.791408 0.208308 0.0158982 0.0528283 0.759464 22
0 0.507772 0.0429242 0.00948903 0.0439985 0.415451 75
0 0.444845 0.193505 0.0157394 0.0464484 0.676964 41
0 0.366751 0.368663 0.0241231 0.0622595 0.836729 88
0 0.545307 0.130747 0.0151191 0.0406784 0.748752 63
0 0.403505 0.343089 0.0220335 0.0718776 0.835801 3
0 0.372099 0.139492 0.0115231 0.0462525 0.645973 89
0 0.251139 0.15404 0.0110608 0.0456474 0.413201 72
