0 0.529669 0.652592 0.0307785 0.0984368 0.866415 4
0 0.115595 0.204817 0.0162557 0.0541994 0.642254 124
0 0.513328 0.198691 0.00995029 0.0529223 0.804688 88
0 0.788647 0.141569 0.0140537 0.050618 0.677414 132
0 0.417395 0.0720643 0.00864563 0.0372803 0.532301 109
0 0.16503 0.118477 0.0178244 0.0593305 0.303512 127
0 0.437294 0.0975387 0.00976419 0.0429482 0.565436 136
0 0.178359 0.111654 0.0161632 0.048523 0.304916 111
0 0.516092 0.0782571 0.00910056 0.0385536 0.487656 22
0 0.503394 0.0740184 0.00788555 0.039722 0.514179 56
0 0.465188 0.0738126 0.00986611 0.0445619 0.403356 89
0 0.687779 0.101006 0.00993652 0.0449716 0.567529 3
0 0.527387 0.0776031 0.0106118 0.0341836 0.455866 102
