0 0.398366 0.899742 0.0288152 0.114393 0.851122 4
0 0.150258 0.546245 0.0332225 0.0868405 0.847082 38
0 0.632592 0.212716 0.0129518 0.0601329 0.772982 8
0 0.550229 0.220274 0.0143472 0.060499 0.553213 22
0 0.257779 0.356279 0.022075 0.0708974 0.823046 20
0 0.321618 0.164786 0.0145034 0.0473236 0.818004 70
0 0.458532 0.209291 0.0128955 0.0562563 0.803835 73
0 0.350372 0.253663 0.0243736 0.0596307 0.774271 71
0 0.326713 0.413234 0.0210946 0.079411 0.816791 3
0 0.59009 0.135588 0.0210784 0.0530281 0.731474 63
0 0.541578 0.214598 0.0135812 0.0582072 0.490823 41
0 0.504638 0.333753 0.0158876 0.0527447 0.771601 11
0 0.379579 0.147989 0.0177328 0.0453355 0.664645 72
0 0.490701 0.13132 0.0105141 0.0473902 0.782565 56
