0 0.431153 0.761404 0.0297888 0.1033 0.815489 4
0 0.722856 0.256181 0.0112956 0.0614445 0.752351 38
0 0.407339 0.279364 0.0147846 0.061825 0.805248 3
0 0.312349 0.420839 0.0191483 0.0699173 0.808445 11
0 0.452913 0.212132 0.0147791 0.0544977 0.772711 8
0 0.129509 0.206139 0.0168715 0.0567297 0.562803 1
0 0.497001 0.0504888 0.00898609 0.0402111 0.46138 22
0 0.283634 0.225069 0.0174337 0.0562844 0.749231 20
0 0.438995 0.168319 0.0120808 0.0489194 0.670358 56
0 0.260274 0.224845 0.0145001 0.0555044 0.767756 13
0 0.465148 0.170996 0.00992435 0.0453337 0.6973 7
0 0.563925 0.14525 0.0123862 0.0451666 0.769953 41
0 0.407344 0.134516 0.0133934 0.0467097 0.44189 6
0 0.298475 0.149295 0.011268 0.0441371 0.470583 5
0 0.311768 0.153453 0.0113012 0.0467078 0.562225 55
