0 0.462841 0.763388 0.0314944 0.105689 0.8619 4
0 0.433487 0.235138 0.0166693 0.0572589 0.80871 11
0 0.576307 0.227022 0.0156843 0.0578578 0.806794 3
0 0.50132 0.14221 0.0105554 0.0504414 0.385048 8
0 0.603874 0.116822 0.0120673 0.0452132 0.636874 56
0 0.512667 0.0990938 0.0101199 0.0445261 0.556761 20
0 0.667901 0.198377 0.0102333 0.0534171 0.746468 38
0 0.165554 0.0973006 0.0164152 0.0642407 0.447227 64
0 0.411102 0.0787487 0.00999018 0.043017 0.410224 1
0 0.437699 0.0726266 0.0101452 0.0481644 0.463386 55
0 0.418711 0.0658796 0.00866906 0.0389154 0.526082 22
0 0.667804 0.0739219 0.0127598 0.042598 0.644859 41
0 0.707802 0.0998132 0.00965233 0.0444593 0.565574 63
0 0.446208 0.128119 0.0123496 0.048428 0.799148 13
