0 0.418412 0.652486 0.0304724 0.098226 0.870867 4
0 0.366079 0.200102 0.0125477 0.0474274 0.592626 11
0 0.0754787 0.218202 0.0163975 0.0537205 0.679273 65
0 0.512664 0.170168 0.0172341 0.0480592 0.777526 3
0 0.162048 0.11405 0.0133361 0.0538561 0.616 64
0 0.362297 0.0926468 0.0138686 0.0412971 0.645185 41
0 0.636442 0.135724 0.0161272 0.0462312 0.846928 38
0 0.215562 0.118498 0.0138482 0.0429781 0.71933 20
0 0.492843 0.0829205 0.0142099 0.0358818 0.508139 22
0 0.253798 0.0784458 0.00950185 0.036634 0.694555 71
0 0.507885 0.0670894 0.00865787 0.037007 0.578858 73
0 0.412158 0.0658886 0.00905263 0.0346792 0.576262 72
0 0.543994 0.0714931 0.00966619 0.0396878 0.61366 56
0 0.560958 0.0691935 0.0135681 0.0373025 0.632629 63
0 0.228416 0.0644052 0.00931533 0.043186 0.4667 70
0 0.652584 0.065072 0.0111553 0.0425211 0.741383 8
