0 0.500103 0.68972 0.0244583 0.0999694 0.826628 4
0 0.805 0.179761 0.0138674 0.0528446 0.632558 38
0 0.631584 0.230594 0.0145302 0.059411 0.814624 3
0 0.518052 0.260421 0.0136438 0.0599312 0.772841 11
0 0.536001 0.0766471 0.00929247 0.0391849 0.657335 6
0 0.476305 0.0869649 0.00864 0.0382491 0.315928 55
0 0.345997 0.0815006 0.00643352 0.0386748 0.740454 1
0 0.73121 0.107936 0.010117 0.0425184 0.698479 56
0 0.757851 0.0879978 0.0106178 0.0456323 0.63851 41
0 0.545454 0.132027 0.0130604 0.0449111 0.686341 20
0 0.592843 0.162863 0.0105289 0.0540809 0.813503 13
0 0.580316 0.161145 0.00887788 0.0533476 0.760975 8
