0 0.462253 0.879963 0.0322131 0.132333 0.86289 4
0 0.544541 0.274712 0.017102 0.0494265 0.382218 11
0 0.0212876 0.285749 0.0210669 0.0547354 0.853329 65
0 0.162157 0.113956 0.0130596 0.0521294 0.645716 64
0 0.602222 0.292842 0.0160575 0.0579362 0.778067 38
0 0.684966 0.122572 0.0104534 0.0468295 0.699266 8
0 0.515607 0.09829 0.0100959 0.0423978 0.608046 56
0 0.58926 0.148803 0.0106256 0.0495927 0.670891 22
0 0.378915 0.144358 0.0102365 0.0429314 0.731867 71
0 0.542356 0.27233 0.0116476 0.0508166 0.305678 3
0 0.317098 0.204722 0.014587 0.0521941 0.797592 20
0 0.348117 0.102317 0.00957406 0.043082 0.62435 70
0 0.425707 0.108382 0.0118731 0.0396289 0.488274 72
0 0.495437 0.157354 0.010791 0.0520214 0.763257 73
0 0.581646 0.0935126 0.00948143 0.0414178 0.552854 63
