0 0.529819 0.656708 0.031032 0.100677 0.873303 4
0 0.55416 0.210297 0.0106336 0.0539441 0.729787 88
0 0.0924955 0.225457 0.015548 0.0536279 0.756798 124
0 0.749284 0.138789 0.0145352 0.0498785 0.740416 8
0 0.7959 0.139794 0.00955658 0.047747 0.760726 132
0 0.611442 0.0970226 0.0104595 0.0407437 0.524899 22
0 0.692433 0.110256 0.0092116 0.0440834 0.753034 3
0 0.464307 0.0917695 0.00782512 0.0405001 0.537068 89
0 0.656777 0.108163 0.013379 0.0437082 0.59514 131
0 0.395756 0.0810217 0.00744791 0.0378981 0.742477 20
0 0.511359 0.14203 0.0127703 0.0477852 0.764499 41
0 0.434328 0.0784761 0.0103946 0.038508 0.494804 109
0 0.559644 0.104496 0.00935351 0.0395389 0.473451 56
0 0.533306 0.0445338 0.00878773 0.0344265 0.366594 102
