0 0.479729 0.778462 0.0266788 0.105801 0.853312 4
0 0.0393834 0.274909 0.0170945 0.0618057 0.778821 93
0 0.72756 0.230115 0.0106157 0.0601165 0.590442 38
0 0.324892 0.180388 0.0123549 0.0535811 0.577192 20
0 0.82608 0.156413 0.0136054 0.0511164 0.686898 71
0 0.541716 0.267814 0.0129569 0.0613725 0.792537 88
0 0.159986 0.123907 0.013593 0.0605636 0.619139 64
0 0.490634 0.120828 0.00859652 0.046479 0.69594 89
0 0.571913 0.263686 0.0175227 0.0630131 0.763139 3
0 0.184783 0.112883 0.0108693 0.0490404 0.31939 111
0 0.174326 0.119741 0.0139316 0.0563746 0.432737 115
0 0.507445 0.15837 0.0108875 0.0534593 0.733596 8
0 0.539512 0.113917 0.0115227 0.043756 0.679936 56
0 0.310869 0.121873 0.00921539 0.0427414 0.737144 110
0 0.547686 0.171269 0.0132078 0.0539385 0.643202 41
0 0.00921263 0.282999 0.0184051 0.0595411 0.821982 124
0 0.638777 0.0812671 0.00972805 0.0368618 0.435249 109
0 0.523813 0.181807 0.00952374 0.0442469 0.329394 126
0 0.182695 0.112394 0.0120414 0.0479589 0.292655 123
