0 0.504918 0.498578 0.0182627 0.0829085 0.785379 1
0 0.754047 0.555338 0.0162585 0.0816701 0.756334 2
0 0.498067 0.883334 0.0312633 0.116764 0.82724 4
0 0.741126 0.437196 0.0155942 0.0820513 0.808059 6
0 0.605491 0.373837 0.0118093 0.0791983 0.781727 7
0 0.701448 0.251786 0.0147696 0.0586769 0.740067 8
0 0.837383 0.402095 0.0208526 0.0725184 0.814063 12
0 0.946324 0.298863 0.0238036 0.0649939 0.799082 14
0 0.788609 0.419072 0.0239071 0.0756597 0.835633 20
0 0.634454 0.210122 0.0132893 0.0560326 0.785342 13
0 0.496084 0.0529405 0.00928926 0.0418062 0.515572 16
0 0.618524 0.257262 0.0157671 0.0599512 0.809746 10
0 0.554759 0.570115 0.0260233 0.0756512 0.59604 11
0 0.547134 0.541922 0.0258709 0.0654283 0.602655 3
