0 0.399837 0.764033 0.0273945 0.109276 0.862776 4
0 0.699128 0.266385 0.0128214 0.062923 0.302129 38
0 0.375743 0.281922 0.018587 0.0627396 0.790683 3
0 0.283415 0.417271 0.0195364 0.0770218 0.823997 11
0 0.435911 0.211512 0.0130868 0.0530966 0.722041 8
0 0.108713 0.221343 0.0199318 0.0532199 0.778352 1
0 0.491591 0.0535743 0.00957591 0.0395549 0.365247 22
0 0.235133 0.238737 0.013052 0.057537 0.777442 20
0 0.391629 0.174074 0.0140461 0.0460546 0.659899 56
0 0.220387 0.239406 0.0130233 0.0580928 0.675568 13
0 0.427186 0.173811 0.0113104 0.0443429 0.563638 7
0 0.121199 0.162588 0.0149202 0.0507288 0.522263 39
0 0.534504 0.145146 0.0124876 0.0430262 0.737284 41
0 0.268874 0.160709 0.0151386 0.0521484 0.628972 55
0 0.370324 0.140702 0.014184 0.0421562 0.616788 6
