0 0.519931 0.523173 0.0229406 0.0825363 0.848062 1
0 0.780646 0.568316 0.0262157 0.0913818 0.874409 2
0 0.554486 0.827696 0.0205626 0.0707705 0.772817 4
0 0.839838 0.365343 0.0224917 0.0710532 0.82436 6
0 0.644159 0.376554 0.0151854 0.0756482 0.802904 7
0 0.623974 0.284637 0.0118063 0.0607842 0.589953 10
0 0.600814 0.582079 0.0187597 0.084451 0.63939 11
0 0.618437 0.560574 0.0155362 0.0904722 0.743501 3
0 0.389923 0.248932 0.0104074 0.056435 0.70098 5
0 0.922306 0.284504 0.0199397 0.058153 0.73064 8
0 0.153998 0.127583 0.0163684 0.0552511 0.478275 23
0 0.973428 0.537679 0.0342718 0.0902159 0.861135 20
0 0.671721 0.224204 0.0150022 0.0563331 0.772611 13
