0 0.437832 0.725047 0.032292 0.106051 0.838647 4
0 0.732976 0.218127 0.0101536 0.0565294 0.747447 38
0 0.415634 0.247004 0.0180318 0.0604448 0.793119 3
0 0.329512 0.387913 0.0176935 0.0757952 0.796715 11
0 0.457774 0.17785 0.0113509 0.0567013 0.71967 8
0 0.1345 0.171546 0.0156512 0.0542262 0.75156 1
0 0.299067 0.184361 0.0157967 0.0590493 0.793235 20
0 0.456674 0.13022 0.0103688 0.0470426 0.611212 56
0 0.274552 0.188748 0.0147714 0.0546106 0.726372 13
0 0.478063 0.135154 0.0109632 0.0476944 0.725893 7
0 0.575513 0.109559 0.0125909 0.0488453 0.470776 41
0 0.420561 0.0970604 0.0159777 0.0474363 0.584489 6
0 0.308709 0.111658 0.00956236 0.0430045 0.584522 5
0 0.323139 0.115391 0.013284 0.047352 0.512689 55
