0 0.517988 0.479781 0.0159466 0.0829163 0.781735 1
0 0.73809 0.534315 0.0157748 0.0845218 0.759308 2
0 0.614893 0.504613 0.0214841 0.0754274 0.789408 3
0 0.496135 0.882393 0.0350588 0.1172 0.862422 4
0 0.364613 0.205704 0.0105135 0.0487246 0.760545 5
0 0.678703 0.382357 0.0159854 0.0719403 0.774521 6
0 0.596527 0.358007 0.0140795 0.0723024 0.774619 7
0 0.625128 0.269377 0.0148194 0.0607338 0.698926 8
0 0.672828 0.333775 0.019226 0.0583664 0.761073 9
0 0.536883 0.2307 0.015131 0.055284 0.747421 10
0 0.600261 0.544165 0.022102 0.0855058 0.778277 11
0 0.782248 0.339006 0.0209714 0.0697638 0.768145 12
0 0.577368 0.184836 0.0110206 0.0547693 0.728608 13
0 0.810775 0.233148 0.0168776 0.0603726 0.578719 14
