0 0.447872 0.741944 0.0217048 0.0981335 0.844504 4
0 0.0961879 0.233648 0.0187094 0.0594336 0.760211 93
0 0.369536 0.201516 0.0104671 0.0541561 0.740126 20
0 0.580886 0.267292 0.0126333 0.0614739 0.768151 38
0 0.491878 0.0503401 0.00870867 0.0391872 0.360626 102
0 0.487208 0.177695 0.0110824 0.049468 0.706766 41
0 0.395423 0.124751 0.00758448 0.0413636 0.697975 89
0 0.501106 0.162144 0.0110981 0.052152 0.372532 75
0 0.442762 0.253608 0.0147664 0.060609 0.624069 3
0 0.621037 0.132965 0.00950737 0.0462815 0.707198 71
0 0.497559 0.108256 0.0114757 0.0444289 0.534304 56
0 0.433572 0.265324 0.014689 0.0639814 0.70765 88
0 0.144904 0.129598 0.0121706 0.0607083 0.573027 64
0 0.335484 0.11584 0.0100433 0.043585 0.656383 110
0 0.162724 0.120895 0.0166629 0.0537584 0.444254 111
0 0.542011 0.149731 0.0111977 0.0491482 0.743001 22
0 0.614554 0.0950956 0.00766131 0.0387468 0.352569 109
0 0.482736 0.111565 0.0108103 0.0462613 0.673243 8
0 0.182174 0.104086 0.016739 0.0563665 0.338612 115
