0 0.527835 0.653946 0.0310296 0.0979927 0.84976 4
0 0.601089 0.209035 0.0119523 0.0538605 0.290912 88
0 0.552804 0.149704 0.0138739 0.049894 0.7943 41
0 0.502426 0.080966 0.0149576 0.0416436 0.486548 109
0 0.458609 0.0954615 0.00834389 0.0426872 0.681639 89
0 0.0832012 0.239203 0.0183209 0.0599878 0.814031 124
0 0.705116 0.141265 0.0128873 0.0513149 0.654376 8
0 0.405615 0.094325 0.00889899 0.0401108 0.713394 20
0 0.60161 0.105891 0.0141545 0.0397343 0.622538 126
0 0.177915 0.112836 0.0141645 0.0514329 0.3479 111
0 0.832007 0.151882 0.0111368 0.0511885 0.775163 132
0 0.609629 0.0823159 0.00979195 0.0395106 0.498205 56
0 0.481735 0.0854091 0.00790224 0.034724 0.592428 110
0 0.653208 0.0974745 0.0105561 0.0425446 0.544945 22
0 0.689696 0.119153 0.00999158 0.0397432 0.406985 131
