0 0.483701 0.841935 0.0290119 0.117305 0.841345 4
0 0.0329841 0.291398 0.0176181 0.0611769 0.820768 93
0 0.720954 0.195258 0.00965341 0.0525337 0.727793 38
0 0.812281 0.138557 0.0103932 0.0484738 0.706194 71
0 0.552609 0.27643 0.0147619 0.0527309 0.78602 88
0 0.160874 0.124936 0.0154062 0.060136 0.539056 64
0 0.623976 0.262054 0.0134281 0.0624533 0.614407 3
0 0.174035 0.120134 0.0132506 0.05221 0.28732 115
0 0.527413 0.126702 0.00954313 0.0452795 0.547541 41
0 0.521114 0.0461487 0.0099769 0.0432319 0.460894 102
0 0.562746 0.14859 0.0131705 0.0430611 0.444759 109
0 0.547559 0.146089 0.0135207 0.0464175 0.529556 56
0 0.183967 0.108989 0.0118367 0.0530024 0.464487 111
0 0.427756 0.127534 0.0081708 0.0452515 0.617234 89
0 0.353478 0.166501 0.00949831 0.0482958 0.76714 20
0 0.473725 0.158519 0.0122941 0.0513155 0.512865 8
