0 0.507627 0.839426 0.0679145 0.107805 0.906008 4
0 0.724794 0.248587 0.0166108 0.0599453 0.753041 88
0 0.160295 0.119676 0.016929 0.0618876 0.585528 64
0 0.758491 0.24247 0.0156949 0.0627077 0.80423 3
0 0.663938 0.18097 0.0142246 0.0537928 0.741059 41
0 0.543953 0.169471 0.0139413 0.051818 0.790664 8
0 0.643791 0.102827 0.0101903 0.0409349 0.724646 109
0 0.183831 0.0962142 0.0144854 0.0744815 0.555788 127
0 0.544643 0.0906914 0.00802981 0.0375832 0.57702 110
0 0.414683 0.229703 0.0118049 0.0567506 0.802713 20
0 0.792558 0.158635 0.0130993 0.0514059 0.737083 38
0 0.495979 0.127442 0.00783615 0.0430626 0.784741 89
0 0.533972 0.0466363 0.00911398 0.03866 0.490084 102
0 0.712493 0.165937 0.0115072 0.0492142 0.731043 126
0 0.782062 0.108978 0.00937119 0.0439128 0.673057 22
0 0.00983399 0.319234 0.019668 0.0641626 0.833264 124
0 0.806887 0.124832 0.010737 0.0452709 0.617638 56
0 0.172952 0.116606 0.0155741 0.0560946 0.351512 115
