0 0.497033 0.755685 0.027635 0.107977 0.864714 4
0 0.116451 0.204692 0.0148637 0.0533752 0.646291 124
0 0.523416 0.210408 0.014438 0.0561095 0.769022 88
0 0.719669 0.213263 0.0186547 0.0568338 0.835793 132
0 0.178291 0.111664 0.0147501 0.0545731 0.519963 111
0 0.514428 0.0572301 0.00970434 0.0433998 0.250197 89
0 0.496332 0.0973613 0.00977249 0.0451872 0.725543 136
0 0.477694 0.0973698 0.00909758 0.039196 0.456273 126
0 0.482049 0.0752201 0.00778885 0.0325866 0.435133 142
0 0.627628 0.154972 0.0106703 0.051004 0.699016 3
0 0.537852 0.0654603 0.0097318 0.0362768 0.590952 109
0 0.744901 0.0411183 0.011375 0.036523 0.370115 56
