0 0.503365 0.865669 0.029986 0.113999 0.824048 4
0 0.718339 0.266197 0.0149867 0.0631412 0.755845 88
0 0.160014 0.121027 0.0155777 0.0602779 0.488461 64
0 0.755815 0.246084 0.0141818 0.0612462 0.740692 3
0 0.521165 0.0464721 0.0101349 0.0368892 0.299035 102
0 0.634105 0.193921 0.0172221 0.0527239 0.798651 126
0 0.600272 0.203496 0.0132856 0.0590478 0.550831 41
0 0.506679 0.182735 0.00975053 0.0571221 0.775037 8
0 0.648462 0.133356 0.0123213 0.0469507 0.734364 109
0 0.731058 0.0974205 0.0109096 0.0444497 0.572593 22
0 0.496961 0.132659 0.00814727 0.0447855 0.628013 89
0 0.184212 0.0994124 0.0130637 0.0641643 0.45582 127
0 0.518107 0.102933 0.00798461 0.0397225 0.624965 110
0 0.786378 0.152638 0.0178024 0.0501986 0.319714 71
0 0.40624 0.234903 0.0148094 0.0580489 0.7981 20
0 0.173026 0.117609 0.0144191 0.0505803 0.365441 115
0 0.184561 0.107962 0.0111359 0.0500182 0.490245 111
