0 0.469448 0.780255 0.0316504 0.108013 0.875745 4
0 0.331388 0.2686 0.0142189 0.0627254 0.771973 38
0 0.787327 0.134451 0.0111343 0.0457713 0.600251 22
0 0.437254 0.329786 0.0146433 0.0673209 0.754539 88
0 0.565409 0.262952 0.0140261 0.0652951 0.761089 3
0 0.0158278 0.303342 0.0215301 0.0652979 0.822347 93
0 0.235578 0.174226 0.010203 0.0549743 0.713906 20
0 0.162426 0.115554 0.0168079 0.0577721 0.39947 64
0 0.624687 0.104226 0.0104445 0.0436192 0.574859 63
0 0.531884 0.214495 0.018939 0.0517314 0.663027 70
0 0.590299 0.163477 0.012432 0.0716442 0.718763 41
0 0.147438 0.121974 0.0137648 0.0610388 0.391873 11
0 0.48821 0.117137 0.0113312 0.0420876 0.685673 56
0 0.362608 0.130209 0.0125386 0.036108 0.566041 72
0 0.516153 0.0462563 0.0088335 0.0363034 0.313436 75
0 0.466157 0.132293 0.013097 0.0407781 0.700157 89
0 0.522146 0.190506 0.0122443 0.0442508 0.523202 71
