0 0.49957 0.689751 0.0244713 0.10033 0.834463 4
0 0.804205 0.190429 0.0141347 0.0574864 0.78432 38
0 0.613857 0.237024 0.0175508 0.0565909 0.788992 3
0 0.504991 0.268592 0.0122336 0.0634434 0.771784 11
0 0.53196 0.0751588 0.00966104 0.0389637 0.583153 6
0 0.566016 0.164559 0.0162395 0.0561425 0.765267 8
0 0.445755 0.0890173 0.00733372 0.0395666 0.717864 5
0 0.475479 0.0869294 0.00831165 0.0474165 0.429992 55
0 0.338204 0.0861784 0.00982342 0.0395411 0.716604 1
0 0.795092 0.0979723 0.0106114 0.0427372 0.660108 7
0 0.733776 0.0987371 0.0138554 0.0332002 0.316942 56
0 0.76523 0.0932467 0.010161 0.047502 0.583032 41
