0 0.379665 0.748885 0.0266082 0.105906 0.852796 4
0 0.605525 0.269698 0.0135345 0.0583201 0.760285 38
0 0.335717 0.272486 0.0135101 0.0589166 0.772721 3
0 0.292766 0.346035 0.0166302 0.0633451 0.748816 11
0 0.213123 0.155265 0.0117993 0.0383095 0.602762 5
0 0.399517 0.20658 0.0124944 0.0577672 0.528206 8
0 0.0637256 0.242603 0.0130424 0.0574859 0.62376 1
0 0.491179 0.0534353 0.00794401 0.0368693 0.285721 22
0 0.529388 0.148402 0.0133862 0.049573 0.740672 41
0 0.270602 0.184064 0.0145257 0.0505062 0.617996 20
0 0.148441 0.181963 0.011803 0.0483573 0.458637 55
0 0.360072 0.193924 0.0127405 0.056644 0.465334 56
0 0.326583 0.13836 0.010747 0.0460569 0.339054 6
0 0.194528 0.209713 0.0172846 0.0496313 0.720288 13
0 0.366819 0.200333 0.0111361 0.0522622 0.511123 7
