0 0.417238 0.542627 0.0236342 0.0872125 0.868734 4
0 0.0975053 0.214122 0.0183455 0.0547208 0.705394 124
0 0.179634 0.114067 0.011239 0.0485289 0.407853 127
0 0.170324 0.113949 0.0119514 0.0491408 0.347123 111
0 0.42008 0.128526 0.00954193 0.0471382 0.770339 162
0 0.478446 0.0727835 0.00845057 0.038947 0.652988 137
0 0.608221 0.138852 0.0126883 0.0661944 0.806622 132
0 0.493575 0.0371783 0.00878515 0.0431146 0.428562 170
0 0.631249 0.0765282 0.00812035 0.0423797 0.622029 165
0 0.331958 0.0490851 0.00870635 0.0340262 0.522771 22
0 0.396437 0.062836 0.00848328 0.0405574 0.54806 20
0 0.49238 0.098595 0.00904392 0.0414833 0.688534 150
0 0.34991 0.189102 0.0130813 0.0527591 0.773819 88
