0 0.495872 0.658099 0.0331717 0.0974192 0.870598 4
0 0.116407 0.207459 0.0167164 0.053805 0.668241 124
0 0.492481 0.197141 0.0117937 0.0543403 0.785154 88
0 0.67086 0.158624 0.0105019 0.0479228 0.79385 132
0 0.622069 0.157569 0.0102782 0.0503382 0.788755 3
0 0.476834 0.0760233 0.0112206 0.0470162 0.444178 126
0 0.506161 0.0653072 0.00955744 0.0452517 0.56727 137
0 0.176328 0.117315 0.0144444 0.0487019 0.446763 111
0 0.186198 0.0935181 0.0144187 0.0696759 0.291287 127
0 0.492218 0.0708064 0.0101604 0.0410331 0.675803 20
0 0.444099 0.0791571 0.00838172 0.0409431 0.548564 136
