0 0.444412 0.722899 0.0245522 0.103251 0.849113 4
0 0.0914122 0.235784 0.0188569 0.055666 0.74362 93
0 0.358099 0.19728 0.00983197 0.0528757 0.757271 20
0 0.578171 0.264028 0.0132215 0.0637814 0.79788 38
0 0.493721 0.0495458 0.00768325 0.0396657 0.415237 102
0 0.477744 0.174382 0.0106318 0.0509686 0.715604 41
0 0.392568 0.123862 0.0102493 0.0369792 0.605821 89
0 0.504678 0.157414 0.0105102 0.05056 0.788469 75
0 0.443378 0.253455 0.013693 0.0630107 0.697141 3
0 0.617351 0.128968 0.00920194 0.0419172 0.79814 71
0 0.493804 0.105034 0.00975863 0.0439005 0.641328 56
0 0.433846 0.265066 0.013714 0.0618424 0.721654 88
0 0.144744 0.128478 0.0141479 0.0589981 0.52598 64
0 0.340305 0.112886 0.00942891 0.0406501 0.59211 110
0 0.161062 0.121029 0.0141093 0.0512888 0.437112 111
0 0.531867 0.145926 0.00924015 0.0475056 0.727046 22
0 0.605207 0.0937967 0.00754897 0.0446707 0.743339 109
0 0.476888 0.114646 0.0102996 0.054982 0.29303 8
0 0.184808 0.104918 0.0129718 0.055526 0.324724 115
