0 0.516678 0.823881 0.0644814 0.110424 0.898859 4
0 0.722499 0.249105 0.0154013 0.0592424 0.795516 88
0 0.160344 0.120979 0.0166231 0.0607025 0.482742 64
0 0.758381 0.244134 0.0125148 0.061983 0.777193 3
0 0.673243 0.178772 0.0099877 0.0556933 0.533935 41
0 0.63203 0.106764 0.015532 0.0421426 0.705845 109
0 0.183806 0.0961512 0.0142823 0.0697286 0.517037 127
0 0.542284 0.0940753 0.00790323 0.0390262 0.647087 110
0 0.419542 0.221628 0.0118399 0.0546459 0.765336 20
0 0.799901 0.158936 0.0234472 0.0429741 0.388265 38
0 0.49353 0.128612 0.00753228 0.0441853 0.803863 89
0 0.531476 0.0478796 0.0095 0.0364761 0.376226 102
0 0.706131 0.161081 0.0118083 0.0491086 0.648532 126
0 0.779749 0.112254 0.00948995 0.0449736 0.592553 22
0 0.014051 0.311514 0.0212448 0.0675655 0.791325 124
0 0.814736 0.138294 0.0109399 0.046308 0.292357 56
0 0.561063 0.166577 0.0104865 0.0521555 0.760251 8
