0 0.379598 0.746012 0.0272147 0.106475 0.857336 4
0 0.562199 0.159464 0.0105716 0.0512108 0.808108 41
0 0.558396 0.289477 0.00922483 0.0640383 0.746178 38
0 0.359379 0.288806 0.0150207 0.0636312 0.794177 3
0 0.125714 0.155615 0.015659 0.0562536 0.527235 39
0 0.389414 0.20968 0.0113799 0.0557924 0.690193 7
0 0.300206 0.386573 0.0172594 0.0700755 0.754146 11
0 0.491305 0.0512096 0.00912882 0.0392415 0.312365 22
0 0.232745 0.146459 0.00987797 0.04446 0.711291 5
0 0.368078 0.165934 0.009679 0.0492977 0.747033 20
0 0.448564 0.202158 0.0139003 0.0650003 0.423435 34
0 0.338788 0.141528 0.0118244 0.0446181 0.460314 6
