0 0.397889 0.763291 0.0264758 0.11084 0.854083 4
0 0.696247 0.267594 0.0149419 0.0604119 0.807109 38
0 0.373856 0.281625 0.0177862 0.0632974 0.795626 3
0 0.283533 0.412273 0.0193359 0.0766291 0.82331 11
0 0.435188 0.211409 0.0117725 0.0537917 0.732774 8
0 0.106269 0.222492 0.0190379 0.0521755 0.702706 1
0 0.491194 0.0530609 0.00943241 0.0380582 0.348324 22
0 0.231187 0.238184 0.0139741 0.0582309 0.744554 20
0 0.388777 0.172503 0.0114288 0.040792 0.645066 56
0 0.21547 0.239587 0.0189836 0.0573963 0.747769 13
0 0.423638 0.17531 0.0112251 0.0469138 0.38581 7
0 0.12132 0.162334 0.0148588 0.0515906 0.536485 39
0 0.531987 0.144187 0.0118586 0.0405735 0.765581 41
0 0.263991 0.160832 0.0140015 0.052132 0.49627 55
0 0.368213 0.140768 0.0119381 0.0428274 0.70044 6
