0 0.529165 0.502392 0.0166169 0.0821497 0.823661 1
0 0.788791 0.541254 0.0228298 0.0869139 0.801428 2
0 0.537751 0.890227 0.0228919 0.126081 0.807794 4
0 0.875053 0.348625 0.0209054 0.0739594 0.792698 6
0 0.635344 0.367952 0.0156591 0.0728575 0.818888 7
0 0.594368 0.298752 0.0129829 0.0621864 0.828943 10
0 0.598885 0.54927 0.0250706 0.111771 0.795473 11
0 0.389827 0.248469 0.0102461 0.0561774 0.684431 5
0 0.949787 0.294608 0.0228201 0.0592578 0.64456 8
0 0.144868 0.1347 0.011793 0.0471842 0.443989 23
0 0.991564 0.463767 0.0164852 0.0731513 0.552753 20
0 0.686186 0.227543 0.0158194 0.0553646 0.804966 13
0 0.154366 0.12126 0.0126943 0.0506872 0.438385 31
0 0.330158 0.0445576 0.0105038 0.0307384 0.404318 22
