0 0.467405 0.759864 0.0286981 0.105172 0.860259 4
0 0.438969 0.230445 0.0123354 0.0589986 0.745699 11
0 0.582573 0.225673 0.00946757 0.0561019 0.759061 3
0 0.505545 0.143588 0.010716 0.0498941 0.764619 8
0 0.608836 0.11743 0.0086654 0.0450782 0.697463 56
0 0.517467 0.0991051 0.00967372 0.0450374 0.701004 20
0 0.676707 0.196935 0.0140046 0.0563204 0.777196 38
0 0.456734 0.130153 0.0110764 0.0486934 0.816298 13
0 0.16667 0.0982091 0.0143357 0.0638027 0.361482 64
0 0.410985 0.0759301 0.00819953 0.0394777 0.467839 1
0 0.718439 0.0992485 0.00989927 0.0423124 0.418451 63
0 0.438245 0.0761234 0.00914911 0.0405911 0.447288 55
0 0.421158 0.0702656 0.00811119 0.0377501 0.345534 22
