0 0.48515 0.726782 0.024246 0.112738 0.838521 4
0 0.382915 0.0683434 0.00800139 0.0368024 0.750707 1
0 0.705626 0.0771276 0.0138011 0.0448863 0.641484 41
0 0.478553 0.23006 0.0148489 0.0570588 0.799086 11
0 0.773928 0.100031 0.0136988 0.0440827 0.396923 63
0 0.61879 0.22758 0.0113973 0.0583237 0.754616 3
0 0.541587 0.149543 0.0134444 0.0549106 0.734805 8
0 0.466821 0.0610316 0.00999479 0.0430542 0.345754 22
0 0.496588 0.0611268 0.00754751 0.0385383 0.529317 6
0 0.647703 0.119269 0.0106925 0.0460195 0.681869 56
