0 0.481344 0.828476 0.0312967 0.111009 0.87216 4
0 0.283097 0.361137 0.0158823 0.0748954 0.809151 38
0 0.262681 0.194395 0.0108624 0.0546151 0.776882 20
0 0.556277 0.187266 0.00958207 0.0549924 0.782653 8
0 0.756453 0.226566 0.0139593 0.057087 0.761206 22
0 0.556597 0.364167 0.0163139 0.0731753 0.759455 88
0 0.612405 0.116875 0.0116994 0.0453734 0.823593 63
0 0.566182 0.308642 0.0152009 0.0630599 0.780399 3
0 0.717441 0.206284 0.015111 0.051778 0.750597 41
0 0.397992 0.221021 0.0150766 0.0589893 0.828655 70
0 0.161497 0.114999 0.014664 0.0467514 0.449266 64
0 0.520006 0.0454807 0.00821794 0.0349119 0.406562 75
0 0.392338 0.125458 0.00849489 0.0413352 0.712999 72
0 0.0155962 0.29822 0.0272772 0.06736 0.838634 93
0 0.524106 0.113972 0.0114897 0.0424298 0.378861 56
0 0.506737 0.125734 0.00928688 0.0430155 0.68866 89
