0 0.433594 0.703389 0.0262562 0.100147 0.855939 4
0 0.585742 0.212731 0.0116372 0.0542456 0.655542 88
0 0.0441853 0.270643 0.0191513 0.0613913 0.772639 93
0 0.578696 0.179996 0.011252 0.0490918 0.671906 3
0 0.360436 0.142552 0.0117003 0.0522154 0.782257 20
0 0.517953 0.106306 0.0108862 0.05605 0.676049 8
0 0.608165 0.102447 0.00915044 0.0443483 0.751196 75
0 0.503706 0.0412769 0.00908782 0.0372991 0.330487 102
0 0.554946 0.0781729 0.00880178 0.0402882 0.619062 71
0 0.539578 0.0644195 0.00762253 0.0374906 0.511459 109
0 0.169504 0.116491 0.0137395 0.0506314 0.336618 64
0 0.389161 0.0835374 0.0101751 0.0340621 0.549793 56
0 0.461491 0.0832861 0.0099692 0.0586819 0.418754 41
