0 0.530871 0.653162 0.0303202 0.099036 0.865929 4
0 0.116759 0.207128 0.0145535 0.0494247 0.6428 124
0 0.526733 0.212215 0.0124818 0.0560614 0.688678 88
0 0.165739 0.118968 0.0180858 0.0603888 0.29898 127
0 0.709775 0.19549 0.0125942 0.0559611 0.775772 132
0 0.564876 0.0609368 0.00889448 0.0407031 0.49487 20
0 0.512729 0.107386 0.00964746 0.0441998 0.632998 89
0 0.490717 0.0763088 0.00730047 0.0386986 0.417028 126
0 0.465511 0.0980652 0.00879345 0.0457262 0.581118 136
0 0.64145 0.114032 0.0107465 0.0445413 0.741966 3
0 0.523599 0.0504145 0.0100738 0.0438212 0.379195 109
0 0.504962 0.0605491 0.0108245 0.0431138 0.647582 137
0 0.595709 0.0452499 0.00839856 0.0377909 0.425151 56
0 0.544973 0.0667748 0.0116817 0.0335508 0.406171 22
