0 0.496166 0.88963 0.0310833 0.123049 0.832483 4
0 0.70656 0.253098 0.0143598 0.0607853 0.801225 88
0 0.160019 0.120767 0.0162384 0.0614098 0.577417 64
0 0.759614 0.235385 0.015083 0.0605369 0.766697 3
0 0.697287 0.191765 0.0126216 0.0525305 0.687936 126
0 0.632229 0.195479 0.012218 0.0573331 0.762425 41
0 0.512016 0.180556 0.0106391 0.0547787 0.747235 8
0 0.663768 0.11317 0.00828037 0.0489163 0.629166 109
0 0.184147 0.0960506 0.0143794 0.072141 0.577976 127
0 0.534607 0.0939284 0.00846345 0.0394882 0.535807 110
0 0.412297 0.23875 0.0080918 0.0576147 0.742361 20
0 0.173591 0.116925 0.0157267 0.0535462 0.361352 115
0 0.784394 0.15634 0.0170708 0.0497099 0.75371 38
0 0.722374 0.136705 0.0143537 0.0186812 0.487119 71
0 0.497434 0.126089 0.00788018 0.04337 0.502439 89
0 0.747862 0.115153 0.0158991 0.0582939 0.336608 22
