0 0.450171 0.751846 0.0266716 0.106108 0.836769 4
0 0.28536 0.244171 0.0141645 0.0607836 0.739538 38
0 0.380657 0.297147 0.0125741 0.0627177 0.793288 88
0 0.00711504 0.313418 0.0142301 0.0618826 0.81221 93
0 0.254209 0.187451 0.0101527 0.0516607 0.760058 20
0 0.527716 0.18742 0.0120472 0.0538747 0.747662 70
0 0.376294 0.101669 0.0138935 0.040656 0.567765 56
0 0.2864 0.143593 0.0108831 0.0443452 0.439378 72
0 0.437167 0.153381 0.010193 0.0478461 0.759302 71
0 0.329151 0.103293 0.0101303 0.0425667 0.501289 89
0 0.550813 0.131604 0.0111677 0.0471337 0.329812 41
0 0.520872 0.232086 0.0124346 0.0586415 0.733516 3
0 0.163187 0.11732 0.0159326 0.0547019 0.382187 64
0 0.572472 0.104686 0.0128522 0.0441671 0.611088 63
0 0.7653 0.125976 0.00829055 0.0469146 0.644132 22
0 0.59574 0.184113 0.0135979 0.0560154 0.793549 8
