0 0.500354 0.656456 0.0277499 0.0959525 0.841674 4
0 0.117791 0.202248 0.0156048 0.0518709 0.731117 124
0 0.488602 0.184292 0.00964731 0.0526835 0.7921 88
0 0.159432 0.118321 0.0146734 0.0585358 0.559797 111
0 0.46064 0.0659984 0.00708612 0.0369218 0.568119 20
0 0.687996 0.0926717 0.00917466 0.0399561 0.763407 132
0 0.519585 0.06048 0.0104556 0.0385213 0.278297 109
0 0.1778 0.111028 0.0158569 0.0516545 0.295806 127
0 0.620527 0.151333 0.0118795 0.0493242 0.732624 3
0 0.570513 0.0795218 0.0123623 0.042152 0.544716 126
0 0.609903 0.0573159 0.00887515 0.0389742 0.397961 137
