0 0.420298 0.637875 0.031479 0.0971627 0.871241 4
0 0.431059 0.204054 0.0149371 0.0535158 0.812564 11
0 0.0764871 0.218349 0.0175469 0.0521471 0.73601 65
0 0.543542 0.0444427 0.0095506 0.0403321 0.505805 56
0 0.460219 0.0639965 0.0117364 0.0334895 0.73626 22
0 0.647657 0.0490519 0.00907103 0.0364261 0.51233 8
0 0.515923 0.182871 0.0147774 0.0650059 0.789429 3
0 0.440677 0.0474341 0.00977036 0.0367269 0.542727 20
0 0.164031 0.120371 0.0136937 0.0525758 0.430367 64
0 0.559454 0.0655481 0.00865657 0.0389219 0.673386 63
