0 0.53045 0.652459 0.0305792 0.0989823 0.862542 4
0 0.115867 0.205004 0.0156235 0.0535995 0.553152 124
0 0.513354 0.198654 0.0104551 0.053353 0.779596 88
0 0.789091 0.141959 0.0119755 0.0492986 0.722123 132
0 0.418634 0.0919255 0.0122031 0.0534579 0.639972 136
0 0.51705 0.0760054 0.0133839 0.0445704 0.673473 22
0 0.469233 0.0677944 0.0113646 0.0406586 0.539318 89
0 0.453129 0.0814671 0.0132236 0.0495291 0.504428 20
0 0.500089 0.0729023 0.00966326 0.04099 0.458975 56
0 0.164937 0.119754 0.0167547 0.0570897 0.380651 127
0 0.178565 0.112014 0.0149045 0.0471585 0.30635 111
