0 0.444801 0.695283 0.0322573 0.0971562 0.875442 4
0 0.0491339 0.272496 0.0202265 0.0602877 0.793453 93
0 0.337423 0.135351 0.0102792 0.0462724 0.666848 20
0 0.522808 0.11173 0.00985483 0.0442757 0.666218 8
0 0.380401 0.0888498 0.0109708 0.040789 0.446265 56
0 0.438696 0.21882 0.0104544 0.0559835 0.751577 38
0 0.545114 0.0851615 0.00873922 0.0404429 0.56207 71
0 0.511661 0.0659502 0.00984526 0.0394549 0.430799 109
0 0.154869 0.128176 0.00888794 0.0481456 0.441338 111
0 0.474366 0.0984638 0.0097716 0.0445836 0.390167 22
0 0.528743 0.19294 0.0111544 0.046926 0.696238 3
0 0.439154 0.0847268 0.00755412 0.0384701 0.558204 110
0 0.518923 0.221488 0.0122139 0.0531307 0.733192 88
0 0.59251 0.115406 0.00748475 0.042097 0.745191 75
0 0.415109 0.12265 0.00921243 0.0435645 0.626559 41
