0 0.419605 0.637911 0.0309909 0.096267 0.867863 4
0 0.436588 0.200388 0.0103735 0.0533661 0.782062 11
0 0.0753799 0.217279 0.0166325 0.0538185 0.646672 65
0 0.534228 0.0462421 0.00941922 0.0447235 0.491712 56
0 0.482622 0.055622 0.0130523 0.0569386 0.626514 22
0 0.641886 0.0500669 0.00870946 0.0383843 0.622879 8
0 0.519373 0.187867 0.0149848 0.0646058 0.322631 5
0 0.499463 0.0549273 0.0160647 0.0601014 0.510869 41
0 0.519153 0.193404 0.013117 0.0502042 0.397997 38
0 0.542858 0.0663577 0.0132004 0.0389475 0.737 63
0 0.51779 0.183563 0.0154944 0.0662106 0.585673 3
