0 0.504306 0.525707 0.0234526 0.080814 0.838529 1
0 0.788913 0.568232 0.0285198 0.0864456 0.870483 2
0 0.553181 0.821801 0.0187078 0.0730065 0.742644 4
0 0.818921 0.368602 0.0226175 0.0732523 0.838403 6
0 0.645868 0.379151 0.0135625 0.0704775 0.792414 7
0 0.639222 0.280089 0.0107669 0.0608799 0.773974 10
0 0.589929 0.576501 0.0182349 0.0881266 0.701442 11
0 0.604092 0.553544 0.0141933 0.0831606 0.716462 3
0 0.389581 0.249417 0.00999867 0.0556594 0.732479 5
0 0.902588 0.280052 0.0206781 0.0577756 0.581698 8
0 0.154894 0.129495 0.0136923 0.051119 0.603839 23
0 0.958347 0.538525 0.0317736 0.0869781 0.836241 20
0 0.66998 0.224706 0.0128686 0.0577207 0.76666 13
0 0.291716 0.046841 0.00872288 0.0326637 0.52895 22
