0 0.46839 0.756322 0.0268876 0.112201 0.8645 4
0 0.449242 0.227244 0.0156155 0.0567367 0.8102 11
0 0.591382 0.227689 0.0119354 0.0570974 0.793944 3
0 0.51276 0.145994 0.0107967 0.0530349 0.744483 8
0 0.61714 0.118708 0.00882759 0.0462312 0.769154 56
0 0.525795 0.0985246 0.00992511 0.0442516 0.511874 20
0 0.694809 0.196057 0.0113807 0.0535828 0.733282 38
0 0.429364 0.072102 0.0117356 0.0391548 0.468381 22
0 0.476417 0.13518 0.0122986 0.0485314 0.740356 13
0 0.680286 0.0754163 0.00916386 0.044134 0.772267 41
0 0.167856 0.101333 0.0118357 0.058013 0.31512 64
0 0.457703 0.0606398 0.0112006 0.0389525 0.448993 5
0 0.409024 0.0738998 0.0108509 0.039106 0.492692 1
0 0.735487 0.101419 0.00924416 0.043082 0.507498 63
0 0.439327 0.0696997 0.00874983 0.0381924 0.419287 55
