0 0.4393 0.78448 0.0263754 0.107037 0.844501 4
0 0.184382 0.488984 0.0232627 0.082341 0.841316 38
0 0.168437 0.235153 0.0134411 0.0574101 0.770593 20
0 0.128838 0.189029 0.0146282 0.0527412 0.759213 70
0 0.304839 0.203596 0.0153831 0.0522934 0.787278 71
0 0.537391 0.208586 0.0125309 0.0567106 0.793792 8
0 0.389483 0.124162 0.010583 0.0446365 0.557889 56
0 0.804062 0.218973 0.0148599 0.0521487 0.710195 22
0 0.511237 0.0447198 0.00964254 0.0404674 0.385159 75
0 0.402227 0.37851 0.0165607 0.0676637 0.780731 88
0 0.578243 0.128287 0.015073 0.0468011 0.708743 63
0 0.426601 0.325081 0.0207793 0.0668118 0.813703 3
0 0.363466 0.128247 0.00980616 0.0448158 0.71494 89
0 0.161681 0.116457 0.0131657 0.0504173 0.305557 64
