0 0.427475 0.727978 0.0340277 0.110166 0.872776 4
0 0.4206 0.239329 0.0125558 0.0580317 0.785565 11
0 0.503628 0.0831474 0.00978597 0.0421408 0.715881 20
0 0.64816 0.199455 0.0127378 0.0546513 0.578634 38
0 0.167328 0.101687 0.0165082 0.0573416 0.441692 64
0 0.491782 0.12218 0.0147199 0.0532802 0.731125 8
0 0.554809 0.0922075 0.0100725 0.0425962 0.651152 56
0 0.00766441 0.308535 0.0152059 0.0609955 0.808233 65
0 0.634368 0.0694759 0.00845445 0.0428754 0.475868 41
0 0.440277 0.0924969 0.00810617 0.038051 0.571385 5
0 0.538362 0.219105 0.0105792 0.0584943 0.76443 3
0 0.430835 0.0606352 0.0101592 0.0408209 0.641031 22
0 0.412876 0.106899 0.0112995 0.0585926 0.756778 55
0 0.644809 0.0968882 0.00868467 0.0433872 0.618032 63
