0 0.530386 0.655455 0.0310097 0.0986893 0.865566 4
0 0.521153 0.209216 0.01133 0.0539419 0.749941 88
0 0.101458 0.214861 0.0205445 0.0519067 0.770626 124
0 0.76542 0.135977 0.0138992 0.0488644 0.743378 8
0 0.788084 0.139365 0.0152558 0.0374646 0.603371 132
0 0.692798 0.107956 0.00964578 0.0453998 0.66108 3
0 0.464012 0.0859743 0.00775744 0.0418831 0.397408 89
0 0.389186 0.079902 0.00693378 0.0377971 0.606123 20
0 0.485989 0.133033 0.00988649 0.047118 0.748425 41
0 0.187245 0.106618 0.0112196 0.0484918 0.309467 111
0 0.619738 0.10327 0.00997117 0.0421366 0.758553 131
0 0.584086 0.0914922 0.00792274 0.041668 0.608412 22
0 0.417245 0.0760083 0.00879838 0.0413248 0.630181 109
0 0.533406 0.102941 0.0110603 0.0402942 0.5592 126
