0 0.433177 0.71026 0.0266931 0.10196 0.865794 4
0 0.394345 0.200144 0.0146804 0.0536053 0.764205 38
0 0.510563 0.23255 0.0141498 0.0538319 0.704977 88
0 0.0427348 0.274108 0.0210202 0.0608617 0.770786 93
0 0.543858 0.182471 0.0103313 0.0528494 0.754151 3
0 0.416129 0.0777552 0.00905609 0.0423495 0.541223 56
0 0.164651 0.117964 0.0136044 0.0553327 0.428775 64
0 0.465894 0.104129 0.0141205 0.043592 0.579344 71
0 0.278337 0.161022 0.0152205 0.0506395 0.791653 20
0 0.483666 0.0765101 0.00777499 0.0374619 0.442078 63
0 0.583184 0.0947838 0.0120711 0.0420335 0.632327 72
0 0.529058 0.0431506 0.00918401 0.0323774 0.284043 102
0 0.505108 0.118991 0.00978785 0.0480431 0.710223 8
0 0.341777 0.0732066 0.00880311 0.0404723 0.611364 89
0 0.659125 0.0749448 0.00917397 0.0338312 0.352538 41
0 0.553409 0.0798221 0.0107257 0.0376754 0.529366 75
