0 0.53132 0.651865 0.0303688 0.0980558 0.862 4
0 0.116978 0.205235 0.0148741 0.0527312 0.664481 124
0 0.461255 0.0825802 0.00792061 0.0388082 0.694943 89
0 0.481733 0.192161 0.00999451 0.0510078 0.81897 88
0 0.796001 0.143965 0.0122513 0.0498633 0.769869 132
0 0.686 0.104396 0.0105928 0.0501491 0.421669 3
0 0.476803 0.0780472 0.0118721 0.0428692 0.525905 22
0 0.496006 0.0766168 0.00817194 0.0407576 0.611397 56
0 0.421252 0.0720293 0.0078824 0.037828 0.567734 109
0 0.443003 0.0789341 0.00843054 0.0379625 0.585948 126
0 0.677345 0.10814 0.00923773 0.0490978 0.530734 136
0 0.531792 0.0405293 0.00875276 0.0343439 0.265659 102
0 0.409465 0.078824 0.0104474 0.044719 0.441676 20
