0 0.475607 0.703911 0.0235319 0.107639 0.82528 4
0 0.755292 0.214292 0.0134382 0.0574397 0.742496 38
0 0.446247 0.24552 0.0203318 0.0586588 0.784826 3
0 0.377234 0.349962 0.0147038 0.0695057 0.801641 11
0 0.480964 0.1683 0.0103197 0.0575763 0.769186 8
0 0.161331 0.165693 0.0139376 0.0528073 0.698768 1
0 0.348796 0.157146 0.012776 0.0514008 0.658808 20
0 0.506341 0.107433 0.0125102 0.0464111 0.732143 56
0 0.329007 0.181327 0.0124925 0.056145 0.738837 13
0 0.529323 0.117591 0.0138296 0.0464093 0.760211 7
0 0.616891 0.110956 0.0122637 0.048641 0.771083 41
0 0.469948 0.0857813 0.0104583 0.0460297 0.738401 6
0 0.345393 0.0996566 0.00857232 0.0409636 0.624765 5
0 0.364846 0.101849 0.0118786 0.0476914 0.710087 55
