0 0.501671 0.680845 0.0273908 0.0985822 0.85633 4
0 0.115931 0.206729 0.0159376 0.0538267 0.556007 124
0 0.506187 0.204079 0.0130927 0.0542006 0.813926 88
0 0.674551 0.197771 0.0161383 0.0549213 0.804975 132
0 0.621285 0.156097 0.0120801 0.0513812 0.775599 3
0 0.476874 0.0803012 0.0117572 0.0532796 0.54667 126
0 0.535625 0.0584995 0.00802574 0.041553 0.466458 109
0 0.513055 0.0620481 0.0115944 0.045666 0.637756 137
0 0.176789 0.116233 0.0148218 0.0493133 0.411886 111
0 0.186439 0.0893354 0.0164168 0.074172 0.460338 127
