0 0.5214 0.483709 0.0161996 0.0786214 0.808201 1
0 0.731963 0.537875 0.0197419 0.0828797 0.80131 2
0 0.601451 0.513952 0.0198172 0.0779148 0.81275 3
0 0.497178 0.882321 0.0335692 0.118223 0.864534 4
0 0.364647 0.210314 0.00978317 0.04806 0.73521 5
0 0.690651 0.373641 0.0179719 0.0954035 0.366073 6
0 0.596344 0.36496 0.011941 0.0742642 0.794557 7
0 0.637147 0.264114 0.0144201 0.0585 0.767688 8
0 0.552335 0.234308 0.0106628 0.0558605 0.520258 10
0 0.583819 0.551248 0.0236693 0.0807802 0.841349 11
0 0.786231 0.350427 0.0182196 0.0727538 0.808795 12
0 0.5894 0.188097 0.012725 0.0534961 0.757966 13
0 0.83254 0.241676 0.01933 0.0623268 0.703511 14
0 0.487683 0.0513231 0.0101063 0.043616 0.270078 16
