0 0.459019 0.783324 0.0319702 0.11335 0.869108 4
0 0.564522 0.259667 0.0141853 0.0580098 0.744491 11
0 0.0533639 0.24553 0.0235091 0.0551673 0.778858 65
0 0.162669 0.113845 0.0130434 0.0551265 0.624424 64
0 0.642677 0.208083 0.0121244 0.0498906 0.783698 38
0 0.691721 0.0949215 0.00972932 0.0414113 0.708935 8
0 0.517319 0.0854419 0.0101253 0.0399358 0.580564 56
0 0.565265 0.0834583 0.0104304 0.0412463 0.50862 63
0 0.503441 0.127501 0.0102781 0.0453103 0.719064 73
0 0.589438 0.125001 0.0095698 0.0434614 0.665445 22
0 0.384119 0.111778 0.00944014 0.0357621 0.693771 71
0 0.614967 0.209354 0.0156377 0.05204 0.761715 3
0 0.302323 0.1667 0.0115733 0.0456787 0.742494 20
0 0.341078 0.0823568 0.00837727 0.0382432 0.738565 70
0 0.548617 0.114118 0.010085 0.045305 0.646499 41
0 0.44316 0.0907707 0.00834837 0.0341366 0.557084 72
