0 0.48874 0.799411 0.0341306 0.111317 0.869196 4
0 0.0609819 0.253445 0.017417 0.0593882 0.801599 93
0 0.621944 0.273167 0.0137154 0.061475 0.794968 38
0 0.306831 0.119204 0.00944757 0.043437 0.696097 110
0 0.623426 0.166952 0.0102582 0.0514764 0.44269 22
0 0.524764 0.192014 0.0104988 0.0326017 0.516405 41
0 0.492405 0.139637 0.0104152 0.048929 0.710899 8
0 0.352921 0.218678 0.0111512 0.0519514 0.790694 20
0 0.772428 0.188775 0.0144815 0.0549843 0.786291 71
0 0.434693 0.273755 0.0152047 0.0592365 0.794029 88
0 0.470874 0.174438 0.0109291 0.0513733 0.786665 75
0 0.158479 0.122152 0.00989763 0.0503098 0.404593 64
0 0.454667 0.102903 0.0111879 0.0461941 0.662868 56
0 0.707544 0.10055 0.010905 0.0448663 0.632003 109
0 0.448282 0.259112 0.0130668 0.0594413 0.702172 3
0 0.412164 0.124763 0.00992692 0.0444691 0.746054 89
0 0.186166 0.111579 0.010052 0.0462751 0.410587 111
0 0.173327 0.118433 0.0160941 0.0541399 0.484203 115
