0 0.469347 0.781015 0.0320513 0.108877 0.864131 4
0 0.328564 0.257635 0.0146945 0.0612603 0.778336 38
0 0.797902 0.135619 0.0132065 0.0472259 0.621514 22
0 0.42461 0.313378 0.0158958 0.0644853 0.738426 88
0 0.562617 0.248266 0.0125676 0.0595404 0.764649 3
0 0.00960104 0.308217 0.0192021 0.0660767 0.843887 93
0 0.234499 0.176356 0.0103879 0.0518829 0.739445 20
0 0.163125 0.120261 0.0145791 0.0475749 0.276829 64
0 0.618505 0.103358 0.011009 0.0444775 0.494872 63
0 0.532062 0.211924 0.0137611 0.0594069 0.752034 70
0 0.583801 0.140664 0.0114903 0.0480587 0.683992 41
0 0.466329 0.127913 0.0111489 0.0451016 0.56665 56
0 0.330681 0.143056 0.0111374 0.0401387 0.748328 72
0 0.611783 0.17955 0.0127077 0.0546453 0.654233 8
0 0.505962 0.18017 0.0132339 0.0512271 0.678048 71
0 0.513094 0.0458763 0.0100876 0.0407056 0.302034 75
0 0.434703 0.134102 0.00959902 0.0478914 0.654716 89
