0 0.497063 0.658685 0.0348456 0.0961249 0.879562 4
0 0.116332 0.207773 0.0163909 0.0533987 0.664047 124
0 0.495383 0.198295 0.0121093 0.0518562 0.788518 88
0 0.66867 0.173472 0.0108617 0.0470271 0.81012 132
0 0.621448 0.157312 0.010957 0.0494811 0.789443 3
0 0.476405 0.0769733 0.0107533 0.0479825 0.307244 126
0 0.507367 0.0633483 0.00934995 0.0419054 0.576984 137
0 0.176548 0.116009 0.0147035 0.0504333 0.580016 111
0 0.188228 0.0914027 0.013274 0.0719278 0.307665 127
0 0.494452 0.0715451 0.0120051 0.0420098 0.506092 20
0 0.453203 0.0809618 0.00796906 0.0436337 0.385277 136
