0 0.52954 0.656022 0.0240448 0.0980651 0.850798 4
0 0.503555 0.205237 0.0111725 0.0530131 0.792819 88
0 0.107938 0.211605 0.0180633 0.0557821 0.778145 124
0 0.775605 0.131373 0.0124683 0.0488252 0.414705 8
0 0.691703 0.106576 0.00830542 0.0442245 0.766537 3
0 0.458653 0.0854462 0.00651875 0.0390237 0.588987 89
0 0.393616 0.0783585 0.00652167 0.0365005 0.655561 20
0 0.566274 0.0885227 0.00900784 0.0402805 0.69533 22
0 0.411216 0.0751906 0.00992355 0.0382322 0.528973 109
0 0.468034 0.0830073 0.00580645 0.038465 0.558912 110
0 0.187589 0.0951221 0.0129398 0.0676776 0.317622 127
0 0.176076 0.118301 0.0132059 0.0443935 0.32448 111
0 0.532085 0.0439618 0.00741886 0.0328439 0.369289 102
0 0.51179 0.101524 0.012108 0.0416398 0.258169 126
0 0.470993 0.126096 0.00887486 0.0431477 0.744979 41
0 0.518772 0.0732176 0.00713282 0.0359689 0.516129 56
0 0.583511 0.0989916 0.0100182 0.0431715 0.630752 131
