0 0.500743 0.656435 0.027115 0.0959807 0.844097 4
0 0.118908 0.198533 0.0132381 0.0517672 0.764737 124
0 0.489152 0.185098 0.0100264 0.0517761 0.786022 88
0 0.158806 0.118347 0.0132056 0.0574593 0.575004 111
0 0.457981 0.0668061 0.00796172 0.0373658 0.549293 20
0 0.690762 0.0939641 0.00918439 0.0429527 0.584255 132
0 0.519334 0.0578911 0.0110792 0.0453497 0.45327 109
0 0.616786 0.15113 0.00864436 0.0498707 0.722551 3
0 0.565632 0.0774699 0.009036 0.0435901 0.340821 126
0 0.604613 0.0570868 0.0112263 0.0363146 0.344771 137
0 0.545268 0.0906296 0.00960471 0.0387488 0.671262 22
0 0.427885 0.0651376 0.00840619 0.040666 0.606923 136
0 0.172887 0.114897 0.0139383 0.050825 0.357982 127
