0 0.495291 0.60087 0.0227313 0.0980899 0.839119 4
0 0.115565 0.205762 0.0192019 0.053896 0.556131 124
0 0.487238 0.188762 0.0116236 0.0524979 0.776583 88
0 0.182375 0.0933347 0.015036 0.0752161 0.574383 156
0 0.171897 0.113902 0.017637 0.0499959 0.416174 111
0 0.434056 0.0514062 0.0074152 0.0394541 0.575295 20
0 0.519794 0.0478995 0.0105132 0.0527783 0.443047 137
0 0.556201 0.0330529 0.010546 0.0513235 0.27202 153
0 0.460629 0.089311 0.0128978 0.0487943 0.694008 136
0 0.485175 0.06884 0.0099486 0.0522018 0.666261 150
0 0.704113 0.110527 0.0103741 0.0442911 0.803222 3
