0 0.422422 0.633704 0.0309198 0.0957431 0.854229 4
0 0.431418 0.209392 0.0119648 0.0545608 0.789888 11
0 0.565965 0.178466 0.010823 0.0527092 0.730643 38
0 0.0515779 0.244587 0.0203008 0.0603892 0.766685 65
0 0.506255 0.196135 0.0144756 0.0553343 0.808292 3
0 0.156006 0.11996 0.0151869 0.0515906 0.497708 64
0 0.286504 0.0402342 0.00883328 0.0367006 0.457805 13
0 0.16992 0.106769 0.010369 0.0443264 0.296638 67
0 0.56283 0.072525 0.00884196 0.0402135 0.727322 63
0 0.57734 0.080686 0.00975138 0.042256 0.665555 8
0 0.485127 0.0879956 0.0114899 0.0565161 0.544991 1
0 0.546623 0.0575387 0.00761744 0.037697 0.44368 41
