0 0.515458 0.714319 0.0261064 0.102297 0.83495 4
0 0.116827 0.206869 0.0151037 0.0527716 0.660064 124
0 0.523289 0.212269 0.0145527 0.0555112 0.773338 88
0 0.719489 0.215348 0.0181496 0.0550869 0.825096 132
0 0.547966 0.069186 0.0101149 0.0248248 0.360626 22
0 0.179051 0.109512 0.0157371 0.0545293 0.49271 111
0 0.494755 0.0700396 0.00792735 0.0333599 0.419505 89
0 0.164618 0.118251 0.016143 0.0573426 0.539237 127
0 0.517543 0.063176 0.0111544 0.0431103 0.522104 137
0 0.499312 0.0798987 0.00842155 0.0409087 0.594611 136
0 0.564812 0.0706949 0.0103365 0.0307125 0.557431 109
0 0.622561 0.140045 0.0103539 0.0479755 0.691237 3
0 0.529353 0.0418011 0.00828835 0.0353858 0.345095 142
0 0.479015 0.0978574 0.00834745 0.0423834 0.526465 126
0 0.677963 0.0501448 0.00885868 0.0341489 0.528466 56
