0 0.279266 0.359181 0.0231879 0.0667358 0.778655 1
0 0.453501 0.825265 0.0342798 0.108636 0.872448 4
0 0.51263 0.307004 0.015731 0.0671612 0.786644 7
0 0.318986 0.243174 0.0165581 0.0570395 0.771645 10
0 0.377281 0.476213 0.022844 0.0817584 0.806471 11
0 0.813516 0.211468 0.0124919 0.05348 0.743459 8
0 0.154353 0.121035 0.0163516 0.0566195 0.474647 31
0 0.611657 0.269488 0.0173494 0.0605745 0.795924 20
0 0.683207 0.267141 0.0209102 0.0607927 0.82334 34
0 0.89428 0.291999 0.0234613 0.0710235 0.854861 41
0 0.585729 0.318315 0.0151269 0.0646046 0.817905 38
0 0.648541 0.181971 0.0147469 0.0512617 0.729269 6
0 0.206964 0.204105 0.0136259 0.0432913 0.666346 5
0 0.388484 0.456577 0.018371 0.0778883 0.780574 3
0 0.588326 0.201563 0.0183206 0.0546973 0.801769 13
0 0.134809 0.126388 0.0176329 0.0760633 0.575625 23
