0 0.458548 0.898694 0.0344927 0.140611 0.861123 4
0 0.540255 0.284989 0.0184409 0.0516922 0.61206 11
0 0.0163397 0.293233 0.0254767 0.061898 0.78937 65
0 0.162098 0.112939 0.0126428 0.0516405 0.659712 64
0 0.589966 0.310268 0.0156335 0.0591059 0.67854 38
0 0.683121 0.127937 0.0105687 0.0486235 0.754088 8
0 0.514674 0.100273 0.0102546 0.0442487 0.526758 56
0 0.58897 0.151865 0.00995407 0.0477349 0.618151 22
0 0.317248 0.211519 0.0143756 0.0514606 0.776547 20
0 0.348454 0.10525 0.00995439 0.0426432 0.408557 70
0 0.422052 0.110968 0.0107275 0.0387028 0.592235 72
0 0.492835 0.16144 0.0108919 0.0501165 0.804133 73
0 0.584218 0.0952295 0.00969543 0.0441238 0.516001 63
0 0.525587 0.286441 0.0181126 0.0427496 0.400775 3
