0 0.497047 0.658465 0.0350406 0.0967932 0.878127 4
0 0.116485 0.207658 0.0166286 0.0533647 0.661351 124
0 0.494726 0.198098 0.0125381 0.0525657 0.810799 88
0 0.668894 0.170311 0.0109324 0.0489739 0.796411 132
0 0.621412 0.157176 0.0111287 0.0499297 0.775379 3
0 0.476699 0.0764148 0.0107434 0.0473322 0.485543 126
0 0.506828 0.0636337 0.00965411 0.0432092 0.657041 137
0 0.176534 0.11603 0.0148221 0.0498919 0.517858 111
0 0.187646 0.0911828 0.0141335 0.0725033 0.309062 127
0 0.494282 0.071362 0.0120094 0.0422876 0.620421 20
0 0.526998 0.0538877 0.00985988 0.0458495 0.383638 109
