0 0.510195 0.82029 0.0255776 0.105237 0.825616 4
0 0.82526 0.172964 0.0151449 0.0447221 0.725794 38
0 0.83758 0.156525 0.0154314 0.0442368 0.488148 71
0 0.711465 0.283471 0.0162018 0.0613547 0.674437 88
0 0.159505 0.119689 0.0163159 0.0622228 0.50773 64
0 0.745692 0.257257 0.0150553 0.063987 0.799052 3
0 0.521098 0.0448531 0.0100307 0.040455 0.464349 102
0 0.393521 0.224117 0.0110405 0.0537441 0.782354 20
0 0.578256 0.173569 0.0150132 0.0450131 0.71606 126
0 0.557615 0.191913 0.0135936 0.0519208 0.662705 41
0 0.495378 0.176347 0.011022 0.054174 0.737334 8
0 0.715991 0.158735 0.0147977 0.0502788 0.739485 56
0 0.641335 0.144013 0.0106872 0.0507339 0.75996 109
0 0.718193 0.102818 0.009618 0.0436868 0.586637 22
0 0.48035 0.135264 0.0115277 0.0462343 0.642828 89
0 0.184069 0.0983624 0.0136281 0.0669557 0.413607 127
