0 0.431931 0.707395 0.0269163 0.103726 0.88251 4
0 0.287052 0.216548 0.0154183 0.0568628 0.740972 38
0 0.357394 0.254231 0.0123881 0.0589457 0.779944 88
0 0.0224782 0.291273 0.0241339 0.0631412 0.824826 93
0 0.350577 0.11869 0.0161177 0.0391132 0.612462 71
0 0.482846 0.20546 0.0115345 0.0556276 0.789242 3
0 0.510565 0.143843 0.0140502 0.0482036 0.673714 8
0 0.23394 0.0954977 0.011415 0.0408477 0.593938 89
0 0.34 0.0878212 0.00929845 0.0382772 0.413826 72
0 0.227531 0.147235 0.0142673 0.0463387 0.687086 20
0 0.486999 0.0365144 0.0106191 0.0455981 0.251543 75
0 0.461035 0.134206 0.0104606 0.0465309 0.743381 70
0 0.263022 0.0831793 0.00980593 0.0373707 0.501628 56
0 0.164498 0.117177 0.0123442 0.0494569 0.274789 64
0 0.517858 0.0731979 0.00716165 0.0401048 0.571762 41
0 0.682144 0.0981408 0.0112164 0.04324 0.69308 22
