0 0.404818 0.900418 0.0307132 0.116264 0.844173 4
0 0.0220403 0.61971 0.0374403 0.0990648 0.873769 38
0 0.604492 0.236009 0.0127806 0.0622313 0.777165 8
0 0.174815 0.393887 0.0278392 0.0724306 0.867077 20
0 0.257831 0.195438 0.0162563 0.0530998 0.763613 70
0 0.440925 0.209298 0.0105702 0.0585497 0.769008 73
0 0.34204 0.256708 0.0163127 0.0597949 0.780252 71
0 0.334282 0.416047 0.0199139 0.0744527 0.813833 3
0 0.572807 0.141705 0.0152412 0.05061 0.727003 63
0 0.494531 0.360519 0.013451 0.0687736 0.769108 11
0 0.354253 0.15821 0.0135804 0.0422076 0.676911 72
0 0.467297 0.145952 0.012318 0.0478515 0.737448 56
0 0.519132 0.228494 0.0102888 0.0590129 0.769505 41
0 0.582922 0.22859 0.014418 0.0587424 0.686024 22
