0 0.500739 0.657445 0.0275331 0.0965896 0.841581 4
0 0.131157 0.196894 0.0143865 0.0547753 0.781155 124
0 0.487168 0.189868 0.0114317 0.0515079 0.790233 88
0 0.647105 0.12644 0.0114114 0.0473244 0.694145 3
0 0.761407 0.103292 0.0120263 0.0453843 0.761435 132
0 0.427863 0.0680787 0.00766204 0.0382184 0.363535 20
0 0.179236 0.104433 0.0172081 0.0717258 0.40631 127
0 0.438806 0.0810365 0.00708923 0.0384937 0.397058 136
0 0.494515 0.0719574 0.0089447 0.0431478 0.512041 126
0 0.507785 0.0562217 0.00917819 0.0392774 0.474578 150
0 0.545807 0.055379 0.00997378 0.0486436 0.577426 137
