0 0.484603 0.883969 0.0323276 0.118946 0.844113 4
0 0.0143061 0.305794 0.0194439 0.0642209 0.795756 93
0 0.707271 0.208333 0.0124947 0.0537374 0.761962 38
0 0.806601 0.143278 0.0126539 0.0501837 0.700318 71
0 0.53801 0.285144 0.019317 0.056443 0.800836 88
0 0.160713 0.126313 0.013937 0.0568464 0.602722 64
0 0.627013 0.263869 0.0115507 0.0604697 0.610793 3
0 0.174061 0.120806 0.0139926 0.0540311 0.357036 115
0 0.521377 0.0474892 0.00919367 0.0407449 0.482556 102
0 0.183954 0.110243 0.0114979 0.0515639 0.404952 111
0 0.434334 0.133359 0.0110504 0.0425242 0.750402 89
0 0.363436 0.180311 0.00938851 0.0485563 0.793797 20
0 0.462415 0.156217 0.0103307 0.0478924 0.775271 8
0 0.504638 0.143505 0.012061 0.0477324 0.661422 126
0 0.182889 0.0980185 0.0139029 0.0689621 0.322917 127
0 0.470744 0.0956836 0.00824216 0.0360935 0.555447 110
0 0.535335 0.151906 0.0151259 0.0387994 0.419853 109
0 0.5162 0.159038 0.0121998 0.0359389 0.58202 56
0 0.651174 0.106937 0.0116597 0.0447367 0.372191 22
