0 0.530916 0.652953 0.0307103 0.0991731 0.869607 4
0 0.116026 0.206822 0.0153139 0.0502972 0.42562 124
0 0.458642 0.0839676 0.0106579 0.0432698 0.571584 89
0 0.498961 0.204707 0.0132261 0.055365 0.728533 88
0 0.795988 0.14376 0.0120331 0.0507914 0.768354 132
0 0.492976 0.0772385 0.00870412 0.0410233 0.583966 56
0 0.57092 0.107092 0.0111318 0.0461974 0.774092 136
0 0.685692 0.10084 0.00973511 0.0458179 0.603869 3
0 0.421106 0.0768908 0.0111223 0.040215 0.339965 109
0 0.442302 0.0701417 0.00784438 0.0388973 0.596818 126
0 0.165445 0.120342 0.0173654 0.0571786 0.336583 127
0 0.397149 0.0760679 0.00881036 0.0395337 0.468533 20
0 0.478341 0.0786489 0.0094847 0.0441207 0.599818 137
0 0.181122 0.11208 0.0140912 0.0495275 0.328667 111
