0 0.459947 0.500459 0.0196643 0.0859686 0.799734 1
0 0.767442 0.443167 0.0239014 0.0803727 0.832642 2
0 0.535885 0.848267 0.0288037 0.110988 0.839541 4
0 0.844697 0.309454 0.0196415 0.0685678 0.785838 6
0 0.613464 0.357673 0.0147172 0.0720656 0.761977 7
0 0.568631 0.289503 0.016611 0.0628447 0.84335 10
0 0.523688 0.545192 0.0280248 0.0813037 0.864729 11
0 0.35054 0.248567 0.0155765 0.0515061 0.742843 5
0 0.895075 0.28614 0.0225604 0.0599475 0.794856 8
0 0.152934 0.128778 0.0151704 0.0535332 0.572917 31
0 0.486063 0.538502 0.0268905 0.0891667 0.8531 3
0 0.823369 0.404786 0.0188842 0.0758942 0.731791 20
0 0.902599 0.358286 0.0211307 0.0717575 0.707175 34
0 0.738678 0.220899 0.0194335 0.0554466 0.748336 13
0 0.134419 0.124773 0.019133 0.0805549 0.704646 23
