0 0.513005 0.490226 0.0181523 0.0786372 0.794074 1
0 0.74143 0.546371 0.0193655 0.089077 0.815471 2
0 0.54884 0.536465 0.0261651 0.0798854 0.261432 3
0 0.49735 0.883206 0.0323522 0.117323 0.854943 4
0 0.374058 0.230107 0.0124132 0.0522125 0.64699 5
0 0.730634 0.426996 0.0195481 0.0813177 0.831247 6
0 0.604542 0.3761 0.0126176 0.0732932 0.768225 7
0 0.684031 0.252405 0.0184003 0.0577742 0.826714 8
0 0.552678 0.56792 0.0272694 0.080626 0.388115 11
0 0.816314 0.390061 0.0238313 0.0714351 0.836194 12
0 0.918282 0.280877 0.0247921 0.0673838 0.806203 14
0 0.76612 0.402877 0.0209595 0.072115 0.824988 20
0 0.625857 0.204035 0.0154526 0.0553 0.729412 13
0 0.493288 0.0512349 0.00881449 0.0432404 0.503464 16
0 0.602171 0.250654 0.0128542 0.0594228 0.717482 10
0 0.551307 0.552301 0.0295567 0.110984 0.43542 21
