0 0.513027 0.816193 0.028674 0.111407 0.83716 4
0 0.827253 0.178177 0.014852 0.0472902 0.677237 38
0 0.839545 0.156655 0.013667 0.0453106 0.458914 71
0 0.694912 0.283303 0.0164352 0.0606325 0.800256 88
0 0.159729 0.120728 0.0163084 0.0626735 0.556489 64
0 0.737797 0.265547 0.0171902 0.0644833 0.80622 3
0 0.520564 0.0456173 0.0104554 0.0397552 0.3798 102
0 0.389738 0.220279 0.0118266 0.0520706 0.789153 20
0 0.563584 0.166595 0.0120266 0.0431706 0.766604 126
0 0.545219 0.18975 0.0122948 0.050947 0.741301 41
0 0.183619 0.0997007 0.0133706 0.0635726 0.43509 127
0 0.49168 0.173119 0.0109255 0.0534945 0.768022 8
0 0.699385 0.16304 0.0156312 0.0504592 0.754927 56
0 0.638123 0.147881 0.0113543 0.0521688 0.729351 109
0 0.711697 0.105952 0.0138503 0.0438211 0.657768 22
0 0.509523 0.101093 0.00968053 0.0406402 0.390947 110
0 0.174117 0.117776 0.0144709 0.0523978 0.307214 115
