0 0.458717 0.822649 0.0307426 0.125094 0.86327 4
0 0.56205 0.272056 0.0196421 0.0554164 0.804256 11
0 0.0425349 0.258022 0.018998 0.0569 0.795228 65
0 0.162334 0.114403 0.0131134 0.0543012 0.642127 64
0 0.631729 0.233586 0.0117579 0.0548329 0.762399 38
0 0.689589 0.103647 0.0101593 0.0459475 0.668342 8
0 0.517763 0.0902273 0.010085 0.0405786 0.62767 56
0 0.570634 0.0860785 0.00941874 0.0431757 0.555141 63
0 0.501898 0.138226 0.00968056 0.0475066 0.581131 73
0 0.589252 0.132135 0.00987129 0.0462048 0.677831 22
0 0.38409 0.122378 0.00967633 0.0391518 0.732057 71
0 0.59594 0.231065 0.0157504 0.0549075 0.781096 3
0 0.308133 0.178353 0.0108739 0.0454046 0.774922 20
0 0.344336 0.0891354 0.00829687 0.0396664 0.784423 70
0 0.548642 0.123358 0.00958627 0.0459636 0.566594 41
0 0.437719 0.095674 0.0086455 0.0378304 0.404089 72
