0 0.416786 0.487776 0.0198747 0.0875525 0.80649 1
0 0.75281 0.416216 0.0171972 0.0813037 0.790096 2
0 0.533308 0.837564 0.0296468 0.117653 0.781087 4
0 0.816637 0.289428 0.020251 0.0621196 0.781787 6
0 0.606631 0.35809 0.0165296 0.0767685 0.795728 7
0 0.556334 0.280161 0.0142836 0.0619661 0.791023 10
0 0.495053 0.543114 0.0246852 0.0880953 0.80762 11
0 0.321867 0.250199 0.0127723 0.0563866 0.786566 5
0 0.883343 0.281914 0.0168341 0.0624009 0.705339 8
0 0.152988 0.130578 0.0151184 0.0557341 0.573893 31
0 0.468776 0.531346 0.0202026 0.0873365 0.814575 3
0 0.788854 0.38221 0.0214768 0.0753029 0.827202 20
0 0.867343 0.342571 0.0164022 0.069076 0.644427 34
0 0.733987 0.218134 0.0187553 0.0498405 0.763869 13
0 0.135473 0.12428 0.0210273 0.0784904 0.698063 23
