0 0.428049 0.715187 0.0347991 0.112361 0.895401 4
0 0.421765 0.234289 0.0107483 0.0575023 0.741958 11
0 0.505275 0.0788605 0.00854835 0.0401537 0.692478 20
0 0.646439 0.193161 0.0101686 0.0549487 0.745114 38
0 0.165966 0.103775 0.01672 0.0584151 0.367167 64
0 0.494801 0.118389 0.0122193 0.0517755 0.686354 8
0 0.0118222 0.298376 0.0235368 0.0653915 0.824658 65
0 0.446946 0.0914947 0.00976623 0.0416866 0.409654 5
0 0.53097 0.2151 0.0110698 0.0557799 0.772794 3
0 0.436329 0.0598338 0.0101649 0.0405692 0.431552 22
0 0.632778 0.0932966 0.0123371 0.0413804 0.523027 63
0 0.542989 0.0856953 0.00848401 0.0436704 0.662741 56
0 0.41322 0.102434 0.0091636 0.0450099 0.42144 1
0 0.404928 0.104113 0.00795383 0.042541 0.455064 13
