0 0.500003 0.656681 0.0267204 0.0961939 0.84012 4
0 0.125972 0.193348 0.0171762 0.052818 0.778659 124
0 0.487766 0.188975 0.010492 0.0522478 0.796594 88
0 0.157944 0.117076 0.0128795 0.0589683 0.634053 111
0 0.604694 0.144928 0.0109806 0.0492133 0.766532 3
0 0.536896 0.0740063 0.00913995 0.0454767 0.519751 126
0 0.519962 0.0837246 0.012442 0.0468484 0.520422 22
0 0.436343 0.0690422 0.00908165 0.0403275 0.501472 136
0 0.173526 0.113577 0.0133818 0.0555325 0.286921 127
0 0.177571 0.110658 0.0155279 0.055563 0.339529 156
0 0.442017 0.0698313 0.00752506 0.0402017 0.464813 20
0 0.577463 0.0561663 0.0109259 0.038533 0.528523 137
0 0.710103 0.102054 0.0105106 0.0441602 0.598836 132
0 0.558798 0.0410092 0.00776552 0.035612 0.365459 153
