0 0.421236 0.560487 0.0305505 0.0882397 0.881867 4
0 0.0954864 0.213849 0.0161081 0.054887 0.717483 124
0 0.178119 0.107562 0.014036 0.0600041 0.350935 127
0 0.568028 0.151812 0.0137984 0.0547415 0.776178 132
0 0.385617 0.0675144 0.00870549 0.0338422 0.579402 20
0 0.393274 0.18875 0.0121207 0.040096 0.666116 88
0 0.509948 0.0662098 0.00858606 0.0339139 0.593396 170
0 0.496829 0.0415704 0.00829684 0.0342662 0.477813 171
0 0.439264 0.0777162 0.00975647 0.0414719 0.644118 168
0 0.375907 0.131344 0.0124097 0.0420003 0.492465 162
0 0.292946 0.0422893 0.00838931 0.0383705 0.497194 109
0 0.590406 0.0875488 0.0081089 0.0379554 0.408477 165
0 0.404763 0.0931276 0.010016 0.0344387 0.517859 137
0 0.352875 0.0596161 0.00862522 0.0383857 0.386021 22
0 0.361319 0.058939 0.00817264 0.0400267 0.417093 172
