0 0.445886 0.696001 0.0315976 0.0997433 0.865422 4
0 0.0728016 0.250605 0.018157 0.0594836 0.803121 93
0 0.314833 0.173602 0.0109939 0.0482685 0.71786 20
0 0.554281 0.264275 0.017349 0.0621385 0.810825 38
0 0.49577 0.0520357 0.00736249 0.0378289 0.557457 102
0 0.467465 0.233793 0.0115095 0.0599329 0.667212 3
0 0.477333 0.255612 0.0108322 0.0583569 0.681379 88
0 0.483268 0.128771 0.00902363 0.043535 0.763019 22
0 0.572961 0.108913 0.0112939 0.0441776 0.49085 71
0 0.439396 0.151153 0.0109826 0.0467459 0.636928 41
0 0.386596 0.0960788 0.00777222 0.0383428 0.336046 110
0 0.540302 0.1346 0.00858199 0.0493245 0.670995 75
0 0.469668 0.107625 0.00884997 0.04769 0.75212 8
0 0.554228 0.0856043 0.00908833 0.0418855 0.570562 109
0 0.165478 0.123934 0.0119205 0.0492037 0.302154 64
0 0.183591 0.108158 0.0134192 0.0484142 0.276331 111
0 0.453325 0.0960739 0.00843229 0.044878 0.519733 56
