0 0.417135 0.542835 0.0236776 0.0871192 0.868895 4
0 0.0969257 0.214509 0.0192482 0.0543237 0.72881 124
0 0.347433 0.192948 0.0113784 0.0518171 0.400709 88
0 0.179415 0.113667 0.0113787 0.0495247 0.404216 127
0 0.170291 0.114357 0.0119525 0.0483951 0.280221 111
0 0.423075 0.130367 0.0122212 0.0462847 0.642272 162
0 0.481758 0.0740301 0.0110097 0.0386356 0.678068 137
0 0.610608 0.136826 0.0121658 0.0660915 0.779087 132
0 0.495116 0.0370105 0.0086819 0.0420364 0.389177 170
0 0.63492 0.0769005 0.0110331 0.0431044 0.678957 165
0 0.32814 0.0523291 0.00945803 0.0318402 0.321369 22
0 0.396958 0.0621265 0.0084164 0.0411599 0.328087 20
0 0.498706 0.0968066 0.0112546 0.042248 0.487622 150
