0 0.489461 0.797014 0.0348976 0.109028 0.871757 4
0 0.0614058 0.252127 0.0171252 0.0598785 0.780569 93
0 0.618513 0.270348 0.0178979 0.061253 0.767965 38
0 0.313432 0.119525 0.00766713 0.0419837 0.749211 110
0 0.623675 0.175232 0.0100686 0.0349701 0.399598 22
0 0.524944 0.190992 0.0102879 0.0343171 0.557839 41
0 0.486911 0.135334 0.00903613 0.0496449 0.715057 8
0 0.366639 0.223776 0.0132453 0.055338 0.764102 20
0 0.756213 0.188209 0.0153999 0.0529905 0.648741 71
0 0.434608 0.269268 0.0167674 0.0627692 0.739088 88
0 0.473153 0.173638 0.0118202 0.0529318 0.619729 75
0 0.158333 0.121801 0.0108885 0.0472989 0.36236 64
0 0.453008 0.102205 0.00864503 0.0442958 0.444986 56
0 0.462812 0.0448722 0.0103433 0.035009 0.320355 102
0 0.706432 0.100116 0.0127885 0.0450851 0.572392 109
0 0.443906 0.255174 0.0158189 0.0588111 0.691667 3
