0 0.487713 0.798791 0.0351397 0.110119 0.871944 4
0 0.062878 0.254436 0.0191367 0.0584484 0.712837 93
0 0.605245 0.284234 0.0157953 0.0629912 0.811229 38
0 0.443077 0.262518 0.0178857 0.0670654 0.784442 3
0 0.318439 0.121293 0.00758581 0.0417735 0.757044 110
0 0.615021 0.171111 0.0155549 0.0498825 0.807149 22
0 0.525082 0.190313 0.0106359 0.0436869 0.445027 41
0 0.486712 0.140102 0.00991313 0.0478419 0.691418 8
0 0.418995 0.248197 0.0125313 0.0537966 0.767371 20
0 0.696321 0.187071 0.0127619 0.0528103 0.67158 71
0 0.466788 0.0464172 0.0100483 0.0452062 0.563267 102
0 0.439821 0.13386 0.00898396 0.0464667 0.683927 89
0 0.501689 0.187402 0.0122999 0.0557374 0.526533 75
0 0.147254 0.127707 0.0146926 0.0470062 0.343617 64
