0 0.419555 0.637792 0.0308844 0.0962026 0.868192 4
0 0.437131 0.199742 0.0106945 0.0525113 0.779054 11
0 0.0754754 0.217367 0.0165141 0.0537442 0.626294 65
0 0.534061 0.0494405 0.00935408 0.0469347 0.339212 56
0 0.48481 0.0581749 0.0132699 0.0545908 0.620458 22
0 0.640899 0.0497944 0.0086352 0.040095 0.607578 8
0 0.517632 0.186479 0.0141799 0.0692761 0.574122 5
0 0.501386 0.054749 0.0146303 0.0630802 0.557695 41
0 0.518815 0.192871 0.0125592 0.052864 0.460214 38
0 0.537523 0.0640471 0.0150865 0.0440075 0.761091 63
