0 0.382369 0.750849 0.0302273 0.103152 0.879997 4
0 0.629315 0.26662 0.018255 0.0580103 0.831127 38
0 0.341882 0.273312 0.0112542 0.0586462 0.726825 3
0 0.296655 0.35627 0.0173849 0.0628711 0.671746 11
0 0.410243 0.208302 0.011656 0.0547114 0.668581 8
0 0.0712674 0.238498 0.0120107 0.0573142 0.659861 1
0 0.491219 0.0534327 0.00872135 0.0374208 0.303489 22
0 0.233911 0.203735 0.0136582 0.0516204 0.688444 20
0 0.18841 0.168317 0.0140198 0.0457388 0.453689 55
0 0.35544 0.18224 0.0109231 0.0494217 0.672899 56
0 0.180235 0.226446 0.0137493 0.059737 0.734338 13
0 0.378901 0.180515 0.0117435 0.0499033 0.405397 7
0 0.120952 0.159432 0.0155768 0.059652 0.503531 39
0 0.329387 0.143461 0.0154932 0.0464172 0.547444 6
0 0.522606 0.147027 0.0110427 0.0494793 0.676224 41
0 0.207214 0.16396 0.0144238 0.0376234 0.331268 5
