0 0.531494 0.653108 0.0303164 0.0992182 0.87182 4
0 0.116422 0.20513 0.014426 0.0526512 0.680646 124
0 0.460169 0.0824129 0.00990178 0.0415156 0.510941 89
0 0.49406 0.202088 0.0103413 0.0538272 0.781473 88
0 0.796055 0.14374 0.0118925 0.0505692 0.799566 132
0 0.493507 0.0763042 0.0085653 0.0406392 0.558483 56
0 0.596026 0.108971 0.0142248 0.0452359 0.778078 136
0 0.685713 0.1001 0.00921408 0.0465174 0.555066 3
0 0.422832 0.0762331 0.0103822 0.0406558 0.49342 109
0 0.438972 0.0705848 0.00748294 0.0388981 0.531561 126
0 0.165397 0.118084 0.0186163 0.0597863 0.3035 127
0 0.396074 0.0778806 0.00653518 0.0410882 0.597186 20
0 0.458685 0.0832844 0.0111219 0.0429642 0.514211 22
