0 0.53 0.652977 0.0304036 0.0991361 0.864337 4
0 0.116009 0.205247 0.0160649 0.0536477 0.59914 124
0 0.513305 0.198773 0.00978533 0.0528023 0.797095 88
0 0.788572 0.141998 0.0142624 0.0503485 0.677651 132
0 0.418427 0.06836 0.00871563 0.0301013 0.401462 109
0 0.424819 0.0978214 0.0114302 0.0429499 0.406687 136
0 0.520295 0.0729058 0.00931406 0.0382077 0.475566 22
0 0.467454 0.0687933 0.00973488 0.0398567 0.448031 89
0 0.687983 0.101207 0.00938174 0.0446623 0.644537 3
0 0.452198 0.0799021 0.0107726 0.0512259 0.275367 20
0 0.51088 0.0757082 0.00918392 0.0409662 0.316863 56
0 0.165348 0.120743 0.0159582 0.0551867 0.312532 127
