0 0.44612 0.695804 0.0321047 0.0983676 0.871961 4
0 0.05977 0.264929 0.0208924 0.059975 0.770787 93
0 0.307426 0.153931 0.0092282 0.0491188 0.773203 20
0 0.491255 0.109055 0.010477 0.0465153 0.635814 8
0 0.494812 0.254436 0.0128004 0.0590738 0.687694 38
0 0.475321 0.110874 0.0113139 0.0466667 0.426919 22
0 0.506458 0.243693 0.0137396 0.0548328 0.68166 88
0 0.412253 0.141832 0.0101104 0.0438154 0.606918 41
0 0.495359 0.0476337 0.00884698 0.0379254 0.504156 102
0 0.54035 0.0761359 0.00796223 0.0384182 0.465365 109
0 0.555941 0.0983935 0.00812632 0.0391408 0.634485 71
0 0.564082 0.127557 0.00779769 0.0454548 0.54404 75
0 0.176736 0.117047 0.0138158 0.0547077 0.429492 64
0 0.163368 0.116952 0.0118371 0.0498412 0.416765 111
0 0.354835 0.10675 0.00834487 0.0424729 0.723717 89
0 0.417468 0.0931122 0.0130122 0.0467585 0.399977 56
0 0.494207 0.208529 0.00990089 0.044573 0.579512 3
