0 0.0978601 0.320856 0.021017 0.0665031 0.808575 1
0 0.414974 0.773418 0.0278234 0.106646 0.825011 4
0 0.394946 0.255091 0.0121832 0.0648037 0.757705 7
0 0.291329 0.412476 0.0163001 0.0708494 0.809234 11
0 0.45104 0.215206 0.0125972 0.054452 0.722795 20
0 0.576316 0.224947 0.0132641 0.0569678 0.685314 34
0 0.7554 0.213159 0.0160975 0.0594321 0.797727 41
0 0.469666 0.317097 0.0104051 0.0660823 0.806067 38
0 0.371281 0.38667 0.0172045 0.0740619 0.838809 3
0 0.48345 0.0609937 0.00861527 0.037364 0.458518 22
0 0.64158 0.200724 0.0139848 0.0519187 0.732695 8
0 0.192518 0.182233 0.0111856 0.0493682 0.683931 5
0 0.430825 0.201443 0.0122533 0.0567382 0.748701 13
0 0.0592738 0.239876 0.0242236 0.060427 0.656849 10
