0 0.52979 0.652518 0.0309081 0.098247 0.867076 4
0 0.115787 0.205169 0.0163842 0.0533744 0.585801 124
0 0.513401 0.19863 0.00997136 0.0529827 0.804779 88
0 0.788921 0.141481 0.0131207 0.0509972 0.658245 132
0 0.415889 0.0721363 0.00948995 0.0373586 0.578262 109
0 0.165325 0.117793 0.017948 0.05951 0.338391 127
0 0.44141 0.0961887 0.0110904 0.0482005 0.611534 136
0 0.179398 0.110768 0.0165855 0.0503295 0.311674 111
0 0.45583 0.0812692 0.00815722 0.0435709 0.497885 126
0 0.518724 0.0797727 0.0102467 0.0390088 0.476824 22
0 0.504139 0.0746313 0.00699218 0.0412206 0.539059 56
0 0.466761 0.079463 0.00840003 0.036567 0.340596 89
0 0.687512 0.100582 0.0095192 0.045509 0.536407 3
0 0.528954 0.070714 0.00915429 0.0327834 0.313682 102
