0 0.50005 0.657599 0.0275189 0.0959167 0.838097 4
0 0.125012 0.192636 0.0151905 0.0528422 0.659394 124
0 0.487619 0.190522 0.0104517 0.0501713 0.797394 88
0 0.157653 0.119397 0.013604 0.0565323 0.568688 111
0 0.611426 0.138246 0.0115561 0.0462095 0.781551 3
0 0.505607 0.0847372 0.0112469 0.0398177 0.618437 22
0 0.729492 0.10517 0.0107096 0.0443373 0.681096 132
0 0.487591 0.0605606 0.00802663 0.0408146 0.610494 150
0 0.436242 0.0723281 0.00999864 0.0474725 0.597938 20
0 0.184144 0.0887207 0.0154411 0.0822773 0.340377 156
0 0.51794 0.0676779 0.00942923 0.0554557 0.543326 126
