0 0.43353 0.703861 0.0263202 0.100041 0.854979 4
0 0.5893 0.212023 0.0121905 0.0538726 0.586255 88
0 0.0440822 0.270713 0.019051 0.0612176 0.773157 93
0 0.580104 0.181337 0.0109004 0.052712 0.767758 3
0 0.359995 0.145596 0.0116846 0.0473077 0.756254 20
0 0.519334 0.107455 0.0091313 0.0542191 0.676176 8
0 0.351188 0.0891609 0.0107825 0.0370724 0.592163 89
0 0.60903 0.102511 0.00993214 0.0441757 0.7702 75
0 0.504054 0.0411792 0.0090909 0.0374556 0.355028 102
0 0.556714 0.0784785 0.00718441 0.0395851 0.623203 71
0 0.54088 0.0638119 0.00897681 0.0392313 0.443057 109
0 0.170314 0.115253 0.0152474 0.0507797 0.355656 64
0 0.391045 0.0839253 0.00900491 0.0325142 0.590796 56
0 0.465968 0.0834668 0.0124175 0.0547479 0.495792 41
