0 0.530814 0.654317 0.0307479 0.0977757 0.868321 4
0 0.117044 0.207375 0.0153232 0.0530463 0.65542 124
0 0.720646 0.11457 0.0156773 0.0452309 0.776125 8
0 0.69272 0.10637 0.00921281 0.0449083 0.728414 3
0 0.463215 0.0869996 0.0114382 0.0455898 0.436203 89
0 0.416343 0.0739749 0.00860929 0.0378293 0.617513 109
0 0.481337 0.194799 0.00989688 0.0525488 0.809621 88
0 0.465045 0.091179 0.0108369 0.0474852 0.481429 126
0 0.526858 0.0824628 0.0103461 0.0393092 0.532961 22
0 0.50606 0.083948 0.00902494 0.0405883 0.677453 131
0 0.490054 0.0775424 0.00912778 0.0428256 0.594509 56
0 0.438654 0.103941 0.00875921 0.0428041 0.693564 41
0 0.158716 0.119026 0.0125389 0.0496318 0.539562 111
0 0.799028 0.149079 0.0119799 0.0512397 0.482918 132
