0 0.524452 0.781521 0.0273534 0.112254 0.849767 4
0 0.705188 0.243951 0.0184697 0.0571691 0.803705 88
0 0.155189 0.12525 0.0127442 0.0526557 0.570041 64
0 0.744439 0.229531 0.0140943 0.0572062 0.790085 3
0 0.661575 0.169119 0.0147804 0.0509175 0.742657 41
0 0.605712 0.101872 0.0178232 0.0414206 0.519386 109
0 0.426215 0.189165 0.0121387 0.0534826 0.563717 20
0 0.488485 0.125651 0.00814702 0.0463755 0.773391 89
0 0.530211 0.047133 0.00809371 0.0359495 0.304064 102
0 0.754933 0.11491 0.0137565 0.0454803 0.510482 22
0 0.0336049 0.292327 0.0233736 0.0709712 0.751144 124
0 0.78649 0.137511 0.0104813 0.0491917 0.646964 56
0 0.592333 0.161068 0.0106882 0.0514116 0.750007 8
0 0.173622 0.121333 0.0153558 0.0538925 0.589412 115
0 0.184169 0.0972553 0.0148378 0.0660989 0.496756 127
0 0.861638 0.174392 0.0207656 0.0469681 0.473126 38
0 0.692445 0.145325 0.0107171 0.0478519 0.630833 126
0 0.705728 0.130641 0.0110423 0.0226873 0.473834 131
0 0.532956 0.0978231 0.00838807 0.0383458 0.518506 110
