0 0.528353 0.654653 0.0314899 0.0966779 0.852748 4
0 0.619164 0.212537 0.0132638 0.0540133 0.795599 88
0 0.702584 0.131344 0.0105801 0.0491782 0.59698 3
0 0.571719 0.154357 0.011295 0.0500198 0.760579 41
0 0.528305 0.0841321 0.0109204 0.0408009 0.488005 109
0 0.45824 0.100247 0.00836207 0.0423297 0.713254 89
0 0.0769972 0.248551 0.0178834 0.0578398 0.786396 124
0 0.686475 0.145911 0.0156539 0.0482784 0.745777 8
0 0.409457 0.103106 0.0080534 0.0414399 0.517702 20
0 0.619503 0.110065 0.00893396 0.0419128 0.639712 126
0 0.177431 0.113508 0.0144441 0.0540834 0.577057 111
0 0.848339 0.161446 0.0149748 0.0478547 0.7761 132
0 0.694734 0.119382 0.00844612 0.0274469 0.334506 131
0 0.629906 0.0884032 0.00945244 0.0439979 0.653631 56
0 0.49216 0.0889742 0.00808694 0.0362096 0.548385 110
0 0.668642 0.0997521 0.0107082 0.0421596 0.631928 22
