0 0.403743 0.903315 0.031338 0.112787 0.83759 4
0 0.0386951 0.606822 0.0267336 0.0886706 0.822916 38
0 0.0940188 0.372803 0.0315626 0.0678501 0.843797 20
0 0.152663 0.213828 0.0177087 0.0566836 0.752294 70
0 0.434358 0.194356 0.0105788 0.0567651 0.682732 73
0 0.303498 0.229244 0.0161141 0.0557191 0.746075 71
0 0.338508 0.416355 0.0173696 0.0804795 0.83403 3
0 0.552518 0.149539 0.0153437 0.0529542 0.782239 63
0 0.464543 0.403563 0.0142921 0.0718934 0.812255 11
0 0.273672 0.176228 0.0137079 0.0452116 0.575201 72
0 0.476819 0.221266 0.0152348 0.0584004 0.771914 41
0 0.576815 0.241783 0.0131517 0.0610832 0.77368 8
0 0.159153 0.117679 0.0132083 0.0485439 0.342557 64
0 0.657155 0.226579 0.0160212 0.0596362 0.757202 22
