0 0.530688 0.652485 0.0307788 0.0976906 0.8698 4
0 0.11606 0.206176 0.0146925 0.0502028 0.519258 124
0 0.523168 0.20742 0.0120131 0.0569773 0.707946 88
0 0.164954 0.116484 0.0185291 0.0616568 0.407032 127
0 0.670785 0.107017 0.00941957 0.0434271 0.746289 3
0 0.0077345 0.290689 0.015469 0.0587069 0.752134 140
0 0.726007 0.177231 0.0126966 0.0524257 0.677226 132
0 0.471853 0.0782219 0.00911029 0.0392805 0.647728 126
0 0.504786 0.0507801 0.0091032 0.0367558 0.577923 22
0 0.546567 0.069761 0.0140952 0.0609659 0.614481 56
0 0.432267 0.0996977 0.0104561 0.0438268 0.781843 136
0 0.531059 0.0493163 0.0074385 0.0354417 0.373714 20
0 0.44748 0.0724124 0.0106726 0.03626 0.558048 137
0 0.1798 0.107811 0.0166698 0.0513308 0.278094 111
0 0.487113 0.0598908 0.00880251 0.0379848 0.396002 109
