0 0.44104 0.558948 0.023032 0.088293 0.848244 4
0 0.103802 0.211448 0.0185338 0.0532222 0.759579 124
0 0.418195 0.194567 0.015018 0.0510958 0.743672 88
0 0.394493 0.0736202 0.0116574 0.0367909 0.530496 22
0 0.669101 0.115871 0.00958633 0.0415051 0.684669 132
0 0.180043 0.0986315 0.014127 0.0789765 0.496153 127
0 0.529212 0.0578241 0.00857159 0.0359751 0.495989 137
0 0.168827 0.111281 0.0133958 0.053803 0.414098 111
0 0.423325 0.0526604 0.00927162 0.0357176 0.362294 20
0 0.56414 0.0785946 0.0107503 0.0403598 0.548033 150
0 0.691736 0.0629767 0.00811068 0.0362575 0.68669 165
0 0.470626 0.124346 0.0126252 0.043985 0.63097 162
0 0.508855 0.0605817 0.00844822 0.0351082 0.564317 153
0 0.646605 0.116356 0.0105989 0.0456967 0.722955 3
0 0.278733 0.0402212 0.012295 0.0518021 0.441261 154
