0 0.348762 0.56997 0.0371186 0.0855544 0.86691 4
0 0.0906699 0.219486 0.0172665 0.0557531 0.695737 124
0 0.37285 0.217451 0.0168348 0.048763 0.770617 88
0 0.443843 0.063391 0.00786587 0.0305915 0.497934 168
0 0.351977 0.142189 0.0148803 0.0463463 0.596134 162
0 0.5372 0.162116 0.0116283 0.049569 0.793435 3
0 0.430933 0.0855845 0.0109073 0.0335844 0.42735 150
0 0.359773 0.0686847 0.0126789 0.0359003 0.561998 22
0 0.579475 0.172903 0.0152231 0.0457212 0.766888 132
0 0.28368 0.055202 0.00858297 0.034173 0.510117 109
0 0.379878 0.0744479 0.00869583 0.0362323 0.647136 20
