0 0.488409 0.798388 0.0341557 0.110631 0.871703 4
0 0.0631909 0.249616 0.0212817 0.0588477 0.781698 93
0 0.628447 0.273894 0.018685 0.0614746 0.820246 38
0 0.303723 0.119072 0.00807956 0.0446532 0.692914 110
0 0.625463 0.166152 0.0101407 0.0517892 0.367932 22
0 0.524728 0.191638 0.0100716 0.0342002 0.462628 41
0 0.496396 0.141641 0.00998672 0.0501946 0.722224 8
0 0.344848 0.216562 0.01557 0.0563917 0.775783 20
0 0.781393 0.188644 0.0158581 0.0540298 0.773192 71
0 0.443255 0.277789 0.011926 0.0597631 0.747769 88
0 0.472907 0.174581 0.0114086 0.0530394 0.672567 75
0 0.158102 0.121783 0.0105769 0.0509262 0.434102 64
0 0.460051 0.103726 0.008955 0.0443305 0.548031 56
0 0.701836 0.0986715 0.0106895 0.0458111 0.428047 109
0 0.412954 0.122636 0.00916948 0.0459098 0.726899 89
0 0.186029 0.112255 0.00962615 0.044986 0.460712 111
0 0.172516 0.119185 0.0154632 0.0519242 0.457967 115
0 0.461243 0.260562 0.0109963 0.0588307 0.737025 3
0 0.484137 0.0490109 0.00902707 0.0368476 0.346733 102
