0 0.499005 0.690904 0.0253495 0.10062 0.837412 4
0 0.789105 0.192399 0.0160283 0.0547956 0.767848 38
0 0.602702 0.241088 0.0152797 0.0601559 0.765501 3
0 0.496375 0.27399 0.0184065 0.0617187 0.845992 11
0 0.545651 0.169119 0.0119647 0.0524874 0.727848 13
0 0.529263 0.0760137 0.00834312 0.0405549 0.658239 6
0 0.559699 0.164497 0.0101916 0.0514848 0.724862 8
0 0.44137 0.0899967 0.00785592 0.0392444 0.63805 5
0 0.475884 0.0877815 0.00967789 0.044726 0.516085 55
0 0.328837 0.0896759 0.00852076 0.0411811 0.649125 1
0 0.517569 0.137541 0.00843802 0.0479811 0.767295 20
0 0.789125 0.101077 0.0138858 0.0434872 0.349886 7
0 0.722699 0.0936748 0.0106544 0.0323968 0.433381 56
0 0.768846 0.0978596 0.0092804 0.0427672 0.556264 41
