0 0.418355 0.652392 0.0304487 0.0987276 0.870208 4
0 0.373971 0.20132 0.0156507 0.0492938 0.729224 11
0 0.0753885 0.218343 0.0162731 0.0541833 0.663689 65
0 0.525549 0.167958 0.0158871 0.0472667 0.697498 3
0 0.162156 0.114328 0.0129863 0.0551273 0.604437 64
0 0.368028 0.0911211 0.00971244 0.0382081 0.755439 41
0 0.643436 0.132263 0.0130685 0.0477603 0.831391 38
0 0.216843 0.119674 0.0133186 0.0433921 0.728481 20
0 0.255937 0.0791713 0.00787714 0.0363766 0.588763 71
0 0.415505 0.0666126 0.00753648 0.0336212 0.684954 72
0 0.540024 0.0732768 0.00698388 0.0379068 0.485916 56
0 0.566889 0.0710922 0.0118167 0.0361861 0.557718 63
0 0.229783 0.0649513 0.00941873 0.0404734 0.531462 70
0 0.656758 0.065336 0.00859947 0.0413739 0.748153 8
0 0.503029 0.0825916 0.0136377 0.0438497 0.591867 22
