0 0.433239 0.704613 0.0264236 0.101817 0.871591 4
0 0.599624 0.210926 0.01186 0.0542776 0.504621 88
0 0.0436392 0.271803 0.0199725 0.0615808 0.779856 93
0 0.587754 0.181133 0.0106593 0.051408 0.736704 3
0 0.356581 0.148004 0.0099939 0.0474912 0.751757 20
0 0.520053 0.1095 0.00830351 0.0464389 0.69927 8
0 0.357036 0.0874116 0.0113371 0.0391239 0.667407 89
0 0.614034 0.10102 0.0089557 0.0457611 0.664882 75
0 0.453189 0.208455 0.01383 0.0537219 0.811118 38
0 0.543036 0.0934728 0.0143742 0.0392776 0.397243 22
0 0.506334 0.0413163 0.00898507 0.0374192 0.349463 102
0 0.563164 0.0785455 0.00912412 0.0403516 0.539193 71
0 0.403623 0.0828944 0.0127426 0.0393391 0.451029 56
0 0.170307 0.114191 0.0154055 0.0523631 0.312726 64
