0 0.482501 0.777609 0.03037 0.107841 0.874573 4
0 0.048945 0.282317 0.0165035 0.0587767 0.761331 93
0 0.737566 0.191046 0.0147014 0.0531969 0.74258 38
0 0.344284 0.161298 0.00882422 0.0466438 0.711731 20
0 0.823166 0.14263 0.011001 0.0478775 0.556636 71
0 0.536937 0.269025 0.0154869 0.0583588 0.771248 88
0 0.161143 0.127889 0.0136513 0.0562562 0.555827 64
0 0.601048 0.258041 0.0126937 0.0615632 0.599392 3
0 0.173585 0.124509 0.0138448 0.0531367 0.53423 115
0 0.571514 0.121772 0.0132912 0.0426406 0.674397 56
0 0.544995 0.165727 0.0127156 0.0511218 0.783741 41
0 0.50949 0.161711 0.0108002 0.0493348 0.725758 126
0 0.522145 0.0529261 0.00908953 0.0398235 0.329867 102
0 0.346884 0.109912 0.00915413 0.0395874 0.610343 110
0 0.184485 0.113654 0.00989677 0.0488459 0.492024 111
0 0.495756 0.155737 0.0113098 0.0520452 0.678537 8
