0 0.0438779 0.247047 0.0179028 0.0568809 0.783616 1
0 0.377713 0.745248 0.0270535 0.105498 0.852571 4
0 0.301557 0.398032 0.0145399 0.0482961 0.31994 11
0 0.409661 0.179025 0.0119069 0.0535179 0.725339 20
0 0.628238 0.17068 0.0117607 0.0508265 0.752453 41
0 0.519341 0.31386 0.0134453 0.0656125 0.80476 38
0 0.354938 0.328273 0.0146911 0.0685348 0.794326 3
0 0.219203 0.160316 0.0116226 0.044337 0.698162 5
0 0.157457 0.120363 0.0139803 0.0486113 0.39351 31
0 0.488287 0.170521 0.0156328 0.0470277 0.77281 8
0 0.383825 0.170879 0.0151333 0.0442997 0.592651 13
0 0.131114 0.141783 0.0151128 0.0660893 0.559143 39
0 0.538199 0.200123 0.0142108 0.0504443 0.735067 34
0 0.373717 0.219386 0.0118778 0.053377 0.411476 7
0 0.395831 0.141953 0.00975256 0.0478706 0.727282 6
