0 0.422198 0.635518 0.030389 0.0968891 0.861395 4
0 0.4314 0.209996 0.0119832 0.0548459 0.802839 11
0 0.558107 0.181596 0.014248 0.0537317 0.817708 38
0 0.0571291 0.241827 0.0207553 0.0603293 0.795501 65
0 0.506335 0.196918 0.0140718 0.0547954 0.7996 3
0 0.157224 0.117363 0.0157102 0.0498325 0.522293 64
0 0.169544 0.108465 0.01044 0.0411442 0.337908 67
0 0.55773 0.0725289 0.00974916 0.0397687 0.593268 63
0 0.582605 0.078651 0.0112543 0.0437954 0.768405 8
0 0.489208 0.0806338 0.0138055 0.066826 0.699894 1
0 0.544362 0.0574781 0.00679932 0.0391552 0.549106 41
0 0.5041 0.0695142 0.0104991 0.0570513 0.730424 56
