0 0.488687 0.515624 0.0217928 0.0856048 0.807935 1
0 0.823057 0.56367 0.0194763 0.0899061 0.868888 2
0 0.506099 0.886027 0.0316677 0.112836 0.84674 4
0 0.742059 0.408567 0.0199242 0.0782136 0.793901 6
0 0.643726 0.375131 0.0180858 0.0744454 0.802281 7
0 0.917439 0.477243 0.0206366 0.0834488 0.720979 12
0 0.898192 0.488805 0.0254736 0.081644 0.764802 20
0 0.683021 0.218917 0.0135642 0.0582838 0.605221 13
0 0.676385 0.283348 0.0134125 0.061706 0.504009 10
0 0.55895 0.575262 0.0123574 0.0685679 0.684505 11
0 0.549934 0.545785 0.0277279 0.0691927 0.767261 3
0 0.389574 0.248316 0.0104216 0.0570888 0.730495 5
0 0.139192 0.134129 0.015709 0.0555155 0.577983 23
