0 0.42454 0.679046 0.029765 0.0983045 0.849452 4
0 0.499158 0.210936 0.0168608 0.0508833 0.727807 11
0 0.0752057 0.219658 0.0180928 0.0539353 0.771248 65
0 0.16312 0.113446 0.012071 0.054452 0.652316 64
0 0.68412 0.138575 0.012429 0.03828 0.694608 38
0 0.271749 0.13601 0.0131485 0.0419736 0.771782 20
0 0.694485 0.0738499 0.00996526 0.0397745 0.66006 8
0 0.507266 0.0952827 0.00806624 0.0360672 0.682554 56
0 0.457189 0.0729863 0.00901473 0.0285951 0.502496 72
0 0.497382 0.072146 0.00848891 0.0351115 0.601851 41
0 0.558847 0.0816885 0.00928186 0.0411478 0.615655 63
0 0.31879 0.0646151 0.00894639 0.0346325 0.713201 70
0 0.541691 0.085192 0.00847797 0.0363989 0.624263 73
0 0.596061 0.103116 0.0102266 0.0388227 0.624291 22
0 0.359061 0.0850866 0.00977348 0.0365766 0.685042 71
