0 0.403616 0.906429 0.0319723 0.115575 0.843171 4
0 0.0540476 0.593241 0.0331302 0.0883734 0.863124 38
0 0.0810121 0.308796 0.0183312 0.0682982 0.768835 20
0 0.106159 0.200698 0.0147511 0.0545352 0.600095 70
0 0.441344 0.178794 0.0112136 0.0518563 0.652146 73
0 0.261098 0.213813 0.016623 0.0528743 0.739672 71
0 0.351582 0.386491 0.0182899 0.0752988 0.829226 3
0 0.551691 0.147412 0.0184195 0.0504618 0.776771 63
0 0.422338 0.412656 0.0202895 0.0717167 0.778652 11
0 0.215395 0.176926 0.0115547 0.0473567 0.660316 72
0 0.44895 0.20818 0.0129137 0.0558454 0.446592 41
0 0.551616 0.230397 0.0125324 0.0607712 0.636862 8
0 0.409202 0.147421 0.011778 0.0508102 0.723987 56
0 0.160212 0.116735 0.0131607 0.047345 0.340307 64
0 0.712001 0.216297 0.0122925 0.0575056 0.810104 22
0 0.510058 0.0399016 0.0110283 0.0414619 0.41811 75
