0 0.420367 0.652688 0.0311032 0.0968832 0.865261 4
0 0.376326 0.21453 0.0148597 0.0544179 0.774116 11
0 0.0758078 0.218119 0.0159633 0.0525538 0.700918 65
0 0.641899 0.0547847 0.00864957 0.0417045 0.626642 8
0 0.476934 0.174362 0.0136013 0.0544798 0.789966 3
0 0.162729 0.113256 0.0125189 0.0550533 0.611141 64
0 0.558484 0.0728188 0.00634715 0.0389676 0.525343 63
0 0.405255 0.0751794 0.00919301 0.0424874 0.561873 41
0 0.570673 0.175523 0.0147552 0.0533829 0.81002 38
0 0.317983 0.0877791 0.0119524 0.0369534 0.465322 20
0 0.477567 0.0579557 0.00836776 0.038626 0.334801 22
0 0.354719 0.0712921 0.0127787 0.0389786 0.335016 71
0 0.544232 0.0573929 0.00966663 0.0389678 0.46135 56
0 0.217117 0.0657582 0.00920995 0.0364699 0.505832 70
0 0.505229 0.0494343 0.00872246 0.0332685 0.370938 73
0 0.436835 0.0394027 0.0097887 0.053185 0.412249 72
