0 0.501502 0.656106 0.0303464 0.0982284 0.855753 4
0 0.122356 0.202356 0.012715 0.0532998 0.701869 124
0 0.486877 0.189614 0.0111753 0.0518822 0.786118 88
0 0.787585 0.0985663 0.0109272 0.0436078 0.37484 132
0 0.507375 0.0580415 0.0083841 0.0363858 0.392474 150
0 0.183538 0.0973955 0.0134781 0.0645462 0.330556 156
0 0.457632 0.0738309 0.00804796 0.0393101 0.640395 154
0 0.675568 0.11808 0.0138538 0.046148 0.693724 3
0 0.430862 0.0669047 0.011506 0.0475485 0.516472 20
0 0.517084 0.0470433 0.0102113 0.0439744 0.342145 137
0 0.172531 0.114167 0.0175832 0.0534524 0.361966 111
0 0.432295 0.0732049 0.0137304 0.0595833 0.401026 136
0 0.477787 0.073043 0.00968037 0.0462207 0.634805 22
