0 0.487328 0.855639 0.0315023 0.121927 0.846649 4
0 0.030241 0.293083 0.0175147 0.0597934 0.799277 93
0 0.717417 0.196731 0.0116562 0.0527451 0.761824 38
0 0.812073 0.139584 0.0108238 0.0503515 0.716084 71
0 0.552242 0.27886 0.0172564 0.0522133 0.809979 88
0 0.160833 0.124811 0.0155286 0.0605007 0.594335 64
0 0.628112 0.262466 0.0156904 0.0605634 0.812559 3
0 0.174073 0.119168 0.0132986 0.0538178 0.280725 115
0 0.526869 0.126772 0.00963176 0.0443292 0.259797 41
0 0.521114 0.0466903 0.01005 0.0424959 0.476794 102
0 0.558787 0.153184 0.013008 0.0454935 0.420432 109
0 0.54617 0.148993 0.0143592 0.0453388 0.559181 56
0 0.183949 0.109192 0.0119772 0.0531426 0.484207 111
0 0.428694 0.129608 0.00754312 0.0435247 0.772574 89
0 0.355057 0.168036 0.0093242 0.0470319 0.813391 20
0 0.473286 0.158008 0.0126829 0.0509911 0.696234 8
0 0.641523 0.102131 0.00878563 0.0425544 0.742003 22
0 0.501899 0.13792 0.00922222 0.0407075 0.489408 126
