0 0.497789 0.659554 0.0318553 0.0969721 0.872681 4
0 0.115989 0.207158 0.0156712 0.0539167 0.613642 124
0 0.482512 0.174781 0.00998688 0.0500096 0.816685 88
0 0.628541 0.146037 0.0100955 0.0491187 0.767799 3
0 0.416345 0.0625709 0.00857817 0.0418375 0.547351 136
0 0.698953 0.0773567 0.0108265 0.037258 0.54139 132
0 0.619558 0.0612324 0.00933329 0.0379105 0.402642 137
0 0.48666 0.0741279 0.00973495 0.0370168 0.623076 20
0 0.159044 0.121804 0.0133375 0.0555434 0.589206 111
0 0.570245 0.0479926 0.00752544 0.034294 0.410758 126
0 0.558359 0.089284 0.00788161 0.0401425 0.546215 22
0 0.533025 0.062812 0.0103856 0.0467646 0.35082 109
