0 0.287674 0.560103 0.0375758 0.0834388 0.85597 4
0 0.0881831 0.227131 0.0193326 0.056 0.766903 124
0 0.351626 0.236845 0.0172623 0.0532668 0.716733 88
0 0.334731 0.149652 0.0132701 0.0432046 0.728916 162
0 0.52683 0.173624 0.0105332 0.0485331 0.566235 3
0 0.429558 0.0925452 0.00942001 0.03793 0.595596 150
0 0.358775 0.0754322 0.00979986 0.0407761 0.407659 22
0 0.597509 0.182708 0.0126663 0.0466921 0.624631 132
0 0.284081 0.061914 0.00863587 0.0401144 0.523436 109
0 0.38131 0.0827881 0.00909945 0.0408755 0.631098 20
0 0.357975 0.116312 0.0105483 0.0417118 0.476786 137
0 0.58705 0.11012 0.00868994 0.0406355 0.764955 165
0 0.182718 0.0936084 0.0128385 0.0737219 0.304624 156
