0 0.432909 0.708081 0.0276617 0.0988779 0.864228 4
0 0.275242 0.225407 0.0203547 0.0585983 0.796837 38
0 0.363038 0.269069 0.0119888 0.0602403 0.757828 88
0 0.0190178 0.300604 0.0276767 0.0644457 0.834455 93
0 0.486527 0.159834 0.0118435 0.0491355 0.709717 70
0 0.388653 0.119113 0.0124892 0.0410512 0.675639 71
0 0.494502 0.215622 0.011497 0.0570976 0.762177 3
0 0.165058 0.115675 0.0115727 0.0512673 0.267103 64
0 0.543844 0.153508 0.0138897 0.0504557 0.721048 8
0 0.528591 0.117792 0.00919787 0.0500633 0.481228 41
0 0.70527 0.107451 0.00997429 0.0450493 0.736704 22
0 0.245753 0.0858546 0.00938009 0.0340049 0.543966 89
0 0.315808 0.0997222 0.00822426 0.0404617 0.525976 72
0 0.253526 0.162396 0.0140493 0.046344 0.681435 20
0 0.292112 0.0784866 0.0108637 0.0362901 0.438627 56
0 0.52875 0.0771324 0.00717077 0.0334668 0.352627 63
