0 0.437793 0.702806 0.0272979 0.103045 0.855408 4
0 0.0478551 0.271391 0.0207968 0.0600175 0.800427 93
0 0.354742 0.130563 0.0124868 0.0437957 0.75208 20
0 0.531063 0.113842 0.0119757 0.0461457 0.744799 8
0 0.373434 0.0851378 0.0117919 0.0467459 0.523366 56
0 0.439489 0.208358 0.0105681 0.0562304 0.73626 38
0 0.32793 0.0892706 0.00855885 0.041365 0.563619 89
0 0.538196 0.0802074 0.00662473 0.0367898 0.52607 71
0 0.502979 0.0584892 0.0113636 0.0487163 0.425527 109
0 0.530381 0.218725 0.0154852 0.0520937 0.785157 88
0 0.153303 0.127592 0.00848074 0.046387 0.299976 111
0 0.458362 0.0966237 0.00977405 0.0428392 0.560096 22
0 0.431745 0.113453 0.00884323 0.0452641 0.685287 41
0 0.542251 0.187416 0.00903943 0.0521733 0.778772 3
0 0.44207 0.0836647 0.00825148 0.0380466 0.612623 110
