0 0.489459 0.796526 0.0350316 0.108914 0.869442 4
0 0.0613119 0.252812 0.0174079 0.058886 0.792188 93
0 0.618546 0.270246 0.018184 0.0607767 0.780497 38
0 0.317312 0.120477 0.00938339 0.0415327 0.75006 110
0 0.622862 0.175841 0.00923373 0.0328488 0.372944 22
0 0.524671 0.19089 0.0106116 0.0349291 0.539913 41
0 0.483286 0.13284 0.0094046 0.0489212 0.714239 8
0 0.37591 0.227069 0.0132659 0.0591018 0.670727 20
0 0.748111 0.188706 0.0148766 0.0536954 0.70798 71
0 0.432411 0.127514 0.0116088 0.0453751 0.774228 89
0 0.441432 0.262646 0.0197269 0.0730029 0.795271 88
0 0.474326 0.175797 0.0134319 0.0523627 0.691055 75
0 0.156624 0.121936 0.00941634 0.045503 0.545515 64
0 0.452808 0.102358 0.00872354 0.0440229 0.529128 56
0 0.457901 0.0446878 0.00892598 0.0342784 0.539391 102
0 0.70348 0.0994988 0.00869808 0.0456947 0.54565 109
0 0.169455 0.12086 0.0130008 0.0487915 0.418169 115
