0 0.50406 0.753527 0.0320358 0.111709 0.851263 4
0 0.116316 0.205351 0.0145159 0.0522314 0.625942 124
0 0.523497 0.211299 0.0146457 0.0547016 0.754554 88
0 0.72003 0.214 0.01865 0.0556739 0.836449 132
0 0.178215 0.110222 0.0151475 0.0585924 0.45337 111
0 0.510221 0.0610957 0.00839793 0.0431076 0.404391 89
0 0.159247 0.116149 0.0133909 0.0536847 0.638468 127
0 0.520921 0.0550554 0.010735 0.0540765 0.61691 137
0 0.493417 0.0988797 0.00946786 0.0460397 0.739073 136
0 0.478998 0.0964788 0.00935183 0.0383825 0.457058 126
0 0.558555 0.0592611 0.0102329 0.0529086 0.638997 20
0 0.543457 0.050013 0.0122421 0.0663243 0.493037 22
