0 0.163224 0.572233 0.0288654 0.086173 0.871563 4
0 0.0771121 0.234508 0.0184132 0.0577793 0.812805 124
0 0.298027 0.27137 0.0216781 0.0553305 0.809684 88
0 0.30725 0.16559 0.00993347 0.0472856 0.764051 162
0 0.510736 0.194117 0.0111786 0.0537151 0.709241 3
0 0.425478 0.104768 0.0115565 0.0408918 0.334955 150
0 0.631224 0.205076 0.0160616 0.0533338 0.811857 132
0 0.390263 0.0973346 0.00831016 0.0411013 0.534277 20
0 0.579713 0.128599 0.00928567 0.0459637 0.80902 165
0 0.184721 0.0940276 0.0154187 0.0740417 0.390837 156
0 0.505896 0.0462453 0.00811485 0.0363333 0.423553 171
0 0.331154 0.133599 0.00946703 0.0416427 0.654381 137
0 0.502742 0.0958236 0.00850016 0.0397745 0.462023 170
0 0.418801 0.0779868 0.00901092 0.036977 0.376357 168
0 0.360026 0.0718736 0.00850156 0.0316103 0.310728 22
0 0.301686 0.0694441 0.00994126 0.0370208 0.420273 109
