0 0.493363 0.79371 0.0256746 0.106751 0.872565 4
0 0.0900916 0.238956 0.0173493 0.0570927 0.732965 93
0 0.605654 0.28184 0.0150312 0.0607097 0.815235 38
0 0.44372 0.254178 0.0149676 0.0574631 0.571311 3
0 0.436318 0.26665 0.013585 0.0611023 0.583426 88
0 0.145247 0.131784 0.0102233 0.0619169 0.347535 64
0 0.316831 0.119534 0.0112449 0.042854 0.773248 110
0 0.648451 0.163233 0.0112994 0.0501525 0.542905 71
0 0.589754 0.174451 0.0096913 0.0516322 0.685999 22
0 0.420061 0.133159 0.0065753 0.0460301 0.776465 89
0 0.523018 0.181049 0.0101977 0.0453871 0.624492 41
0 0.521796 0.116733 0.0103089 0.0478717 0.619336 56
0 0.667859 0.0967185 0.00895729 0.0460147 0.669623 109
0 0.168315 0.122087 0.0116284 0.0500919 0.251836 115
0 0.496059 0.124759 0.0101772 0.0476092 0.653861 8
0 0.404274 0.226354 0.0132465 0.0563355 0.75062 20
0 0.49866 0.180658 0.0114449 0.0546491 0.405586 75
