0 0.529686 0.656127 0.0238824 0.0982195 0.852742 4
0 0.505947 0.206269 0.0123584 0.0518327 0.815748 88
0 0.107516 0.212229 0.0179993 0.0534272 0.769165 124
0 0.774006 0.131542 0.0117086 0.0513212 0.443073 8
0 0.691605 0.106921 0.00849698 0.0446202 0.749917 3
0 0.45949 0.0856604 0.00748564 0.0396686 0.46171 89
0 0.392805 0.077995 0.00684182 0.038255 0.607224 20
0 0.569568 0.088747 0.00814317 0.0419544 0.67444 22
0 0.412477 0.0743755 0.0100679 0.0397741 0.588097 109
0 0.46829 0.0842332 0.00611982 0.0400384 0.556518 110
0 0.187494 0.0964066 0.0129114 0.0656884 0.311732 127
0 0.176105 0.118453 0.0135705 0.0438845 0.363675 111
0 0.532834 0.0436952 0.00800079 0.0334729 0.380852 102
0 0.590695 0.0981574 0.0106443 0.0433981 0.345745 131
0 0.516719 0.100726 0.0106542 0.0430701 0.560647 126
