0 0.444298 0.696369 0.0277668 0.0988851 0.862213 4
0 0.0797585 0.239289 0.018175 0.058258 0.79402 93
0 0.335047 0.188985 0.0129533 0.050668 0.747403 20
0 0.574135 0.260476 0.0140104 0.0617404 0.775277 38
0 0.494929 0.051208 0.00710665 0.0382912 0.540534 102
0 0.467396 0.111122 0.0100185 0.0473236 0.693804 8
0 0.582819 0.0909817 0.0106382 0.043558 0.592562 109
0 0.16352 0.118038 0.0180433 0.0591027 0.299987 64
0 0.460397 0.165663 0.0110866 0.0500045 0.741723 41
0 0.389253 0.121325 0.00726598 0.0430907 0.66627 89
0 0.515816 0.146401 0.00954536 0.047291 0.61089 75
0 0.445318 0.255869 0.01971 0.0762955 0.791009 3
0 0.484753 0.098572 0.00925337 0.0418935 0.646663 56
0 0.508243 0.139661 0.00911385 0.0464218 0.475977 22
0 0.358653 0.103671 0.00951039 0.0399519 0.693094 110
0 0.604133 0.118167 0.0108321 0.0456207 0.651414 71
