0 0.44332 0.715455 0.024719 0.100773 0.859081 4
0 0.0895743 0.236163 0.0205194 0.0560556 0.754848 93
0 0.354992 0.196372 0.0132366 0.051527 0.69095 20
0 0.576554 0.261718 0.014135 0.0612353 0.80545 38
0 0.494294 0.049899 0.00677102 0.0400024 0.468734 102
0 0.474649 0.173981 0.0105025 0.049821 0.489432 41
0 0.39205 0.123135 0.0100039 0.0383592 0.539852 89
0 0.505951 0.15527 0.00994349 0.0498099 0.750756 75
0 0.444498 0.252936 0.0136994 0.061993 0.753975 3
0 0.61525 0.128042 0.009386 0.0438891 0.581429 71
0 0.493123 0.104861 0.00899642 0.0432211 0.639714 56
0 0.434686 0.265341 0.0123766 0.0602562 0.711301 88
0 0.144777 0.127894 0.0127288 0.0586433 0.472518 64
0 0.342601 0.111218 0.00897112 0.038334 0.586273 110
0 0.160971 0.120419 0.012698 0.0513282 0.370982 111
0 0.527684 0.145887 0.0121852 0.0484123 0.677033 22
0 0.601807 0.0933217 0.0102284 0.044367 0.459323 109
0 0.474905 0.118485 0.0116949 0.0650974 0.311276 8
