0 0.46919 0.778817 0.0286526 0.106541 0.891334 4
0 0.309077 0.296335 0.0135025 0.0635151 0.822914 38
0 0.583378 0.186956 0.0123888 0.0523429 0.778454 8
0 0.723926 0.149629 0.0131707 0.0450693 0.513149 22
0 0.471321 0.360309 0.0152269 0.071169 0.776104 88
0 0.576824 0.291449 0.0145012 0.0679327 0.779463 3
0 0.602704 0.17101 0.01116 0.0517772 0.71636 41
0 0.512656 0.0445944 0.0104095 0.0424534 0.482568 75
0 0.0250477 0.291614 0.0178681 0.0599364 0.798998 93
0 0.45535 0.209772 0.0172345 0.0563472 0.372525 71
0 0.221405 0.181458 0.00932493 0.0530606 0.658909 20
0 0.162218 0.11835 0.0147618 0.0487226 0.450635 64
0 0.60987 0.118454 0.010794 0.0437518 0.590088 63
0 0.497237 0.133129 0.0140205 0.0591379 0.745995 56
0 0.331954 0.136337 0.00868731 0.04142 0.705609 72
0 0.147441 0.122783 0.0132798 0.0593515 0.427939 11
0 0.458237 0.228788 0.0173909 0.0585125 0.303901 70
