0 0.488999 0.516377 0.0208577 0.0849325 0.797711 1
0 0.827007 0.561415 0.0249972 0.0887322 0.832038 2
0 0.526505 0.879522 0.0229587 0.120317 0.761837 4
0 0.76782 0.389219 0.0290307 0.0732159 0.841378 6
0 0.648511 0.377599 0.013365 0.0744656 0.779979 7
0 0.676059 0.221178 0.0130431 0.0584479 0.611877 13
0 0.677593 0.274455 0.0151921 0.0561055 0.438735 10
0 0.558636 0.574869 0.014855 0.0711537 0.661968 11
0 0.552324 0.541347 0.0210951 0.0781989 0.768044 3
0 0.389619 0.24895 0.0102146 0.0568386 0.732459 5
0 0.828735 0.272309 0.0186178 0.0588476 0.811704 8
0 0.154684 0.129345 0.014495 0.0538752 0.636462 23
0 0.938757 0.51242 0.0370534 0.085753 0.302391 12
0 0.948629 0.507105 0.0198065 0.0818407 0.475917 9
0 0.932423 0.514544 0.0253705 0.0804953 0.399629 20
