0 0.47543 0.82915 0.0298414 0.113638 0.858646 4
0 0.29234 0.323306 0.0148361 0.0671213 0.811936 38
0 0.56892 0.185157 0.0136577 0.0558863 0.78263 8
0 0.746603 0.196684 0.0143839 0.0541293 0.730368 22
0 0.522003 0.3517 0.0147798 0.0714162 0.79203 88
0 0.629218 0.12632 0.0100548 0.0467798 0.736179 63
0 0.595239 0.297451 0.0170422 0.0646749 0.816595 3
0 0.674857 0.189143 0.0138387 0.0555599 0.665316 41
0 0.418485 0.241255 0.0177623 0.0590654 0.810691 70
0 0.518324 0.0439892 0.00874106 0.0378084 0.410862 75
0 0.380063 0.129021 0.014723 0.0337853 0.715376 72
0 0.0261215 0.288217 0.0201254 0.063654 0.782997 93
0 0.528969 0.130878 0.0127194 0.0455772 0.50869 56
0 0.519301 0.141703 0.00942777 0.0478258 0.587527 89
0 0.492368 0.206649 0.0191426 0.0483291 0.693076 71
0 0.247055 0.189903 0.0153467 0.0502113 0.810455 20
0 0.161833 0.117874 0.0147166 0.0477213 0.456932 64
