0 0.419689 0.565766 0.0370136 0.0885578 0.870343 4
0 0.0950923 0.214538 0.0164101 0.0531763 0.744458 124
0 0.178393 0.110739 0.0133042 0.0562478 0.281618 127
0 0.568798 0.158438 0.0134721 0.0470782 0.64617 132
0 0.384459 0.0674465 0.00876036 0.0339606 0.544133 20
0 0.391101 0.190284 0.0120248 0.0397965 0.736998 88
0 0.509014 0.0676595 0.00929422 0.0336981 0.617387 170
0 0.438837 0.0782715 0.00970736 0.0386303 0.632129 168
0 0.373174 0.131839 0.0117048 0.0430529 0.752404 162
0 0.291633 0.0439695 0.00888023 0.03748 0.460654 109
0 0.589655 0.0888742 0.00773926 0.0399078 0.558539 165
0 0.35349 0.0609805 0.00833352 0.0360938 0.381442 22
0 0.560816 0.145758 0.0106641 0.0451328 0.375551 3
