0 0.445863 0.695077 0.0311611 0.0982759 0.86099 4
0 0.0538221 0.267928 0.0215046 0.0626395 0.748425 93
0 0.315768 0.147535 0.0123301 0.0439684 0.7369 20
0 0.502317 0.10953 0.00994848 0.0476413 0.579877 8
0 0.465892 0.242033 0.0136389 0.0604247 0.796566 38
0 0.476732 0.107618 0.0100937 0.0414593 0.309573 22
0 0.512198 0.236456 0.0125061 0.0527612 0.596255 88
0 0.574563 0.123659 0.0121547 0.0461976 0.368184 75
0 0.407042 0.134511 0.0100123 0.0450801 0.723629 41
0 0.495638 0.0461718 0.00757395 0.0348121 0.465651 102
0 0.532273 0.0712395 0.00896362 0.0393176 0.547094 109
0 0.507155 0.204156 0.0140833 0.0495472 0.632435 3
0 0.552749 0.0930922 0.0094567 0.0415762 0.589423 71
0 0.404243 0.0885167 0.00827767 0.0365317 0.565457 56
0 0.42316 0.0874329 0.0103192 0.0352753 0.39413 110
