0 0.509306 0.848629 0.029038 0.113695 0.862783 4
0 0.808268 0.160935 0.0134852 0.0373608 0.36534 38
0 0.718437 0.274114 0.0143688 0.0664856 0.777342 88
0 0.159314 0.118803 0.0164942 0.0630623 0.449827 64
0 0.753118 0.247511 0.0147339 0.0593314 0.766884 3
0 0.521489 0.0456561 0.00958516 0.0387084 0.370552 102
0 0.605806 0.186295 0.0154394 0.045061 0.802055 126
0 0.580491 0.198255 0.0147052 0.0544137 0.809365 41
0 0.501472 0.179788 0.0123281 0.0548121 0.695911 8
0 0.73929 0.156655 0.0119677 0.0498898 0.613211 56
0 0.646731 0.13856 0.00897179 0.0503814 0.786271 109
0 0.727544 0.0998138 0.0100005 0.044178 0.415662 22
0 0.489983 0.134276 0.0100908 0.0458942 0.722023 89
0 0.183714 0.094582 0.0145049 0.0742071 0.551728 127
0 0.515799 0.102066 0.00762393 0.0420932 0.471575 110
0 0.812172 0.154207 0.0173315 0.0481141 0.388983 71
