0 0.495806 0.658156 0.0329989 0.0974803 0.867817 4
0 0.116235 0.207638 0.0162694 0.0533178 0.646743 124
0 0.492054 0.195911 0.0119995 0.05419 0.786105 88
0 0.671397 0.154415 0.0106105 0.0478172 0.814482 132
0 0.622295 0.157636 0.0106773 0.0509639 0.743956 3
0 0.477167 0.0759782 0.0112568 0.0463571 0.522434 126
0 0.50613 0.0655102 0.00927207 0.0446878 0.536301 137
0 0.176349 0.116499 0.0144569 0.0492537 0.439975 111
0 0.491862 0.0708002 0.00967255 0.0418489 0.677226 20
0 0.44227 0.0779542 0.00761318 0.0428805 0.61552 136
0 0.534759 0.0487219 0.00846841 0.0410172 0.324302 109
