0 0.529877 0.650458 0.0306644 0.0961654 0.86704 4
0 0.115839 0.20519 0.0152023 0.0520778 0.608306 124
0 0.517173 0.198697 0.0119802 0.0530476 0.743378 88
0 0.1646 0.116672 0.0176462 0.0618399 0.39786 127
0 0.405264 0.0643554 0.0068504 0.0383575 0.695401 136
0 0.392646 0.0896214 0.00865529 0.044988 0.744176 137
0 0.684137 0.0997564 0.00730146 0.045205 0.499176 3
0 0.178024 0.108934 0.0162812 0.056184 0.292348 139
0 0.178311 0.0940807 0.019727 0.0779894 0.377793 111
0 0.512026 0.0698864 0.00956767 0.0342005 0.564124 20
0 0.519089 0.0428563 0.011731 0.0419322 0.262412 22
0 0.00874785 0.295792 0.0174525 0.0586202 0.82737 140
0 0.770445 0.145874 0.00915044 0.0477764 0.700565 132
