0 0.419775 0.638597 0.031303 0.0978546 0.872941 4
0 0.440047 0.199065 0.0111966 0.0526863 0.809718 11
0 0.0767128 0.217763 0.0182928 0.0541733 0.710945 65
0 0.528193 0.0606452 0.0125165 0.0566902 0.706821 56
0 0.162793 0.115172 0.0117645 0.0547694 0.493956 64
0 0.452884 0.0510053 0.0085069 0.0332366 0.521463 20
0 0.494772 0.0731869 0.00919825 0.0429353 0.650172 22
0 0.637127 0.0515356 0.00972691 0.0425003 0.433551 8
0 0.515941 0.189595 0.014339 0.0713515 0.63889 5
0 0.508298 0.0727295 0.0126777 0.0395285 0.562522 63
