0 0.417169 0.542677 0.0236341 0.0871609 0.869124 4
0 0.0971902 0.214419 0.0190392 0.0542527 0.7099 124
0 0.179551 0.113621 0.011447 0.049566 0.386402 127
0 0.170285 0.113988 0.0120274 0.049132 0.296475 111
0 0.422002 0.129278 0.0107536 0.047027 0.738326 162
0 0.479971 0.0735603 0.00940523 0.0385583 0.68001 137
0 0.609422 0.138072 0.0126756 0.0661623 0.743544 132
0 0.494552 0.037119 0.00812159 0.0428228 0.404774 170
0 0.633052 0.0768014 0.00911706 0.0437758 0.561503 165
0 0.329971 0.0504577 0.00904099 0.0328659 0.416069 22
0 0.396856 0.0625395 0.0084918 0.0410135 0.439367 20
0 0.49621 0.0980491 0.0111208 0.0409744 0.692812 150
