0 0.491531 0.793618 0.0265924 0.107789 0.855522 4
0 0.0868257 0.238658 0.0213353 0.0577168 0.796402 93
0 0.607699 0.283925 0.0170504 0.0628312 0.835136 38
0 0.443745 0.252877 0.0147317 0.0558884 0.509573 3
0 0.437053 0.265239 0.0132627 0.0644696 0.614787 88
0 0.145855 0.131662 0.0100362 0.0624344 0.451495 64
0 0.316793 0.1195 0.0113187 0.042928 0.788018 110
0 0.596411 0.174371 0.0127413 0.0496676 0.576199 22
0 0.419918 0.13357 0.00661726 0.0461145 0.778604 89
0 0.523074 0.187615 0.0100077 0.0402356 0.40002 41
0 0.519393 0.114992 0.00944535 0.0461119 0.714088 56
0 0.672133 0.0968888 0.0103264 0.0452772 0.534825 109
0 0.168541 0.121298 0.0117036 0.0519665 0.269763 115
0 0.495327 0.126344 0.0099328 0.0477357 0.712826 8
0 0.407032 0.229735 0.0113401 0.0560542 0.821273 20
0 0.497905 0.182128 0.0104456 0.0517544 0.605447 75
0 0.652962 0.165595 0.013729 0.0507368 0.741716 71
