0 0.499944 0.656703 0.026454 0.0960892 0.839136 4
0 0.126242 0.193081 0.0166378 0.0528005 0.792339 124
0 0.487823 0.189047 0.0104685 0.0523109 0.798686 88
0 0.157873 0.117492 0.0127786 0.0581211 0.64593 111
0 0.604471 0.144412 0.0110912 0.0496486 0.773956 3
0 0.53497 0.0745129 0.00847162 0.0463554 0.411673 126
0 0.518999 0.0824715 0.01156 0.0496224 0.433651 22
0 0.437467 0.0692269 0.0107894 0.0416298 0.602903 136
0 0.177908 0.110575 0.0162208 0.0528386 0.371702 156
0 0.711685 0.102733 0.0114791 0.0439753 0.649283 132
0 0.558178 0.0412473 0.00748768 0.035696 0.398919 153
0 0.496164 0.0613068 0.00722904 0.038269 0.583481 150
0 0.518754 0.0692944 0.0100516 0.0594801 0.330223 109
