0 0.488908 0.515881 0.0209118 0.0849239 0.805765 1
0 0.825235 0.560302 0.0202993 0.09029 0.80651 2
0 0.521862 0.883599 0.0231982 0.112097 0.802814 4
0 0.75781 0.392945 0.0306314 0.0762125 0.804242 6
0 0.648887 0.376085 0.0137154 0.075866 0.758026 7
0 0.678808 0.220644 0.0135974 0.061095 0.676616 13
0 0.67749 0.276548 0.0124036 0.0565326 0.53308 10
0 0.5582 0.57396 0.0137162 0.0731038 0.6886 11
0 0.551328 0.545484 0.0255446 0.070387 0.770913 3
0 0.389959 0.248097 0.0106178 0.0579874 0.702691 5
0 0.815223 0.27085 0.0207588 0.0597035 0.808675 8
0 0.153352 0.128984 0.0153435 0.053073 0.67995 23
0 0.922542 0.507689 0.0257006 0.0894797 0.476349 20
0 0.927682 0.506648 0.0374249 0.0930054 0.340756 12
