0 0.432304 0.71147 0.0268684 0.103691 0.880516 4
0 0.349485 0.194606 0.0142894 0.0538704 0.471338 38
0 0.445475 0.255347 0.0152544 0.0573701 0.781776 88
0 0.040034 0.273193 0.0226162 0.0620493 0.75368 93
0 0.377876 0.117806 0.0103501 0.0432319 0.528165 71
0 0.238157 0.154017 0.0125951 0.0476023 0.730522 20
0 0.697532 0.0850753 0.0129666 0.0393149 0.690485 22
0 0.466179 0.0873118 0.0101761 0.03304 0.391856 63
0 0.61904 0.0756604 0.0158761 0.0429552 0.48771 41
0 0.521367 0.0427485 0.00994813 0.0383203 0.336062 75
0 0.264093 0.0884397 0.0104551 0.0391282 0.570757 89
0 0.504259 0.188869 0.0153345 0.0525745 0.769039 3
0 0.48104 0.0815181 0.00810998 0.0391484 0.487307 72
