0 0.49622 0.792796 0.0281423 0.108819 0.84939 4
0 0.0968134 0.238417 0.0182689 0.0574589 0.764804 93
0 0.604754 0.279911 0.0158857 0.0621736 0.815125 38
0 0.44357 0.255347 0.0148621 0.0589293 0.48244 3
0 0.436169 0.267481 0.0141544 0.060462 0.576567 88
0 0.144708 0.133148 0.0113224 0.0631197 0.548232 64
0 0.316919 0.119869 0.0098719 0.0439651 0.723171 110
0 0.643773 0.158709 0.0128293 0.0474011 0.763677 71
0 0.579723 0.173175 0.00898781 0.051364 0.701686 22
0 0.418959 0.133484 0.00797749 0.0452821 0.80546 89
0 0.523804 0.179391 0.0115263 0.0500743 0.681125 41
0 0.478104 0.0498314 0.0100814 0.0379875 0.404393 102
0 0.177049 0.114568 0.0120796 0.0432564 0.313136 111
0 0.526195 0.117843 0.0125435 0.0483145 0.272407 56
0 0.659486 0.0968216 0.009688 0.0464815 0.503778 109
0 0.167697 0.122719 0.012198 0.049929 0.442647 115
