0 0.487613 0.792702 0.0264604 0.120553 0.865784 4
0 0.0517821 0.263417 0.018769 0.0668176 0.788534 93
0 0.683863 0.253006 0.0153012 0.0591198 0.816692 38
0 0.318561 0.198167 0.0122098 0.0523276 0.779138 20
0 0.809941 0.178036 0.0135213 0.0526137 0.668085 71
0 0.503944 0.272856 0.0161026 0.0606719 0.827784 88
0 0.49802 0.171806 0.011354 0.0522752 0.518216 75
0 0.157314 0.125451 0.0116349 0.051827 0.504955 64
0 0.441056 0.121594 0.00887804 0.0450826 0.657246 89
0 0.523981 0.264586 0.0143395 0.0608659 0.475466 3
0 0.679319 0.0803063 0.00951983 0.0425776 0.645619 109
0 0.494107 0.0613974 0.0126599 0.0365913 0.357576 102
0 0.50837 0.153969 0.0109997 0.053712 0.683509 8
0 0.641542 0.146857 0.0109793 0.0455471 0.795705 22
0 0.493145 0.113125 0.00758174 0.0447991 0.573271 56
0 0.295581 0.118455 0.0101738 0.0398321 0.74259 110
0 0.52434 0.193906 0.0103533 0.0401941 0.289522 41
