0 0.517916 0.482507 0.0170223 0.0792984 0.760179 1
0 0.731198 0.551745 0.0239911 0.0836845 0.824407 2
0 0.560224 0.508403 0.0156259 0.0558615 0.623455 3
0 0.496874 0.883434 0.0332809 0.117643 0.849855 4
0 0.370347 0.221155 0.00991968 0.0482454 0.790713 5
0 0.718363 0.406231 0.0180887 0.0781237 0.733382 6
0 0.604618 0.375541 0.0125283 0.0756355 0.782523 7
0 0.660999 0.256934 0.0146349 0.0597595 0.795952 8
0 0.557996 0.565359 0.0216401 0.0794269 0.75973 11
0 0.796897 0.371811 0.0214277 0.0718631 0.834482 12
0 0.882065 0.261675 0.021139 0.0658721 0.810548 14
0 0.733994 0.377676 0.0198497 0.0736609 0.764963 20
0 0.612908 0.194532 0.0155526 0.0537652 0.701601 13
0 0.490221 0.0512493 0.00956666 0.0411949 0.423971 16
0 0.578802 0.244213 0.0164328 0.0572283 0.767195 10
