0 0.488971 0.556951 0.0208475 0.0891855 0.83005 4
0 0.115698 0.207936 0.0189949 0.0501555 0.658902 124
0 0.501948 0.179155 0.0161208 0.052302 0.806584 88
0 0.183051 0.0917664 0.0147164 0.0752302 0.428225 156
0 0.431193 0.0515068 0.00852086 0.035441 0.604124 20
0 0.706318 0.102236 0.00584157 0.0429848 0.725709 3
0 0.172097 0.113728 0.0176753 0.0518547 0.285022 111
0 0.481272 0.0849022 0.00921567 0.0426611 0.653306 154
0 0.488229 0.0599251 0.0072546 0.0385994 0.577635 109
0 0.554733 0.060439 0.00972722 0.0345181 0.412588 137
0 0.770078 0.0765085 0.00751966 0.0420029 0.649159 132
0 0.49907 0.0919253 0.0127966 0.0410493 0.271663 22
0 0.572599 0.0564521 0.00954444 0.0341979 0.31095 136
