0 0.516192 0.806531 0.0316318 0.107641 0.859324 4
0 0.815812 0.181378 0.0184476 0.0482863 0.801977 38
0 0.83255 0.155934 0.0154486 0.0453441 0.632438 71
0 0.66836 0.284732 0.0219997 0.0588859 0.828014 88
0 0.160854 0.123765 0.0144408 0.0560057 0.571733 64
0 0.720371 0.266546 0.0181256 0.063952 0.807761 3
0 0.520785 0.0460093 0.00972306 0.0387299 0.390324 102
0 0.384678 0.216421 0.0107099 0.0541321 0.771481 20
0 0.546786 0.160349 0.0119786 0.041295 0.628219 126
0 0.528923 0.187283 0.0123571 0.0512515 0.694507 41
0 0.183242 0.0938917 0.0144691 0.0731488 0.364224 127
0 0.487669 0.170426 0.0112866 0.0519502 0.743211 8
0 0.184428 0.107835 0.0108198 0.0504317 0.33682 111
0 0.467181 0.139466 0.00777216 0.0479714 0.705424 89
0 0.680556 0.171685 0.0151588 0.0535815 0.770261 56
0 0.634754 0.155472 0.0104336 0.0526933 0.767762 109
0 0.706185 0.108047 0.0103634 0.0463389 0.705256 22
0 0.505235 0.101042 0.00701545 0.0404999 0.712935 110
0 0.173788 0.121912 0.0146793 0.0490713 0.476304 115
