0 0.499138 0.762402 0.02498 0.114535 0.848201 4
0 0.255759 0.426256 0.0200089 0.0792798 0.819511 38
0 0.244395 0.201194 0.0122413 0.054651 0.767882 20
0 0.434771 0.174119 0.0104568 0.0491381 0.643851 71
0 0.563642 0.196555 0.00957508 0.0559945 0.75353 8
0 0.454166 0.108125 0.0135218 0.0442807 0.539206 56
0 0.805132 0.248879 0.0135685 0.0612511 0.72381 22
0 0.517674 0.376726 0.017647 0.0660518 0.803024 88
0 0.618584 0.118778 0.00932496 0.0471434 0.754085 63
0 0.497319 0.312646 0.0190139 0.0654041 0.761655 3
0 0.161954 0.114027 0.0126632 0.044501 0.258949 64
0 0.670383 0.189565 0.0150318 0.0535071 0.785205 41
0 0.342048 0.130555 0.00883592 0.0396924 0.67983 72
0 0.278428 0.188147 0.0124167 0.0499741 0.749471 70
0 0.427303 0.116687 0.0113866 0.0464997 0.627245 89
