0 0.531232 0.653338 0.0306529 0.0985278 0.869291 4
0 0.11748 0.207242 0.0149274 0.0517648 0.680373 124
0 0.46178 0.0827968 0.0089359 0.0426542 0.645015 89
0 0.415068 0.0734447 0.0077589 0.0340556 0.477597 109
0 0.481598 0.192809 0.0106183 0.052084 0.82809 88
0 0.427262 0.0929236 0.0084534 0.0423128 0.380215 41
0 0.166439 0.12274 0.0146635 0.0542967 0.399311 111
0 0.7975 0.147349 0.0126704 0.0511588 0.725374 132
0 0.529655 0.0407488 0.0088671 0.0339364 0.276308 102
0 0.234736 0.040667 0.00856527 0.0398266 0.299448 135
0 0.488426 0.0749037 0.00920881 0.0436462 0.423832 56
0 0.68721 0.103516 0.0127196 0.0478791 0.744986 3
