0 0.525526 0.765087 0.0298306 0.111082 0.849313 4
0 0.698525 0.240148 0.0145655 0.0582872 0.490203 88
0 0.737396 0.21669 0.0129412 0.0575056 0.739806 3
0 0.65283 0.165875 0.0125446 0.0515198 0.720399 41
0 0.59781 0.0976573 0.0159452 0.0454605 0.412985 109
0 0.426852 0.180729 0.0119661 0.0514719 0.700492 20
0 0.487702 0.122859 0.00991411 0.0457681 0.803653 89
0 0.0380238 0.288654 0.0245453 0.0623564 0.821842 124
0 0.771246 0.131495 0.0123793 0.0474023 0.505234 56
0 0.600835 0.159145 0.0129408 0.0538733 0.461232 8
0 0.171903 0.121076 0.0140177 0.0539632 0.430052 115
0 0.18356 0.0947448 0.0157588 0.0688303 0.416421 127
0 0.689072 0.140097 0.0102645 0.0463817 0.772194 126
0 0.70533 0.1302 0.0115914 0.0227676 0.614012 131
0 0.529405 0.0980313 0.00909096 0.0384861 0.53608 110
0 0.746611 0.113435 0.0109513 0.0452153 0.492642 22
