0 0.403731 0.905292 0.0314023 0.114501 0.844555 4
0 0.0443159 0.597382 0.0258501 0.0862236 0.853692 38
0 0.0738536 0.334289 0.0171924 0.0699476 0.771427 20
0 0.119897 0.204515 0.0167834 0.0573793 0.820461 70
0 0.440188 0.184525 0.0106664 0.0556739 0.730635 73
0 0.276497 0.219458 0.0150142 0.0536933 0.496383 71
0 0.347368 0.398698 0.0199408 0.0772988 0.829701 3
0 0.548851 0.148579 0.0174499 0.0534786 0.730167 63
0 0.439288 0.41467 0.0190476 0.0752966 0.810214 11
0 0.225976 0.184442 0.0150761 0.0480469 0.525166 72
0 0.458252 0.212419 0.0135554 0.0573604 0.769794 41
0 0.560279 0.235302 0.0118448 0.0612163 0.749673 8
0 0.409346 0.153084 0.00984888 0.0516304 0.647888 56
0 0.159853 0.117528 0.0142395 0.048069 0.360035 64
0 0.514915 0.0354682 0.0118889 0.0502712 0.332918 75
0 0.693069 0.220215 0.0142166 0.0578831 0.744713 22
