0 0.470373 0.782397 0.0267137 0.112101 0.869229 4
0 0.103235 0.233208 0.016396 0.0617092 0.796621 93
0 0.390859 0.21016 0.0137882 0.0507782 0.77856 20
0 0.592691 0.27365 0.0131104 0.061657 0.79082 38
0 0.44239 0.255337 0.0153997 0.0576533 0.61574 3
0 0.434889 0.26633 0.0143583 0.0625983 0.658091 88
0 0.142797 0.13264 0.0135259 0.0655879 0.563665 64
0 0.326378 0.119559 0.0105561 0.0455412 0.431816 110
0 0.496717 0.113958 0.0105934 0.0438659 0.647754 8
0 0.505206 0.176217 0.0142454 0.05846 0.61051 75
0 0.508465 0.113756 0.0106834 0.0435715 0.64828 56
0 0.173006 0.117121 0.0148208 0.0560198 0.538447 111
0 0.162931 0.117728 0.0109254 0.0482034 0.355156 115
0 0.62915 0.144044 0.00924899 0.0459744 0.629959 71
0 0.555808 0.15993 0.011064 0.0503536 0.796433 22
0 0.632006 0.0956811 0.00864487 0.0415515 0.507715 109
0 0.402527 0.129177 0.00891482 0.0453739 0.521492 89
