0 0.503511 0.525952 0.0249058 0.080793 0.837803 1
0 0.792663 0.567386 0.026144 0.0867495 0.867208 2
0 0.553347 0.823764 0.0191254 0.0722581 0.750983 4
0 0.815187 0.368927 0.0238689 0.0729147 0.830119 6
0 0.646099 0.379213 0.01316 0.070746 0.796956 7
0 0.642853 0.277837 0.00983543 0.0609014 0.760696 10
0 0.586674 0.574328 0.0205303 0.0833852 0.656208 11
0 0.601749 0.553596 0.0149007 0.0839078 0.724513 3
0 0.389552 0.249419 0.00989669 0.0556249 0.752363 5
0 0.898246 0.279792 0.0210726 0.0592867 0.758494 8
0 0.155161 0.129601 0.0132435 0.0510369 0.565087 23
0 0.954176 0.538372 0.03515 0.0864552 0.86865 20
0 0.669387 0.224509 0.0133049 0.0581404 0.760562 13
0 0.289809 0.0476212 0.00998615 0.0328316 0.428481 22
