0 0.437419 0.7029 0.0268735 0.10258 0.853409 4
0 0.0477048 0.271216 0.0209987 0.0599927 0.800796 93
0 0.356622 0.130229 0.00992009 0.0431646 0.76614 20
0 0.532085 0.113752 0.010586 0.0457938 0.726868 8
0 0.373956 0.0848761 0.0116487 0.0465075 0.464854 56
0 0.439172 0.207658 0.0104486 0.0561132 0.753694 38
0 0.327976 0.0890518 0.00848465 0.0416402 0.605594 89
0 0.537533 0.0777659 0.00617555 0.0315987 0.584429 71
0 0.503199 0.0591543 0.0121471 0.0500643 0.453176 109
0 0.531598 0.218413 0.0142124 0.0525105 0.785774 88
0 0.601952 0.112093 0.0101198 0.0469687 0.527692 75
0 0.153075 0.127593 0.00850108 0.0456645 0.284702 111
0 0.457111 0.0973542 0.00990353 0.0430886 0.695755 22
0 0.433344 0.112954 0.00900488 0.0439261 0.64232 41
0 0.543274 0.187159 0.00800896 0.0520957 0.789792 3
0 0.441427 0.0827967 0.00847413 0.0378496 0.570613 110
