0 0.452861 0.714246 0.0242824 0.103644 0.830947 4
0 0.742173 0.208824 0.0140985 0.0601026 0.798779 38
0 0.426499 0.243411 0.0190814 0.0617184 0.78207 3
0 0.346883 0.375519 0.0160554 0.0737647 0.7859 11
0 0.464793 0.172148 0.0156743 0.0561097 0.773193 8
0 0.143321 0.165866 0.0176722 0.0562502 0.744459 1
0 0.315289 0.172882 0.0158136 0.0549436 0.783391 20
0 0.473049 0.12103 0.010107 0.0483795 0.365786 56
0 0.290588 0.183173 0.0128123 0.0547111 0.749658 13
0 0.492143 0.12424 0.0123625 0.0475766 0.707061 7
0 0.58641 0.105536 0.0163546 0.0472681 0.74582 41
0 0.435897 0.0904128 0.015249 0.0480738 0.631878 6
0 0.320614 0.104137 0.00907513 0.042713 0.668755 5
0 0.336888 0.108306 0.0137372 0.048652 0.713958 55
