0 0.409754 0.769569 0.0332081 0.10539 0.857426 4
0 0.706852 0.268961 0.0162354 0.0609384 0.797573 38
0 0.384767 0.283947 0.0125628 0.0647192 0.726023 3
0 0.28842 0.425685 0.0145477 0.0744392 0.734188 11
0 0.439628 0.215007 0.014153 0.0585668 0.600128 8
0 0.113937 0.221217 0.0133339 0.0531225 0.680387 1
0 0.493214 0.0582416 0.00971107 0.0379737 0.328706 22
0 0.250121 0.240805 0.0163319 0.0561946 0.809087 20
0 0.40464 0.177698 0.0149108 0.0461933 0.697345 56
0 0.231987 0.240151 0.0131503 0.060277 0.723806 13
0 0.439176 0.173134 0.0106306 0.036662 0.337787 7
0 0.121941 0.165774 0.0162351 0.051899 0.534338 39
0 0.543586 0.149993 0.011383 0.0429842 0.690726 41
0 0.284845 0.164464 0.00978009 0.0481594 0.636931 55
0 0.381716 0.143146 0.0129482 0.0453739 0.568 6
0 0.141902 0.136672 0.0103513 0.0507455 0.567239 31
0 0.27681 0.159321 0.0101463 0.0416824 0.347327 5
