0 0.527403 0.493605 0.019633 0.0802052 0.806479 1
0 0.799456 0.522431 0.0243229 0.0899456 0.847886 2
0 0.529456 0.892786 0.0238571 0.120539 0.820387 4
0 0.876016 0.338787 0.019908 0.0736851 0.772492 6
0 0.639306 0.365488 0.0122585 0.0725548 0.800837 7
0 0.58193 0.307141 0.0143061 0.0638023 0.794328 10
0 0.593418 0.551057 0.0299275 0.0834222 0.845307 11
0 0.38935 0.249076 0.010001 0.0545069 0.731869 5
0 0.964341 0.306272 0.0292999 0.0636502 0.653345 8
0 0.14579 0.132511 0.0135035 0.045398 0.534525 23
0 0.710682 0.224359 0.0186762 0.0531956 0.718903 13
0 0.154928 0.123136 0.0131029 0.0475666 0.408803 31
0 0.573331 0.528917 0.0203845 0.0835007 0.781689 3
0 0.943246 0.463961 0.0295729 0.0800841 0.792801 20
0 0.993761 0.424058 0.0116431 0.0521305 0.621761 34
