0 0.475843 0.829098 0.0327955 0.108451 0.86855 4
0 0.284757 0.351979 0.0170154 0.0716882 0.823885 38
0 0.260512 0.193738 0.0163269 0.0540071 0.75023 20
0 0.555338 0.186393 0.00935218 0.0559538 0.779195 8
0 0.746315 0.221178 0.0228512 0.0532894 0.768341 22
0 0.548321 0.35462 0.0164549 0.0690011 0.803984 88
0 0.618166 0.119701 0.00992832 0.0444621 0.776906 63
0 0.575085 0.305338 0.0177162 0.065304 0.787655 3
0 0.715459 0.206545 0.0147373 0.0485312 0.759838 41
0 0.413073 0.227052 0.0127828 0.0603046 0.7195 70
0 0.161795 0.115829 0.0136264 0.0479286 0.497814 64
0 0.519186 0.045775 0.00895945 0.0358274 0.500011 75
0 0.392064 0.124497 0.00947367 0.0430014 0.691113 72
0 0.0185468 0.293814 0.0233051 0.063813 0.817988 93
0 0.533249 0.116602 0.00887168 0.0416621 0.747435 56
0 0.513725 0.129696 0.00832364 0.0413331 0.748362 89
0 0.503372 0.184443 0.00912081 0.049393 0.535837 71
