0 0.529464 0.656215 0.0240771 0.0971602 0.846144 4
0 0.510798 0.206588 0.0132393 0.0535695 0.768544 88
0 0.105908 0.212995 0.0180749 0.052285 0.754095 124
0 0.772037 0.132823 0.0117484 0.0521366 0.698366 8
0 0.785985 0.143104 0.0137634 0.0299265 0.409037 132
0 0.692525 0.107304 0.0086359 0.0449463 0.745254 3
0 0.460335 0.0853823 0.0070989 0.0404423 0.561835 89
0 0.391272 0.0786045 0.0067893 0.0390566 0.559032 20
0 0.477443 0.127886 0.0105271 0.0458843 0.783578 41
0 0.573284 0.0889527 0.0105104 0.0443156 0.455822 22
0 0.41391 0.0743953 0.00949058 0.040008 0.516906 109
0 0.469399 0.0841456 0.00609639 0.0384916 0.680021 110
0 0.187416 0.10311 0.0117345 0.0535982 0.267002 127
0 0.176232 0.117632 0.0130547 0.0456619 0.25324 111
0 0.522076 0.103168 0.0131336 0.0394059 0.403692 126
0 0.533339 0.0428943 0.00876611 0.0329445 0.341384 102
