0 0.495791 0.857712 0.0313629 0.105269 0.851767 4
0 0.00733252 0.312059 0.014665 0.0672641 0.825955 93
0 0.734195 0.214334 0.0141693 0.0569039 0.783853 38
0 0.805371 0.149536 0.0127356 0.0487579 0.441966 71
0 0.570661 0.282948 0.021136 0.0579915 0.818151 88
0 0.161208 0.123984 0.0139027 0.0590233 0.550967 64
0 0.632239 0.263244 0.0168205 0.0598785 0.766051 3
0 0.521411 0.0476435 0.00941985 0.0386089 0.361885 102
0 0.18458 0.109248 0.0108704 0.0503581 0.426399 111
0 0.440777 0.134486 0.00939957 0.0454025 0.694736 89
0 0.370881 0.189517 0.0102471 0.0525431 0.81327 20
0 0.462566 0.158691 0.0128116 0.0504645 0.746375 8
0 0.509986 0.145628 0.0106368 0.0427471 0.542578 126
0 0.490052 0.0942223 0.00900577 0.038792 0.362065 110
0 0.571167 0.159427 0.015007 0.0453405 0.47673 109
0 0.671748 0.109984 0.0127502 0.044504 0.571868 22
0 0.485116 0.166732 0.0118283 0.0516282 0.686957 41
0 0.544212 0.176524 0.0161022 0.0445541 0.495135 56
0 0.184017 0.103506 0.0127915 0.0563094 0.334855 127
