0 0.530704 0.652251 0.0304884 0.0980683 0.86843 4
0 0.115978 0.20531 0.0151489 0.0525778 0.598045 124
0 0.513306 0.19902 0.0104409 0.0545666 0.781466 88
0 0.786734 0.141629 0.0129514 0.0497746 0.775971 132
0 0.4118 0.0972486 0.0124809 0.0427777 0.433277 136
0 0.519049 0.0788303 0.0109676 0.0511677 0.548112 22
0 0.469273 0.0693333 0.00973549 0.0335333 0.395902 89
0 0.458073 0.0866869 0.0141601 0.0378439 0.364935 20
0 0.495263 0.0722178 0.00818421 0.0367734 0.633043 56
0 0.165014 0.118886 0.0161188 0.0571716 0.366348 127
0 0.182063 0.110235 0.0116702 0.0471668 0.258676 111
0 0.417632 0.070116 0.0114064 0.0336681 0.379922 109
