0 0.433041 0.708842 0.026999 0.104764 0.872005 4
0 0.307602 0.202057 0.0129752 0.0552832 0.752219 38
0 0.369692 0.250769 0.0122048 0.0582271 0.771588 88
0 0.0285035 0.281489 0.0242568 0.0594032 0.807032 93
0 0.312993 0.122533 0.0119446 0.0441639 0.588078 71
0 0.470089 0.195967 0.0138596 0.0553122 0.765528 3
0 0.209846 0.143334 0.0126893 0.0485204 0.509993 20
0 0.415322 0.102475 0.010802 0.0453323 0.733104 70
0 0.27148 0.100824 0.0104469 0.0445485 0.410571 56
0 0.679421 0.0921566 0.00676263 0.0418329 0.690534 22
0 0.462278 0.0974556 0.00961898 0.043878 0.543467 63
0 0.164693 0.118005 0.0124479 0.0490814 0.3268 64
0 0.457787 0.145921 0.0101596 0.0490515 0.686612 8
0 0.496043 0.0381064 0.00985292 0.0399267 0.360084 75
0 0.238918 0.112095 0.0104789 0.0456574 0.523042 89
0 0.387635 0.0824925 0.00955458 0.0349519 0.514891 72
0 0.526506 0.0765365 0.0139328 0.0392047 0.493308 41
