0 0.519209 0.492418 0.0184228 0.0820333 0.792885 1
0 0.798311 0.503349 0.0184198 0.0893683 0.814729 2
0 0.534586 0.881191 0.0264408 0.118232 0.664952 4
0 0.873065 0.325775 0.0204089 0.0701483 0.659999 6
0 0.633585 0.358681 0.0145579 0.0722244 0.788007 7
0 0.586794 0.298858 0.0166353 0.063515 0.810085 10
0 0.575294 0.545419 0.027106 0.0827063 0.756569 11
0 0.386231 0.248285 0.0159315 0.0528891 0.749351 5
0 0.952576 0.302808 0.0228119 0.061376 0.706059 8
0 0.14854 0.131863 0.0139843 0.0459035 0.321128 23
0 0.153471 0.12656 0.0155574 0.0504023 0.420406 31
0 0.549768 0.533591 0.0189198 0.079583 0.722798 3
0 0.89136 0.443172 0.0284571 0.0803979 0.816551 20
0 0.978332 0.396266 0.0178942 0.0729416 0.709394 34
0 0.733743 0.223653 0.0154348 0.054786 0.689607 13
