0 0.393436 0.753823 0.0284366 0.106248 0.86403 4
0 0.674882 0.268304 0.0194426 0.0585442 0.830399 38
0 0.36329 0.277758 0.0121821 0.0609821 0.758431 3
0 0.288001 0.394507 0.0172104 0.0742348 0.753548 11
0 0.427566 0.211037 0.0118635 0.0551988 0.669829 8
0 0.0919224 0.230568 0.0239001 0.054345 0.689054 1
0 0.490875 0.0539451 0.00900672 0.0368524 0.3358 22
0 0.218476 0.229831 0.0153908 0.0538667 0.748401 20
0 0.372475 0.171241 0.0131596 0.038391 0.529989 56
0 0.199181 0.243051 0.0206391 0.0598197 0.740467 13
0 0.410382 0.17433 0.0126758 0.0481662 0.738066 7
0 0.121029 0.162596 0.0144297 0.0523237 0.552528 39
0 0.523008 0.142465 0.0110146 0.0460703 0.414079 41
0 0.242852 0.161596 0.0139066 0.0536702 0.563015 55
0 0.353591 0.139647 0.0140267 0.0459984 0.593597 6
