0 0.445615 0.737422 0.0270597 0.109776 0.863867 4
0 0.275892 0.237503 0.0128553 0.0544461 0.44653 38
0 0.372277 0.286254 0.01336 0.0642181 0.750155 88
0 0.00996923 0.308995 0.0199385 0.0613197 0.840902 93
0 0.265352 0.184434 0.0122603 0.0524534 0.669329 20
0 0.513797 0.176836 0.0115462 0.0539024 0.658096 70
0 0.342975 0.0891753 0.0125307 0.0410338 0.576593 56
0 0.296838 0.12342 0.0103246 0.0451307 0.343517 72
0 0.418798 0.139472 0.00912793 0.0458734 0.762682 71
0 0.508008 0.226721 0.0126644 0.0563282 0.734289 3
0 0.163183 0.118148 0.013196 0.0545222 0.371378 64
0 0.553127 0.0946786 0.00838292 0.0440884 0.471431 63
0 0.582025 0.176861 0.0121854 0.0535075 0.750337 8
0 0.542351 0.126824 0.00779012 0.0454161 0.69903 41
0 0.496003 0.0435442 0.00718149 0.0340109 0.394285 75
0 0.743609 0.120319 0.00789083 0.0429413 0.472256 22
