0 0.432889 0.710159 0.0266922 0.102583 0.867908 4
0 0.335088 0.194815 0.0149938 0.0534438 0.796369 38
0 0.416159 0.258036 0.0149046 0.0552102 0.687314 88
0 0.0372598 0.273946 0.0218247 0.0598379 0.772911 93
0 0.347364 0.122221 0.0148735 0.0453216 0.451975 71
0 0.49008 0.191807 0.0131695 0.0534064 0.749643 3
0 0.225635 0.150704 0.0139424 0.0478773 0.615247 20
0 0.698508 0.0866011 0.0122796 0.040298 0.499572 22
0 0.464968 0.0842666 0.00921113 0.0417577 0.453441 63
0 0.164502 0.115385 0.0130976 0.0539259 0.25311 64
0 0.464781 0.139691 0.0101679 0.050947 0.68723 8
0 0.24374 0.0997818 0.00980794 0.0409428 0.553206 89
0 0.581809 0.0772191 0.015395 0.0402731 0.399654 41
0 0.432926 0.0841564 0.0120698 0.044239 0.305213 72
0 0.320366 0.101254 0.0127006 0.0454278 0.534661 56
