0 0.49165 0.793544 0.0265142 0.108262 0.852033 4
0 0.0827363 0.239766 0.0179561 0.0596243 0.790882 93
0 0.608655 0.284687 0.0168198 0.0619318 0.813144 38
0 0.444091 0.253211 0.0143209 0.0564287 0.568217 3
0 0.436806 0.265564 0.0135789 0.0631706 0.632717 88
0 0.145936 0.131985 0.0139047 0.0619515 0.514954 64
0 0.316919 0.119355 0.0113151 0.0433096 0.783782 110
0 0.60117 0.173436 0.0104445 0.0510682 0.457106 22
0 0.420089 0.133435 0.00684141 0.0463117 0.765951 89
0 0.524105 0.188506 0.00962626 0.039187 0.33661 41
0 0.518054 0.112986 0.00883843 0.0449579 0.733869 56
0 0.675558 0.0948447 0.0100143 0.0466875 0.538582 109
0 0.169045 0.120899 0.0114643 0.0506943 0.275137 115
0 0.494519 0.127355 0.0101051 0.0499258 0.715086 8
0 0.407834 0.232897 0.0104882 0.0565235 0.820945 20
0 0.497994 0.181635 0.0109373 0.0517308 0.648732 75
0 0.653776 0.166541 0.0137779 0.0496716 0.730321 71
