0 0.471731 0.705003 0.0221917 0.105575 0.842971 4
0 0.756256 0.214773 0.0163962 0.0552816 0.773571 38
0 0.444561 0.245794 0.0198573 0.0593681 0.821974 3
0 0.373517 0.353878 0.0173642 0.0745133 0.817084 11
0 0.478516 0.168743 0.0127915 0.0567068 0.760556 8
0 0.159346 0.164393 0.0163894 0.0550912 0.787647 1
0 0.344589 0.15898 0.0143073 0.0512377 0.767955 20
0 0.502607 0.108962 0.00985425 0.0460307 0.57908 56
0 0.32311 0.180569 0.0169825 0.057646 0.769942 13
0 0.523139 0.116912 0.0161824 0.0457365 0.320332 7
0 0.612527 0.110095 0.0131411 0.0457795 0.765229 41
0 0.465036 0.086784 0.0128531 0.0450002 0.465435 6
0 0.341679 0.0995378 0.00951894 0.0436766 0.652351 5
0 0.360683 0.10286 0.00903377 0.0475418 0.666742 55
