0 0.426028 0.6579 0.0332607 0.102566 0.861804 4
0 0.427937 0.22108 0.0118283 0.0575442 0.708178 11
0 0.630588 0.177565 0.0113416 0.0515289 0.765395 38
0 0.518413 0.105873 0.0094971 0.0465314 0.717837 8
0 0.0240275 0.277082 0.0210544 0.0626143 0.827169 65
0 0.510974 0.202669 0.0114476 0.0573598 0.765928 3
0 0.604552 0.0848857 0.00901597 0.0417748 0.653588 63
0 0.467121 0.0835616 0.00997105 0.0421009 0.465236 5
0 0.430598 0.110543 0.00865183 0.0448415 0.653878 1
0 0.364787 0.0777514 0.0103922 0.0400045 0.705925 13
0 0.50735 0.0680875 0.00855964 0.0405054 0.584087 56
0 0.464228 0.0707112 0.0116862 0.0507916 0.425897 22
0 0.164677 0.100685 0.0155229 0.0607549 0.432106 64
0 0.594297 0.0637345 0.0102168 0.0402721 0.54599 41
