0 0.492199 0.877456 0.0336615 0.123505 0.849196 4
0 0.0214271 0.298907 0.0191705 0.063901 0.844107 93
0 0.712217 0.20329 0.0101613 0.0574456 0.775375 38
0 0.808934 0.141034 0.0129985 0.0491937 0.626998 71
0 0.539323 0.282538 0.0159748 0.0608708 0.799817 88
0 0.160803 0.126187 0.0142067 0.0572709 0.586011 64
0 0.631417 0.262949 0.0110413 0.0610406 0.764326 3
0 0.174179 0.121137 0.013966 0.0529169 0.28549 115
0 0.52146 0.0477108 0.00929715 0.0402157 0.456641 102
0 0.534992 0.154521 0.0176114 0.0502711 0.493991 56
0 0.184106 0.110415 0.0115301 0.0512235 0.417899 111
0 0.431066 0.130588 0.00902109 0.0455382 0.718652 89
0 0.359347 0.173777 0.0091966 0.0475445 0.788425 20
0 0.467709 0.156222 0.00939188 0.0496302 0.725062 8
0 0.647535 0.104369 0.00977866 0.0475702 0.483379 22
0 0.505067 0.144479 0.0117933 0.0398382 0.725608 126
0 0.183254 0.102816 0.0136722 0.0600108 0.320746 127
0 0.520906 0.133416 0.00966514 0.0402898 0.661661 41
