0 0.43334 0.710791 0.0270986 0.103693 0.875166 4
0 0.378894 0.197177 0.0124055 0.0530792 0.755699 38
0 0.488772 0.242027 0.0109647 0.056227 0.72937 88
0 0.0416139 0.27401 0.0201268 0.0615904 0.779387 93
0 0.529761 0.184756 0.0126538 0.0518409 0.748848 3
0 0.544446 0.0914227 0.0151656 0.0427971 0.703269 72
0 0.496149 0.124 0.0105453 0.0491161 0.778478 8
0 0.399386 0.0858084 0.0117362 0.0423966 0.331459 56
0 0.313974 0.0759984 0.0105742 0.0409305 0.638479 89
0 0.16522 0.119731 0.013246 0.0544982 0.52483 64
0 0.431926 0.111132 0.0128314 0.0435281 0.725345 71
0 0.262487 0.158003 0.0105884 0.0497816 0.799015 20
0 0.518482 0.0777427 0.0121808 0.0368625 0.549578 75
0 0.657217 0.0766098 0.00799618 0.0359051 0.541944 41
0 0.697907 0.0810551 0.0111412 0.0404222 0.353576 22
