0 0.418048 0.652411 0.0299555 0.098396 0.858738 4
0 0.453627 0.206859 0.0162353 0.0543837 0.795752 11
0 0.0756838 0.218426 0.0157591 0.0532898 0.696919 65
0 0.617985 0.130078 0.0124101 0.0466912 0.73518 3
0 0.162973 0.114427 0.0117503 0.0530942 0.599362 64
0 0.443001 0.0798506 0.0138849 0.0405417 0.38988 41
0 0.674817 0.118199 0.0167883 0.0399361 0.669586 38
0 0.244483 0.12711 0.011057 0.0460847 0.757156 20
0 0.586667 0.0913352 0.0129093 0.0500418 0.64714 22
0 0.687564 0.0677808 0.0112912 0.0408291 0.667289 8
0 0.311482 0.0829637 0.00899506 0.0397238 0.746174 71
0 0.514373 0.0797348 0.0100709 0.0361395 0.546431 56
0 0.528507 0.0724128 0.00948149 0.0399252 0.578978 73
0 0.281306 0.056837 0.00924864 0.0360734 0.538042 70
0 0.452204 0.0774782 0.00977716 0.0447297 0.352039 72
