0 0.509621 0.475417 0.0182269 0.079724 0.809579 1
0 0.738756 0.528834 0.0195943 0.090452 0.807319 2
0 0.627767 0.497262 0.0184592 0.0757605 0.80689 3
0 0.49804 0.88274 0.0289881 0.117301 0.833737 4
0 0.363858 0.20118 0.00943251 0.0455878 0.732002 5
0 0.6697 0.381443 0.0194981 0.0731191 0.786381 6
0 0.598074 0.355744 0.0164331 0.0703115 0.772937 7
0 0.621077 0.272674 0.011684 0.0595034 0.759693 8
0 0.663215 0.323213 0.0158269 0.0542372 0.477507 9
0 0.522586 0.227627 0.0139877 0.0548499 0.74519 10
0 0.608779 0.536833 0.0188137 0.0838054 0.808318 11
0 0.780053 0.330826 0.022352 0.0666 0.800753 12
0 0.569034 0.184046 0.0145014 0.0532774 0.734938 13
0 0.792155 0.225931 0.0208853 0.0598714 0.760147 14
0 0.331003 0.0402702 0.00907358 0.0384 0.327033 18
