0 0.479652 0.778432 0.0267028 0.106001 0.85437 4
0 0.0394319 0.275455 0.0170656 0.0609208 0.778137 93
0 0.727948 0.22797 0.0103665 0.0579093 0.719768 38
0 0.325441 0.179683 0.0125316 0.0533301 0.525014 20
0 0.826635 0.156338 0.0138294 0.0515984 0.683394 71
0 0.543562 0.267656 0.0155134 0.0612546 0.791728 88
0 0.160292 0.123451 0.0139661 0.0619072 0.60279 64
0 0.491776 0.120121 0.00844491 0.0468513 0.70149 89
0 0.575101 0.262476 0.0154501 0.062379 0.655461 3
0 0.184738 0.112671 0.0105028 0.0484324 0.362443 111
0 0.174641 0.118974 0.014187 0.0582507 0.417871 115
0 0.507446 0.158457 0.011203 0.0541771 0.744165 8
0 0.542457 0.114068 0.0142056 0.0439714 0.748004 56
0 0.312161 0.121917 0.00779988 0.0418717 0.751532 110
0 0.550883 0.172528 0.0115863 0.0528556 0.38634 41
0 0.00934471 0.283363 0.018633 0.0591375 0.813503 124
0 0.638034 0.0817277 0.00869312 0.0358743 0.518883 109
0 0.523586 0.180335 0.0103315 0.048856 0.32357 126
0 0.180893 0.112604 0.0119417 0.0505487 0.329007 123
0 0.662255 0.100259 0.0125247 0.035959 0.360595 22
