0 0.510492 0.490596 0.0160086 0.0744658 0.774931 1
0 0.744099 0.54914 0.0243505 0.0888483 0.855091 2
0 0.497567 0.884157 0.0318999 0.116137 0.850617 4
0 0.732514 0.432016 0.0216879 0.0859333 0.832988 6
0 0.604587 0.375061 0.0127041 0.075217 0.776676 7
0 0.687435 0.25241 0.0164781 0.0570111 0.708707 8
0 0.822223 0.393419 0.0217364 0.0745369 0.844958 12
0 0.927495 0.283238 0.0199063 0.0659494 0.751479 14
0 0.771111 0.405699 0.0201351 0.0729277 0.849274 20
0 0.628039 0.205106 0.0162432 0.0555013 0.785266 13
0 0.493733 0.0518992 0.0084328 0.0418092 0.447418 16
0 0.607439 0.25345 0.0123851 0.0607277 0.802778 10
0 0.551061 0.555638 0.0309804 0.104628 0.767167 21
