0 0.496368 0.65922 0.0306903 0.0975994 0.875778 4
0 0.115052 0.206866 0.015474 0.0534949 0.681247 124
0 0.48141 0.174862 0.0112825 0.050358 0.8066 88
0 0.628347 0.149218 0.0105204 0.0495758 0.748117 3
0 0.416085 0.0613552 0.00980752 0.0434004 0.52875 136
0 0.162815 0.123947 0.0138481 0.0544936 0.453248 111
0 0.581195 0.0737711 0.00827357 0.0426671 0.57479 22
0 0.491858 0.049063 0.00739215 0.0271429 0.498325 109
0 0.540663 0.070074 0.00871677 0.040344 0.484642 150
0 0.179571 0.112472 0.016526 0.0528352 0.318958 127
0 0.642629 0.0617712 0.0111069 0.040663 0.508669 137
