0 0.423794 0.544815 0.0203161 0.0862724 0.832101 4
0 0.0975074 0.215206 0.0141956 0.0533958 0.734679 124
0 0.36971 0.20309 0.0143546 0.0509848 0.741599 88
0 0.342293 0.0679601 0.00963716 0.0350251 0.751958 22
0 0.178792 0.112839 0.0130418 0.0506522 0.394278 127
0 0.168653 0.113607 0.0142612 0.0481539 0.386003 111
0 0.444471 0.130468 0.0119414 0.0467577 0.667765 162
0 0.630943 0.122613 0.00777028 0.0444365 0.630627 3
0 0.533314 0.0876466 0.00992549 0.0386537 0.614207 150
0 0.406245 0.058868 0.00814203 0.0375237 0.530368 20
0 0.48868 0.0691748 0.00929864 0.0365936 0.588551 137
0 0.429216 0.051712 0.00752331 0.0377076 0.430561 168
0 0.663926 0.070976 0.00819944 0.0363569 0.754519 165
0 0.640044 0.13445 0.00884705 0.0434155 0.394569 132
0 0.262592 0.0488895 0.0106177 0.0333805 0.435133 109
