0 0.488479 0.557066 0.020806 0.0882233 0.834225 4
0 0.11558 0.208231 0.0187622 0.0499096 0.686785 124
0 0.509019 0.178038 0.0104539 0.0496266 0.710068 88
0 0.183073 0.0949237 0.014082 0.0695077 0.365254 156
0 0.431197 0.0536487 0.00863946 0.0354731 0.622627 20
0 0.70349 0.103856 0.0101578 0.0430895 0.692364 3
0 0.171581 0.112917 0.0170752 0.0528104 0.335296 111
0 0.467676 0.0775825 0.00783269 0.0394898 0.670169 154
0 0.482497 0.0640377 0.00908492 0.037329 0.555767 109
0 0.559879 0.0588757 0.00807533 0.0390101 0.348666 137
0 0.763849 0.0766447 0.00666714 0.0400066 0.63209 132
0 0.50557 0.092094 0.00984589 0.0429434 0.477583 22
0 0.570555 0.0577663 0.00815678 0.0358075 0.540937 150
0 0.582644 0.0543436 0.00785319 0.0314877 0.376874 136
