0 0.521133 0.483588 0.0169418 0.077076 0.802186 1
0 0.730748 0.538824 0.0177441 0.0827968 0.779575 2
0 0.594451 0.516748 0.0161467 0.0817576 0.7403 3
0 0.49701 0.882365 0.0337598 0.11808 0.859483 4
0 0.36553 0.211495 0.00968281 0.0478663 0.775815 5
0 0.695246 0.386852 0.0171525 0.0784244 0.732676 6
0 0.597178 0.365495 0.0134933 0.0725069 0.815905 7
0 0.640395 0.262537 0.0113298 0.0578865 0.729634 8
0 0.55725 0.235822 0.0156384 0.0563801 0.819067 10
0 0.582123 0.552139 0.022409 0.0823629 0.76449 11
0 0.78534 0.35164 0.0199821 0.0712059 0.831054 12
0 0.591681 0.189411 0.0161184 0.0530162 0.815932 13
0 0.839817 0.245845 0.0207624 0.0623111 0.702639 14
0 0.487574 0.0514369 0.010198 0.0430332 0.256125 16
0 0.697726 0.342136 0.0152686 0.0530661 0.667631 9
