0 0.424801 0.647081 0.0318095 0.103288 0.853284 4
0 0.429628 0.216963 0.0135798 0.0576518 0.737857 11
0 0.620432 0.174987 0.0134323 0.0512786 0.823825 38
0 0.528895 0.101116 0.00970456 0.0466028 0.735516 8
0 0.0272268 0.272636 0.0262253 0.0603586 0.81182 65
0 0.507726 0.198578 0.0106819 0.0563963 0.757648 3
0 0.44149 0.110545 0.00816813 0.0437272 0.70536 1
0 0.348162 0.0718221 0.00989958 0.0397028 0.447304 13
0 0.497312 0.0636373 0.0132802 0.0438975 0.651553 56
0 0.163335 0.0960983 0.0182631 0.0698415 0.479834 64
0 0.585505 0.0613624 0.00950438 0.0395932 0.450909 41
0 0.47257 0.072598 0.0114771 0.0616599 0.534747 22
0 0.596241 0.0821783 0.00981172 0.0423152 0.654761 63
