0 0.445489 0.69417 0.0318212 0.100224 0.874905 4
0 0.049709 0.271864 0.0181448 0.0610715 0.783202 93
0 0.328771 0.139506 0.00936295 0.0453078 0.77891 20
0 0.515689 0.111929 0.0119749 0.0442594 0.683877 8
0 0.389551 0.0889797 0.0103206 0.0422387 0.597636 56
0 0.443658 0.227136 0.0135347 0.0546047 0.808806 38
0 0.547556 0.087727 0.00923233 0.0397596 0.357867 71
0 0.521117 0.067009 0.00969235 0.037432 0.401985 109
0 0.477601 0.101923 0.00917934 0.0435596 0.468699 22
0 0.519863 0.211079 0.0130308 0.0743837 0.359047 3
0 0.433776 0.0841989 0.00750093 0.0382142 0.573832 110
0 0.518382 0.228282 0.0114616 0.0488598 0.66341 88
0 0.586287 0.118822 0.00775776 0.0435933 0.755509 75
0 0.409201 0.126731 0.00916964 0.044025 0.640543 41
0 0.496151 0.0455395 0.00714378 0.0339458 0.464538 102
0 0.340679 0.0989105 0.00880178 0.0431829 0.592956 89
