0 0.420204 0.638026 0.0312645 0.0971863 0.869766 4
0 0.43215 0.203797 0.0135318 0.0539042 0.80814 11
0 0.0764602 0.218541 0.0175839 0.0520973 0.723265 65
0 0.542977 0.0452769 0.00984681 0.0393202 0.602973 56
0 0.462982 0.0633429 0.00866617 0.0338179 0.528838 22
0 0.647176 0.04923 0.00873 0.0358853 0.61112 8
0 0.489923 0.0573102 0.0123164 0.0451214 0.534339 41
0 0.516789 0.18314 0.0154963 0.0655993 0.819574 3
0 0.44201 0.0474882 0.00908321 0.0395849 0.648181 20
0 0.163872 0.120608 0.0137766 0.051926 0.46774 64
0 0.557783 0.0658422 0.010191 0.0378323 0.764122 63
