0 0.201332 0.566997 0.0327705 0.0854558 0.853413 4
0 0.0809856 0.233365 0.0199651 0.0576136 0.793401 124
0 0.317465 0.258778 0.0176018 0.0557937 0.659384 88
0 0.316292 0.16052 0.0123301 0.0470743 0.724324 162
0 0.515565 0.18821 0.0118808 0.0540684 0.742075 3
0 0.427749 0.101451 0.0094003 0.0460909 0.379778 150
0 0.620822 0.197314 0.0138964 0.0529212 0.784581 132
0 0.293028 0.0684611 0.010011 0.0381757 0.450565 109
0 0.386776 0.0924127 0.00898953 0.0405708 0.727002 20
0 0.58277 0.122599 0.00847874 0.0432939 0.791735 165
0 0.18411 0.094352 0.0155197 0.0728327 0.427898 156
0 0.505044 0.044806 0.00860332 0.0345839 0.456752 171
0 0.352817 0.0900735 0.0090092 0.0385502 0.331215 172
0 0.340504 0.128303 0.0116738 0.0423386 0.703803 137
