0 0.498549 0.515016 0.0172458 0.0823024 0.783128 1
0 0.77432 0.556731 0.0234786 0.0874433 0.834153 2
0 0.497878 0.883159 0.0317895 0.116356 0.823617 4
0 0.73881 0.439956 0.0216768 0.0795583 0.801978 6
0 0.607097 0.372024 0.0139299 0.0757587 0.783413 7
0 0.720961 0.258544 0.0188529 0.0578402 0.700712 8
0 0.858723 0.418778 0.0222349 0.0736296 0.809471 12
0 0.978288 0.326475 0.0290419 0.0735011 0.75934 14
0 0.813537 0.432888 0.02228 0.0749843 0.808437 20
0 0.647339 0.212868 0.0117207 0.0583625 0.705505 13
0 0.634259 0.26282 0.0118523 0.0599243 0.675183 10
0 0.555748 0.569483 0.0266933 0.0769564 0.699818 11
0 0.547314 0.541963 0.0263926 0.0667285 0.699568 3
0 0.376703 0.239746 0.0119473 0.0522515 0.712199 5
