0 0.530908 0.653891 0.0302505 0.0979625 0.864527 4
0 0.117603 0.207176 0.015065 0.0531299 0.686266 124
0 0.688895 0.105369 0.00911573 0.0449951 0.426999 3
0 0.461754 0.0835417 0.00845296 0.0422252 0.56635 89
0 0.416454 0.0737451 0.00942094 0.0395043 0.629067 109
0 0.481418 0.193319 0.0101303 0.0519713 0.824877 88
0 0.508741 0.0794358 0.00899986 0.0414497 0.578104 22
0 0.430019 0.0967748 0.00932964 0.0431379 0.62002 41
0 0.162614 0.122046 0.013218 0.0561593 0.381204 111
0 0.798065 0.149281 0.0122079 0.0536502 0.745825 132
0 0.52909 0.0422274 0.00816879 0.0339842 0.293743 102
0 0.180696 0.114937 0.0137315 0.0509129 0.372627 127
0 0.235208 0.0423211 0.00767694 0.0365951 0.263891 135
0 0.48773 0.0745338 0.00931298 0.0476098 0.522287 131
0 0.452502 0.0875286 0.0083182 0.0371811 0.270712 126
0 0.695352 0.105367 0.010323 0.0452505 0.471277 8
