0 0.492333 0.872287 0.0317349 0.122878 0.856568 4
0 0.00881102 0.310618 0.017622 0.0637399 0.824524 93
0 0.724676 0.212295 0.0169338 0.0552021 0.754086 38
0 0.804759 0.148364 0.013085 0.0490769 0.624645 71
0 0.563645 0.28066 0.0144521 0.0577977 0.791151 88
0 0.161184 0.124449 0.0140779 0.0588001 0.556991 64
0 0.628139 0.264844 0.0172044 0.0598975 0.814807 3
0 0.521137 0.0475166 0.00947793 0.0390466 0.356344 102
0 0.184501 0.109867 0.0107896 0.0505679 0.454801 111
0 0.439301 0.133284 0.00791349 0.0444099 0.722302 89
0 0.369809 0.186539 0.00965481 0.0506396 0.783747 20
0 0.461289 0.156528 0.0121776 0.0507237 0.747435 8
0 0.507675 0.143038 0.0086847 0.0429995 0.727896 126
0 0.486619 0.0940786 0.00822916 0.0371182 0.430541 110
0 0.559592 0.157741 0.0177931 0.0439572 0.668265 109
0 0.66748 0.110823 0.0174476 0.0415429 0.661455 22
0 0.48734 0.16119 0.0105668 0.0481763 0.718138 41
0 0.53247 0.172661 0.0202804 0.0438796 0.392602 56
