0 0.472083 0.790311 0.0292535 0.116357 0.863458 4
0 0.305448 0.303286 0.0166077 0.0656088 0.782171 38
0 0.579386 0.184666 0.00987511 0.0523296 0.77158 8
0 0.727593 0.155269 0.0132196 0.046251 0.761753 22
0 0.483658 0.360002 0.0169622 0.0689854 0.839101 88
0 0.583568 0.295303 0.0112935 0.065815 0.778789 3
0 0.615196 0.174791 0.0146776 0.0537209 0.753148 41
0 0.432795 0.234761 0.0193877 0.0547531 0.43978 70
0 0.512363 0.0435629 0.0105083 0.0418884 0.506536 75
0 0.0257598 0.291442 0.0194748 0.0606282 0.813049 93
0 0.43978 0.216117 0.024061 0.0669553 0.309489 71
0 0.223891 0.181679 0.0124351 0.0525176 0.45487 20
0 0.162106 0.117732 0.0143342 0.0468963 0.389241 64
0 0.609987 0.120586 0.00855083 0.0487013 0.719329 63
0 0.503942 0.137037 0.0136467 0.0549527 0.465497 56
0 0.330862 0.139717 0.0115027 0.0440323 0.687452 72
0 0.147446 0.120827 0.012651 0.0628749 0.369039 11
