0 0.502002 0.685882 0.0279608 0.102888 0.876139 4
0 0.116061 0.206863 0.0159356 0.0537433 0.486996 124
0 0.506989 0.204274 0.013553 0.0548475 0.813578 88
0 0.676901 0.198034 0.0145498 0.0552337 0.809894 132
0 0.621199 0.156186 0.0121323 0.0517213 0.776291 3
0 0.477852 0.0817308 0.0127542 0.0520708 0.665758 126
0 0.536291 0.0589921 0.00804234 0.0403455 0.487115 109
0 0.514332 0.0609245 0.0126027 0.0467675 0.548405 137
0 0.176854 0.116323 0.0152414 0.0493276 0.344905 111
0 0.18567 0.0889914 0.0156754 0.0738731 0.446193 127
