0 0.467794 0.77997 0.0295588 0.115407 0.869644 4
0 0.103252 0.233174 0.0168301 0.061691 0.789716 93
0 0.387937 0.209009 0.0110618 0.0507332 0.808657 20
0 0.59187 0.273255 0.0125252 0.062314 0.795041 38
0 0.442532 0.255281 0.0154835 0.0577957 0.63417 3
0 0.434741 0.266415 0.0145348 0.062485 0.683229 88
0 0.142998 0.13245 0.0135402 0.0659132 0.514426 64
0 0.328134 0.119777 0.0106662 0.0439205 0.723532 110
0 0.495385 0.113698 0.0122705 0.0434144 0.680511 8
0 0.502868 0.175477 0.0137281 0.0600412 0.693838 75
0 0.506941 0.113489 0.0113225 0.0437475 0.642579 56
0 0.172891 0.116644 0.0141758 0.0572863 0.580742 111
0 0.168123 0.115134 0.0113092 0.0487233 0.329421 115
0 0.628676 0.141332 0.00917784 0.0475175 0.646916 71
0 0.555441 0.159103 0.0105246 0.050599 0.809031 22
0 0.630579 0.0939979 0.00831642 0.0366211 0.394003 109
