0 0.507948 0.74684 0.0317827 0.107208 0.859117 4
0 0.116304 0.205514 0.0144427 0.0519813 0.599541 124
0 0.523017 0.211396 0.0147234 0.0549951 0.772961 88
0 0.720073 0.213938 0.0187951 0.055658 0.837981 132
0 0.177844 0.109729 0.0163126 0.0566925 0.474451 111
0 0.508631 0.0633147 0.00743128 0.0399302 0.632283 89
0 0.159402 0.11697 0.014936 0.0550724 0.556205 127
0 0.520016 0.0544791 0.0100499 0.0555424 0.636893 137
0 0.492699 0.0981505 0.00898469 0.0447357 0.722148 136
0 0.623585 0.148414 0.0112195 0.0492591 0.424609 3
0 0.479493 0.0966393 0.00704428 0.0380044 0.58116 126
0 0.560041 0.0606368 0.00971972 0.0511129 0.670839 20
0 0.716994 0.0434798 0.00960223 0.0375792 0.417697 56
0 0.482282 0.0676589 0.0107983 0.0289017 0.332983 142
0 0.539052 0.0387135 0.00887922 0.0379303 0.369193 109
