0 0.418206 0.652242 0.0305391 0.0979843 0.870239 4
0 0.350994 0.200291 0.0130468 0.056476 0.572072 11
0 0.0751063 0.218541 0.0166054 0.0540511 0.67886 65
0 0.645286 0.0607046 0.00896276 0.040456 0.689667 8
0 0.483176 0.171258 0.00898126 0.0527154 0.757253 3
0 0.162293 0.112816 0.0127077 0.0531086 0.620743 64
0 0.358306 0.0940958 0.00896683 0.0429977 0.706895 41
0 0.620194 0.149236 0.0102055 0.0513367 0.823821 38
0 0.216428 0.112414 0.0145466 0.0451329 0.724697 20
0 0.479475 0.0653544 0.00892595 0.0312858 0.611681 22
0 0.262465 0.0716777 0.00987713 0.0344269 0.64188 71
0 0.21802 0.0699548 0.0102949 0.0337968 0.592348 70
0 0.506925 0.0626246 0.0069334 0.0376002 0.592009 73
0 0.407245 0.060211 0.00785122 0.0328657 0.547449 72
