0 0.422876 0.630081 0.0310325 0.0984117 0.848492 4
0 0.431376 0.208807 0.011732 0.0562985 0.801094 11
0 0.587445 0.174571 0.0164034 0.0526673 0.757819 38
0 0.559912 0.0905638 0.0101813 0.0432887 0.659998 8
0 0.0399305 0.256513 0.0240521 0.058874 0.744505 65
0 0.506233 0.194471 0.0151043 0.0557902 0.813395 3
0 0.15175 0.117939 0.0154153 0.0591012 0.521725 64
0 0.46967 0.102252 0.00836833 0.0427347 0.734699 1
0 0.482973 0.0658809 0.00992009 0.0462146 0.479346 5
0 0.304681 0.0501033 0.00777445 0.0413471 0.682323 13
0 0.49038 0.068004 0.00894435 0.0556947 0.483283 56
0 0.167135 0.105472 0.013784 0.0522532 0.327642 67
