0 0.485798 0.755333 0.0224551 0.101594 0.792745 4
0 0.241971 0.43997 0.0209845 0.077729 0.841012 38
0 0.231095 0.204143 0.0145333 0.0551769 0.741194 20
0 0.412028 0.180367 0.017369 0.0485048 0.727735 71
0 0.558178 0.197538 0.0118276 0.0573473 0.7875 8
0 0.440161 0.111575 0.00924384 0.0446356 0.511476 56
0 0.801678 0.24335 0.0153305 0.0544436 0.81286 22
0 0.493896 0.380372 0.0137749 0.0666508 0.754447 88
0 0.618143 0.120576 0.00993551 0.0469862 0.708445 63
0 0.48124 0.310669 0.0163203 0.0618492 0.750205 3
0 0.161794 0.116278 0.0132689 0.0482618 0.370154 64
0 0.522236 0.0446543 0.00856282 0.0357606 0.283644 75
0 0.637974 0.185307 0.017204 0.050715 0.67874 41
0 0.326801 0.134167 0.0113016 0.0458475 0.484848 72
0 0.245139 0.186957 0.013416 0.0505557 0.611548 70
0 0.408636 0.117757 0.00972754 0.0435202 0.61413 89
