0 0.430366 0.745806 0.0300899 0.115796 0.866148 4
0 0.422282 0.239746 0.0126483 0.058261 0.75492 11
0 0.503534 0.0858148 0.00884638 0.04003 0.623901 20
0 0.647649 0.201031 0.0158299 0.0523843 0.75057 38
0 0.167538 0.099751 0.0167965 0.0596596 0.459315 64
0 0.490821 0.125925 0.0133512 0.0527687 0.687785 8
0 0.56123 0.0965058 0.00844955 0.0428236 0.643755 56
0 0.652366 0.0966545 0.00908184 0.0441546 0.395084 63
0 0.00560309 0.312929 0.0111588 0.0582199 0.691816 65
0 0.639642 0.070355 0.0118291 0.0422087 0.477864 41
0 0.436958 0.0908008 0.0112153 0.0402427 0.473992 5
0 0.543465 0.222747 0.0155422 0.0570995 0.783974 3
0 0.427922 0.0618567 0.00972271 0.0438207 0.514508 22
0 0.414995 0.106509 0.0131791 0.063866 0.586291 55
