0 0.498604 0.692052 0.0254086 0.099829 0.836397 4
0 0.754218 0.192824 0.0179943 0.0541626 0.753258 38
0 0.589508 0.245582 0.0142875 0.0590146 0.745084 3
0 0.478963 0.279488 0.0128547 0.0612246 0.787809 11
0 0.521301 0.173539 0.0146629 0.0557889 0.677401 13
0 0.52874 0.0797229 0.00944185 0.0404695 0.654042 6
0 0.549047 0.168402 0.0126083 0.0552266 0.623047 8
0 0.434984 0.0945982 0.00782445 0.0397785 0.651734 5
0 0.474611 0.0909683 0.00775754 0.0459573 0.440549 55
0 0.310886 0.0936839 0.010276 0.0426575 0.622345 1
0 0.504873 0.140917 0.0115609 0.0479906 0.70983 20
0 0.779734 0.103707 0.0129339 0.0416476 0.543387 7
0 0.701994 0.0940582 0.0156672 0.0372467 0.632692 56
0 0.762836 0.103438 0.011323 0.0441931 0.588824 41
