0 0.488668 0.799698 0.0339006 0.111337 0.865767 4
0 0.0609825 0.253323 0.0172522 0.0594259 0.793217 93
0 0.622509 0.274095 0.0133436 0.0622987 0.797055 38
0 0.305917 0.119327 0.00848465 0.043701 0.677013 110
0 0.62334 0.166926 0.0103012 0.0514876 0.380479 22
0 0.524858 0.192296 0.0105454 0.0327165 0.482278 41
0 0.493389 0.139926 0.0108447 0.0500378 0.740248 8
0 0.351928 0.218536 0.0116851 0.0539641 0.665848 20
0 0.77303 0.189285 0.0159346 0.0548063 0.69686 71
0 0.435438 0.274396 0.0148671 0.058792 0.783529 88
0 0.471212 0.174823 0.0114793 0.0509989 0.798312 75
0 0.158545 0.121992 0.00967279 0.0506298 0.359322 64
0 0.455097 0.103527 0.0107209 0.0455591 0.583174 56
0 0.707204 0.100638 0.0100133 0.0453894 0.626182 109
0 0.411667 0.124748 0.00964406 0.0447202 0.7008 89
0 0.186313 0.112209 0.00990663 0.0455166 0.352613 111
0 0.173316 0.118056 0.016277 0.0533757 0.395286 115
