0 0.421912 0.632033 0.030574 0.096607 0.856225 4
0 0.431542 0.210963 0.0107326 0.0566529 0.781684 11
0 0.608681 0.173909 0.0145751 0.0527721 0.814783 38
0 0.540662 0.0975032 0.0115071 0.045349 0.705138 8
0 0.0289871 0.266664 0.019851 0.0590714 0.807769 65
0 0.506025 0.194715 0.0136452 0.0555002 0.800286 3
0 0.329745 0.064147 0.00967846 0.0387403 0.767504 13
0 0.491024 0.061641 0.00829763 0.0431378 0.682766 56
0 0.16288 0.0967617 0.0240155 0.0678061 0.335332 64
0 0.479127 0.0621212 0.011727 0.0736435 0.55692 22
0 0.586395 0.0805244 0.0111235 0.0410419 0.536062 63
0 0.453581 0.108658 0.0101282 0.0427605 0.729788 1
