0 0.487694 0.879885 0.0308782 0.121626 0.82905 4
0 0.0119218 0.309257 0.022205 0.0641081 0.788805 93
0 0.71296 0.21058 0.0184782 0.0521428 0.800575 38
0 0.805212 0.145268 0.012348 0.0474942 0.712958 71
0 0.550889 0.281058 0.0219528 0.0560476 0.833848 88
0 0.161119 0.125047 0.0140677 0.0569282 0.586191 64
0 0.625596 0.264432 0.0130793 0.0584039 0.618912 3
0 0.174217 0.120096 0.013795 0.0536367 0.293853 115
0 0.520833 0.0475254 0.00968253 0.0386884 0.406767 102
0 0.184441 0.110462 0.0104931 0.049404 0.476099 111
0 0.438478 0.132671 0.00825539 0.0436343 0.76764 89
0 0.367181 0.182443 0.00913175 0.0480466 0.794499 20
0 0.459939 0.154668 0.0111293 0.0505428 0.736802 8
0 0.505592 0.142675 0.00907342 0.0448987 0.669715 126
0 0.183621 0.104564 0.0127149 0.0553595 0.329408 127
0 0.480343 0.0934358 0.00881713 0.037406 0.513855 110
0 0.547959 0.154382 0.016113 0.0403174 0.42848 109
0 0.658214 0.109353 0.0168835 0.0404277 0.575052 22
0 0.493444 0.154721 0.00983791 0.0498719 0.752311 41
