0 0.313468 0.554604 0.0203156 0.0767751 0.811463 4
0 0.0385827 0.272928 0.0210956 0.0592568 0.77612 124
0 0.166667 0.388641 0.0166622 0.0672506 0.810884 88
0 0.588323 0.268644 0.0238068 0.0528613 0.757441 3
0 0.793256 0.284922 0.0145165 0.0615202 0.79239 132
0 0.18469 0.0934238 0.0150258 0.0740952 0.293981 156
0 0.510621 0.0421897 0.0101295 0.0430263 0.410951 171
0 0.445727 0.15198 0.0119504 0.0497329 0.703621 150
0 0.247879 0.19228 0.0125895 0.055045 0.680522 137
0 0.545499 0.207308 0.0126483 0.0500574 0.781696 165
0 0.383114 0.0917679 0.013125 0.0387729 0.372042 109
0 0.357365 0.103508 0.00994463 0.0477114 0.338978 168
0 0.309393 0.198164 0.0123891 0.0528352 0.722913 162
0 0.429916 0.139614 0.00953929 0.0483409 0.728236 20
0 0.555841 0.144652 0.0128601 0.0456906 0.751568 170
0 0.357816 0.0985149 0.0102736 0.0541181 0.436635 22
