0 0.499939 0.658122 0.0274722 0.0967098 0.848967 4
0 0.125994 0.192151 0.0162502 0.052274 0.773637 124
0 0.487488 0.189866 0.0105912 0.0516154 0.797719 88
0 0.157775 0.118891 0.0123761 0.0562556 0.593525 111
0 0.605353 0.140974 0.011794 0.0476697 0.792793 3
0 0.511034 0.0843156 0.00995038 0.0410456 0.588212 22
0 0.720662 0.104721 0.0120705 0.0436923 0.677467 132
0 0.490433 0.0608876 0.00903196 0.0385068 0.54889 150
0 0.174507 0.112248 0.0151054 0.0578587 0.450164 127
0 0.566236 0.0583425 0.00780493 0.0369076 0.590995 137
0 0.435918 0.0706401 0.010351 0.043468 0.602158 20
0 0.47788 0.0609116 0.00885499 0.0379102 0.428911 154
0 0.516807 0.0521063 0.00727221 0.027466 0.341339 109
0 0.555507 0.0415678 0.00746504 0.0330813 0.448057 153
0 0.182919 0.093267 0.0148968 0.0705329 0.321389 156
