0 0.426147 0.65362 0.032951 0.0983236 0.856472 4
0 0.428059 0.220607 0.0115288 0.0576027 0.756141 11
0 0.629201 0.177018 0.0123363 0.0517081 0.779052 38
0 0.520059 0.104939 0.00940148 0.0482274 0.767608 8
0 0.02521 0.276579 0.0224075 0.0609613 0.856749 65
0 0.510244 0.200779 0.0107466 0.0558979 0.752201 3
0 0.602382 0.0841839 0.0106801 0.0411804 0.586007 63
0 0.468361 0.083069 0.00945396 0.0424574 0.592873 5
0 0.432476 0.110565 0.00768328 0.0450034 0.746409 1
0 0.362156 0.0772439 0.00945546 0.0392813 0.722658 13
0 0.505782 0.0683639 0.00927445 0.0422406 0.52548 56
0 0.164427 0.0982232 0.0161219 0.0641871 0.399647 64
0 0.593304 0.0629665 0.00920671 0.0411823 0.523484 41
