0 0.482249 0.775669 0.0276248 0.107122 0.866546 4
0 0.0506475 0.267594 0.0181924 0.0569624 0.760099 93
0 0.695447 0.252619 0.0185498 0.0583546 0.846137 38
0 0.317484 0.19321 0.0100372 0.0512102 0.799288 20
0 0.815611 0.175255 0.0103886 0.0535639 0.704681 71
0 0.517358 0.271852 0.0158458 0.0602084 0.801172 88
0 0.158455 0.125945 0.0111446 0.05238 0.445118 64
0 0.448339 0.123187 0.0129779 0.0435486 0.72723 89
0 0.538985 0.263115 0.0126596 0.0600823 0.722027 3
0 0.494991 0.0605214 0.00871197 0.0376977 0.560924 102
0 0.296358 0.120651 0.00796286 0.0399717 0.662861 110
0 0.523696 0.192321 0.0116603 0.0350721 0.346107 41
0 0.185667 0.111879 0.00914108 0.0452825 0.320836 111
0 0.508238 0.164944 0.0153646 0.0691055 0.754836 75
0 0.171051 0.11994 0.0106163 0.0493648 0.319268 115
0 0.672617 0.0787212 0.00888894 0.0434087 0.437519 109
0 0.651505 0.135166 0.0112391 0.0429436 0.647768 22
