0 0.529114 0.655548 0.0311904 0.101862 0.863131 4
0 0.589342 0.208627 0.0118866 0.0543163 0.763338 88
0 0.543116 0.148273 0.0115131 0.0496892 0.781923 41
0 0.480831 0.08015 0.0162114 0.0407062 0.352298 109
0 0.459606 0.0928889 0.00793905 0.04368 0.566489 89
0 0.0843287 0.236796 0.0196455 0.0565798 0.822824 124
0 0.717012 0.140951 0.0130036 0.0498649 0.726738 8
0 0.403218 0.0907063 0.00932382 0.0419551 0.624113 20
0 0.178438 0.114392 0.0150175 0.0503807 0.253355 111
0 0.821484 0.148131 0.0103866 0.0489683 0.774919 132
0 0.685592 0.113828 0.0115508 0.0436129 0.451228 131
0 0.167234 0.112298 0.0111928 0.0502051 0.260383 115
0 0.697979 0.117372 0.0106023 0.0466162 0.36603 3
0 0.591766 0.104605 0.0113667 0.039375 0.605901 126
0 0.64321 0.0971146 0.0145938 0.0426914 0.685151 22
0 0.533429 0.0430319 0.00955648 0.035533 0.27764 102
0 0.597714 0.0779448 0.0101245 0.0411427 0.352755 56
