0 0.48851 0.799241 0.0340434 0.110808 0.866835 4
0 0.0609682 0.251688 0.0169703 0.0611977 0.824041 93
0 0.625181 0.273829 0.0147141 0.0634359 0.777345 38
0 0.304455 0.118914 0.00754731 0.0447543 0.699103 110
0 0.624268 0.166813 0.00979214 0.0509489 0.357739 22
0 0.524869 0.19247 0.010307 0.0340881 0.481475 41
0 0.495408 0.14064 0.0103709 0.0505941 0.730606 8
0 0.349 0.218799 0.0154239 0.0544269 0.670742 20
0 0.778751 0.189299 0.0129573 0.0540634 0.694669 71
0 0.438362 0.275836 0.0136572 0.0585708 0.726178 88
0 0.471134 0.174818 0.0118762 0.0519343 0.741152 75
0 0.158009 0.121533 0.00964036 0.0518395 0.382778 64
0 0.457656 0.10413 0.00985676 0.0456184 0.55708 56
0 0.705252 0.100571 0.00817261 0.0471219 0.574987 109
0 0.411447 0.123698 0.00980008 0.0468772 0.627097 89
0 0.186287 0.112913 0.00986177 0.0448222 0.429686 111
0 0.172922 0.119136 0.0156476 0.0539889 0.409957 115
0 0.454965 0.26109 0.0153757 0.058305 0.750986 3
0 0.480103 0.0467581 0.00983025 0.0404916 0.355219 102
