0 0.469693 0.781152 0.0321571 0.108728 0.875495 4
0 0.331973 0.261793 0.0131952 0.0620755 0.772297 38
0 0.797103 0.137247 0.00886428 0.0487613 0.618918 22
0 0.429517 0.31956 0.0138117 0.0661078 0.811345 88
0 0.56427 0.254866 0.0143245 0.0639308 0.788569 3
0 0.0114781 0.306678 0.0226251 0.0636457 0.818801 93
0 0.234124 0.176611 0.00958915 0.051774 0.732234 20
0 0.162879 0.119848 0.0154254 0.0500101 0.456966 64
0 0.621866 0.102977 0.011766 0.0445108 0.654113 63
0 0.529663 0.212372 0.0195601 0.0571455 0.739337 70
0 0.588848 0.143646 0.00985158 0.0485433 0.67694 41
0 0.147657 0.12627 0.0123841 0.0534752 0.395608 11
0 0.47514 0.122718 0.0128403 0.041011 0.331697 56
0 0.345321 0.136881 0.0107779 0.0343356 0.724183 72
0 0.606467 0.176238 0.0107557 0.0540025 0.758899 8
0 0.515533 0.182766 0.0147565 0.0473461 0.687594 71
0 0.513313 0.0459251 0.0103558 0.0404534 0.300902 75
0 0.447141 0.134255 0.0100724 0.0446554 0.680152 89
