0 0.431963 0.708603 0.0266208 0.103185 0.88169 4
0 0.435726 0.207639 0.0111417 0.0563188 0.749201 38
0 0.597457 0.211694 0.0151293 0.0556267 0.788477 88
0 0.04152 0.273608 0.0196875 0.0582659 0.791232 93
0 0.578523 0.178319 0.0143457 0.0532142 0.725998 3
0 0.320933 0.163831 0.0134618 0.0494264 0.848522 20
0 0.528894 0.0419698 0.00948966 0.0369904 0.312437 102
0 0.52639 0.109806 0.00997117 0.0474118 0.377698 8
0 0.447211 0.0643701 0.0105377 0.0379179 0.461311 56
0 0.388774 0.0745194 0.00652393 0.0388447 0.615889 89
0 0.567257 0.0928944 0.00857932 0.0352139 0.444365 71
0 0.513434 0.072031 0.0093545 0.0319441 0.574197 63
0 0.164759 0.11733 0.0119723 0.052655 0.345392 64
0 0.591063 0.066827 0.0085041 0.0378819 0.462626 22
0 0.566835 0.0586416 0.00769119 0.0253458 0.259011 41
