0 0.488862 0.798504 0.034324 0.110516 0.872562 4
0 0.062007 0.253914 0.0172039 0.0576815 0.78715 93
0 0.61528 0.271673 0.0162717 0.0603843 0.782314 38
0 0.320206 0.121368 0.00803175 0.0417622 0.760718 110
0 0.617583 0.172982 0.013984 0.0513428 0.80244 22
0 0.524791 0.192038 0.0115137 0.0339374 0.473472 41
0 0.483031 0.133473 0.00918811 0.050554 0.671919 8
0 0.403391 0.235042 0.0164725 0.0578767 0.788029 20
0 0.728905 0.192025 0.0117479 0.054315 0.736425 71
0 0.442303 0.133474 0.00931129 0.0451578 0.757389 89
0 0.44359 0.261338 0.0177805 0.0684671 0.785152 88
0 0.487191 0.181503 0.0107399 0.053061 0.682923 75
0 0.154401 0.124676 0.0084709 0.0485584 0.40201 64
0 0.456761 0.103981 0.00803884 0.0431862 0.701826 56
0 0.460796 0.0466219 0.00926724 0.0374527 0.52733 102
0 0.702455 0.100428 0.00906054 0.0460114 0.36625 109
