0 0.450311 0.744579 0.0252924 0.0993734 0.836957 4
0 0.0973161 0.233087 0.0180872 0.0603934 0.744562 93
0 0.3719 0.201899 0.0132982 0.0538106 0.75862 20
0 0.58139 0.267604 0.014083 0.0617163 0.806115 38
0 0.491727 0.0504374 0.008802 0.0388536 0.269277 102
0 0.488236 0.178277 0.0110635 0.048929 0.679158 41
0 0.395984 0.125348 0.00812375 0.0417955 0.732907 89
0 0.500959 0.163066 0.011017 0.0516233 0.283059 75
0 0.44301 0.253817 0.0141849 0.0599471 0.630983 3
0 0.621392 0.134253 0.00973644 0.0470333 0.620556 71
0 0.498355 0.109089 0.0115915 0.0447601 0.50031 56
0 0.433887 0.264902 0.0147027 0.0648953 0.716572 88
0 0.144879 0.129723 0.0126021 0.0608445 0.52766 64
0 0.334885 0.116131 0.0103839 0.0440635 0.54597 110
0 0.162756 0.119454 0.0160606 0.0541403 0.28281 111
0 0.542982 0.150568 0.0124705 0.0479482 0.691432 22
0 0.61599 0.0949499 0.00824992 0.0387935 0.385905 109
0 0.483544 0.111939 0.0101262 0.0455486 0.624324 8
0 0.181907 0.103758 0.0166414 0.0567282 0.257771 115
