0 0.487309 0.778218 0.0383936 0.105181 0.844859 4
0 0.0470892 0.276432 0.0179382 0.0592483 0.779216 93
0 0.736858 0.201033 0.0119588 0.0561739 0.802484 38
0 0.335131 0.17073 0.00973816 0.0517789 0.717112 20
0 0.828775 0.148135 0.0122114 0.0491248 0.669653 71
0 0.555706 0.263989 0.0124738 0.0562726 0.774486 88
0 0.159484 0.124804 0.0121646 0.0575814 0.627497 64
0 0.596176 0.256527 0.01563 0.0597692 0.792334 3
0 0.171814 0.123941 0.0129077 0.0554462 0.600646 115
0 0.504806 0.156036 0.0105219 0.0514236 0.760684 8
0 0.57238 0.11534 0.00904325 0.0457855 0.675043 56
0 0.569183 0.170884 0.0117959 0.0500064 0.810799 41
0 0.52372 0.168773 0.0111457 0.0503914 0.602119 126
0 0.182658 0.110987 0.0123459 0.0471782 0.530838 123
0 0.522031 0.0556957 0.0093696 0.037868 0.447723 102
0 0.4935 0.116466 0.0110158 0.0365408 0.706636 89
0 0.611699 0.0852827 0.00889867 0.0424463 0.530879 109
0 0.329996 0.120631 0.00836951 0.0413399 0.719771 110
