0 0.403788 0.905906 0.0314121 0.115386 0.839321 4
0 0.0511556 0.594286 0.0341049 0.0861182 0.867552 38
0 0.0781342 0.318707 0.0175985 0.0677927 0.796968 20
0 0.114119 0.201057 0.0215902 0.0535688 0.76095 70
0 0.441013 0.181338 0.0104371 0.0537935 0.689814 73
0 0.267932 0.216022 0.0180766 0.0534032 0.675415 71
0 0.349825 0.393266 0.0171219 0.0779297 0.79444 3
0 0.55056 0.148422 0.0178669 0.0527193 0.763988 63
0 0.427288 0.414819 0.0218398 0.0739139 0.836474 11
0 0.217936 0.178969 0.0118281 0.0469756 0.646107 72
0 0.452825 0.209935 0.0120831 0.0572549 0.642366 41
0 0.554263 0.232503 0.0151604 0.0617328 0.794226 8
0 0.408733 0.148476 0.0120589 0.0516721 0.718987 56
0 0.160299 0.116532 0.013018 0.0476685 0.310414 64
0 0.703907 0.216987 0.0148507 0.0577437 0.773965 22
0 0.511724 0.0386835 0.0107856 0.0434788 0.322172 75
