0 0.48892 0.516316 0.0211247 0.0848113 0.798427 1
0 0.826253 0.560929 0.0236685 0.0891007 0.817551 2
0 0.524804 0.881244 0.0240439 0.118523 0.788542 4
0 0.764869 0.390357 0.0296832 0.0732639 0.822453 6
0 0.648677 0.377381 0.0135695 0.074913 0.771637 7
0 0.676548 0.221573 0.0128208 0.0587232 0.61637 13
0 0.677656 0.274736 0.0148081 0.0578003 0.494704 10
0 0.558538 0.574404 0.0152144 0.0709621 0.691735 11
0 0.552206 0.542237 0.0214308 0.0768824 0.725925 3
0 0.38967 0.24869 0.0102838 0.0570378 0.728126 5
0 0.826127 0.271211 0.0170282 0.0600237 0.78518 8
0 0.154526 0.129125 0.0147144 0.0547922 0.68082 23
0 0.936518 0.510574 0.0373383 0.0907408 0.840462 12
0 0.256165 0.0460611 0.0125285 0.0390238 0.357597 22
