0 0.496241 0.642419 0.0297569 0.107502 0.866552 4
0 0.115536 0.203488 0.0186826 0.0565149 0.570528 124
0 0.486225 0.189218 0.0111491 0.0515353 0.790105 88
0 0.797647 0.0935951 0.00923697 0.040922 0.662804 132
0 0.182258 0.0977987 0.0134315 0.0638625 0.443519 156
0 0.453243 0.0793922 0.0075462 0.0369833 0.593041 154
0 0.693799 0.115026 0.00938867 0.043946 0.789149 3
0 0.173092 0.115324 0.0156511 0.0506084 0.528425 111
0 0.440528 0.0882901 0.00879494 0.032192 0.579539 136
0 0.477594 0.0759165 0.0108725 0.0471242 0.652159 22
0 0.432806 0.0573745 0.00749413 0.0385381 0.572503 20
0 0.516625 0.0500851 0.010564 0.050472 0.386731 137
0 0.492692 0.0613661 0.00892693 0.0368645 0.568501 150
