0 0.499671 0.691554 0.0250145 0.099182 0.842364 4
0 0.699656 0.197841 0.021905 0.0476655 0.67831 38
0 0.570439 0.252975 0.0136149 0.0619278 0.783826 3
0 0.45718 0.291342 0.0131422 0.0622045 0.782106 11
0 0.674422 0.101587 0.00940011 0.0410937 0.534093 56
0 0.490661 0.182831 0.0114564 0.055972 0.74314 13
0 0.734778 0.120298 0.0126335 0.0440549 0.472178 41
0 0.529892 0.0869936 0.00877768 0.0439598 0.701584 6
0 0.533396 0.174733 0.013116 0.0555216 0.790567 8
0 0.518094 0.0386151 0.00862077 0.0384024 0.505253 22
0 0.425533 0.101345 0.00921049 0.0430045 0.567285 5
0 0.47041 0.0989952 0.00803337 0.0457602 0.675169 55
0 0.280869 0.105506 0.00971038 0.0419938 0.68982 1
0 0.482835 0.14578 0.0101282 0.0462338 0.720709 20
0 0.745782 0.104753 0.00791181 0.0382085 0.342317 7
