0 0.432892 0.710237 0.0262625 0.101944 0.87015 4
0 0.400999 0.20104 0.0107647 0.053732 0.334107 38
0 0.521125 0.230118 0.0159543 0.0571919 0.832379 88
0 0.042409 0.274599 0.0197725 0.0614067 0.769505 93
0 0.549311 0.182845 0.0143481 0.0520072 0.723006 3
0 0.41899 0.0736075 0.00863171 0.0405616 0.617403 56
0 0.165141 0.118876 0.013448 0.053467 0.407276 64
0 0.479173 0.101895 0.0123501 0.041792 0.678541 71
0 0.282085 0.160469 0.0111496 0.0517062 0.781874 20
0 0.486884 0.0731938 0.00691649 0.0326762 0.593009 63
0 0.590122 0.0886393 0.00998885 0.0380394 0.595969 72
0 0.529301 0.0431287 0.00903184 0.0339225 0.290428 102
0 0.509242 0.118148 0.010061 0.0488316 0.723571 8
