0 0.487697 0.794783 0.0330376 0.108608 0.866934 4
0 0.0593557 0.254121 0.0169945 0.0605696 0.811738 93
0 0.656779 0.261124 0.0142427 0.0611654 0.801048 38
0 0.301469 0.117233 0.0108473 0.0421895 0.352782 110
0 0.524845 0.193813 0.010568 0.0330354 0.316292 41
0 0.331898 0.210051 0.015683 0.0536023 0.798246 20
0 0.796449 0.184544 0.0152172 0.0554753 0.771496 71
0 0.469432 0.27542 0.0129322 0.0602007 0.788343 88
0 0.482561 0.169447 0.00911709 0.0525941 0.780915 75
0 0.157015 0.120135 0.0109941 0.0508925 0.444286 64
0 0.429261 0.120333 0.0109724 0.0440705 0.723227 89
0 0.491331 0.263516 0.0166012 0.0612093 0.806739 3
0 0.693284 0.0881657 0.00895481 0.0456808 0.724393 109
0 0.495679 0.0496419 0.00925843 0.0356987 0.428032 102
0 0.503528 0.146753 0.0103178 0.0502009 0.715726 8
0 0.173088 0.118014 0.0139632 0.0488433 0.257505 115
0 0.626246 0.157771 0.0107733 0.0504086 0.572155 22
0 0.474555 0.110174 0.00891949 0.045951 0.310056 56
