0 0.500888 0.654927 0.0308239 0.0969614 0.811508 4
0 0.119578 0.202714 0.0139132 0.0543937 0.699105 124
0 0.486436 0.188369 0.0115592 0.0519764 0.767594 88
0 0.792621 0.0975174 0.00974325 0.0427149 0.71153 132
0 0.508397 0.0591246 0.0106745 0.0403947 0.538488 150
0 0.182918 0.0981899 0.0123518 0.0633196 0.317412 156
0 0.4537 0.0754161 0.00897802 0.0391412 0.633248 154
0 0.683996 0.115917 0.0105454 0.0443183 0.710648 3
0 0.17264 0.115889 0.0163606 0.0511859 0.378456 111
0 0.431808 0.0694667 0.0117084 0.063723 0.679018 136
0 0.477675 0.0743855 0.00896587 0.0458245 0.539891 22
0 0.517853 0.0396405 0.0103017 0.0404531 0.427089 137
