0 0.488705 0.798524 0.0341057 0.110411 0.877467 4
0 0.0613403 0.25423 0.0174094 0.0571777 0.790067 93
0 0.61744 0.271445 0.0173456 0.0598166 0.808386 38
0 0.32004 0.121022 0.00803458 0.0422687 0.791362 110
0 0.619874 0.172115 0.0130116 0.0502967 0.819762 22
0 0.524665 0.191849 0.0118406 0.035101 0.472191 41
0 0.482874 0.133879 0.00924301 0.050342 0.631553 8
0 0.398093 0.233934 0.0131908 0.0565096 0.787944 20
0 0.731165 0.191633 0.0141841 0.0547528 0.720867 71
0 0.441428 0.132521 0.0105306 0.046413 0.789486 89
0 0.443212 0.261423 0.0179413 0.0680864 0.800006 88
0 0.483724 0.182322 0.0111164 0.0497954 0.689532 75
0 0.154242 0.124602 0.0092593 0.0484815 0.384406 64
0 0.454603 0.103831 0.00883404 0.0438081 0.663189 56
0 0.459774 0.0460569 0.00832519 0.0350238 0.43719 102
0 0.702185 0.100431 0.00942192 0.0464564 0.342046 109
