0 0.33554 0.378615 0.0247651 0.0615328 0.82671 1
0 0.492054 0.843131 0.0278094 0.115517 0.821095 4
0 0.557212 0.322607 0.0187244 0.0656152 0.814002 7
0 0.403652 0.25029 0.0172974 0.0539433 0.777102 10
0 0.420301 0.474478 0.0170295 0.0745937 0.719348 11
0 0.853045 0.223291 0.0142485 0.0559715 0.675232 8
0 0.154392 0.122697 0.0156006 0.0480445 0.514679 31
0 0.405453 0.473009 0.0179628 0.0779973 0.742383 3
0 0.655422 0.292492 0.0119609 0.0619301 0.679241 20
0 0.733153 0.279655 0.0140318 0.0590384 0.649084 34
0 0.948786 0.324988 0.0216752 0.0734078 0.71506 41
0 0.637297 0.31769 0.019582 0.0587695 0.751854 38
0 0.68453 0.195554 0.0133153 0.0520047 0.666328 6
0 0.231805 0.22911 0.0124871 0.0529419 0.786667 5
0 0.136019 0.124659 0.0189813 0.0767 0.265535 23
0 0.137056 0.135659 0.0171542 0.0581015 0.560573 39
0 0.647245 0.20593 0.0121613 0.0512458 0.751459 13
