0 0.500902 0.656574 0.0281359 0.097006 0.840866 4
0 0.120113 0.19858 0.0132292 0.0510444 0.751048 124
0 0.488899 0.187033 0.0102152 0.0521032 0.766703 88
0 0.158997 0.119349 0.0134929 0.0582558 0.645924 111
0 0.453692 0.0682982 0.00752309 0.0348067 0.373891 20
0 0.694291 0.0960087 0.0100586 0.0436782 0.780237 132
0 0.515525 0.058696 0.0105514 0.0448954 0.481321 109
0 0.61155 0.149542 0.013537 0.0521691 0.655177 3
0 0.558808 0.0783822 0.0115044 0.0414636 0.452504 126
0 0.538996 0.0901886 0.0114698 0.0395062 0.517973 22
0 0.430082 0.0660567 0.00842771 0.0409246 0.654702 136
0 0.170768 0.115829 0.013665 0.0510559 0.457729 127
0 0.179088 0.109561 0.0107452 0.0476137 0.343816 156
0 0.597042 0.0563653 0.0107009 0.0383487 0.450983 137
