0 0.449461 0.75085 0.0276429 0.107274 0.843946 4
0 0.283813 0.242038 0.0131265 0.0597519 0.761036 38
0 0.379383 0.296306 0.0133756 0.0637356 0.789676 88
0 0.00680086 0.313468 0.0136017 0.0611484 0.800444 93
0 0.257691 0.18704 0.0129682 0.0533393 0.740519 20
0 0.525296 0.18447 0.0111212 0.0521551 0.520145 70
0 0.370675 0.0998488 0.0118203 0.040825 0.497338 56
0 0.287925 0.14116 0.0102061 0.0466224 0.725158 72
0 0.434436 0.151167 0.00926151 0.0481968 0.682394 71
0 0.324207 0.101571 0.0128859 0.0438643 0.456049 89
0 0.519281 0.230926 0.0117603 0.0580152 0.742041 3
0 0.163448 0.11779 0.0152189 0.0550299 0.414035 64
0 0.568866 0.103106 0.00973422 0.0439694 0.728986 63
0 0.76198 0.125864 0.0119648 0.0448439 0.610616 22
0 0.595346 0.18369 0.0136045 0.0564636 0.785723 8
