0 0.468589 0.759265 0.0276709 0.107491 0.868651 4
0 0.444973 0.229694 0.016304 0.0568794 0.820205 11
0 0.586751 0.226756 0.0144528 0.0557004 0.768067 3
0 0.508758 0.145234 0.0139805 0.0514886 0.767644 8
0 0.612753 0.11763 0.00981846 0.0442399 0.783728 56
0 0.521472 0.0995217 0.00882785 0.0444466 0.621283 20
0 0.68462 0.19664 0.0150145 0.0552451 0.771938 38
0 0.463312 0.13264 0.0100864 0.0475549 0.774004 13
0 0.676432 0.0750505 0.0109976 0.0438395 0.342125 41
0 0.167668 0.0996681 0.0125622 0.061909 0.330535 64
0 0.410918 0.0739214 0.00977424 0.0393965 0.456411 1
0 0.725714 0.0998834 0.0102193 0.0416896 0.440977 63
0 0.43846 0.0740846 0.00813761 0.0391134 0.460434 55
