0 0.421734 0.635015 0.0308386 0.0968744 0.866414 4
0 0.432028 0.209681 0.01289 0.055227 0.815223 11
0 0.552407 0.18204 0.00994333 0.0522394 0.790201 38
0 0.0602261 0.240064 0.0191725 0.0580584 0.796994 65
0 0.506152 0.196432 0.0144155 0.0553227 0.800312 3
0 0.157861 0.117193 0.0139402 0.0481127 0.619124 64
0 0.553978 0.0703926 0.007654 0.0390068 0.634727 63
0 0.587169 0.0777063 0.00987625 0.0428919 0.748772 8
0 0.492905 0.0838351 0.0117784 0.0553452 0.695187 1
0 0.543293 0.0577153 0.0072979 0.0380956 0.636064 41
0 0.50665 0.0687786 0.00979624 0.0541821 0.752814 56
