0 0.488191 0.796148 0.032571 0.106183 0.862453 4
0 0.0567764 0.259208 0.0210211 0.0585741 0.807675 93
0 0.663818 0.257603 0.013501 0.0604214 0.817782 38
0 0.300835 0.117697 0.0123289 0.0407447 0.488301 110
0 0.524774 0.19431 0.0107262 0.0364076 0.328318 41
0 0.325729 0.206729 0.0125175 0.0548305 0.581892 20
0 0.800483 0.181734 0.01488 0.0533091 0.627451 71
0 0.479394 0.274052 0.0188528 0.0619207 0.837173 88
0 0.486258 0.169313 0.0100654 0.0542206 0.762772 75
0 0.156846 0.12245 0.011483 0.0473204 0.507357 64
0 0.434348 0.119414 0.00795431 0.0442324 0.667815 89
0 0.498843 0.263472 0.0136828 0.0618167 0.271711 3
0 0.690591 0.0851877 0.00968227 0.044461 0.623294 109
0 0.497252 0.0514067 0.00933193 0.0408162 0.543544 102
0 0.506107 0.14888 0.0112898 0.0542065 0.764523 8
0 0.630371 0.154212 0.00999031 0.0479819 0.800057 22
0 0.479649 0.107828 0.0100211 0.0430506 0.655357 56
0 0.183158 0.110492 0.013366 0.041079 0.310015 111
0 0.173658 0.11934 0.0146325 0.0470732 0.314539 115
