0 0.229363 0.344963 0.0226396 0.0646457 0.852898 1
0 0.433066 0.800593 0.0299081 0.119133 0.859116 4
0 0.478104 0.287707 0.0167665 0.0629048 0.80159 7
0 0.252289 0.227965 0.0149495 0.0481254 0.68941 10
0 0.335817 0.457825 0.0205266 0.0785394 0.837188 11
0 0.777963 0.204369 0.0137053 0.0512321 0.755434 8
0 0.154455 0.123652 0.0159342 0.0495974 0.427415 31
0 0.562149 0.252743 0.0170579 0.0546047 0.770115 20
0 0.643358 0.253427 0.016047 0.0543494 0.634701 34
0 0.852253 0.267559 0.0191835 0.0662032 0.807801 41
0 0.54302 0.313858 0.0165446 0.0643098 0.81729 38
0 0.608338 0.171088 0.0147526 0.0532493 0.797287 6
0 0.181992 0.194969 0.013752 0.0376378 0.597474 5
0 0.381418 0.441433 0.0193755 0.0816479 0.842698 3
0 0.54064 0.202042 0.0165127 0.0546406 0.772487 13
0 0.486591 0.0599745 0.00830628 0.0417089 0.308926 22
