0 0.454366 0.565846 0.0176859 0.0910755 0.810115 4
0 0.10779 0.211179 0.0181404 0.0506905 0.687391 124
0 0.441974 0.190313 0.0144466 0.0500035 0.615849 88
0 0.426227 0.0768566 0.0130603 0.0428846 0.324299 22
0 0.656962 0.113276 0.00936438 0.0453665 0.71257 3
0 0.581215 0.0724716 0.00855058 0.0385879 0.626616 150
0 0.334636 0.0477362 0.0128445 0.0394523 0.620561 109
0 0.685663 0.106398 0.00997651 0.0441672 0.704579 132
0 0.71095 0.0596161 0.011113 0.039246 0.609456 165
0 0.177731 0.106428 0.0171494 0.0624969 0.368081 127
0 0.488964 0.120522 0.00968612 0.0428153 0.487402 162
0 0.533213 0.0555489 0.008505 0.038924 0.444289 137
0 0.312789 0.0528801 0.011545 0.0386565 0.253146 154
0 0.521935 0.0583284 0.0112852 0.0379824 0.415845 153
0 0.168225 0.112373 0.01405 0.0503919 0.324064 111
