0 0.491714 0.793428 0.0275962 0.108252 0.854806 4
0 0.0793875 0.243284 0.0178484 0.0603572 0.769798 93
0 0.608506 0.28595 0.0178506 0.0625381 0.812962 38
0 0.443921 0.253773 0.0151783 0.0579314 0.601614 3
0 0.436479 0.266972 0.0136465 0.0612225 0.628076 88
0 0.149004 0.131734 0.0176215 0.0604849 0.464058 64
0 0.317016 0.119325 0.0108978 0.0427871 0.791812 110
0 0.606497 0.172078 0.0111828 0.0495467 0.744235 22
0 0.420441 0.133494 0.00747315 0.0463493 0.739813 89
0 0.524581 0.189807 0.0112579 0.0373973 0.38732 41
0 0.513686 0.112691 0.0113834 0.0443809 0.572327 56
0 0.679546 0.0970973 0.010534 0.0451336 0.798487 109
0 0.492139 0.129936 0.00988528 0.0481272 0.664846 8
0 0.408959 0.236845 0.0116984 0.054408 0.806144 20
0 0.498182 0.181327 0.0109745 0.053915 0.50924 75
0 0.656812 0.170824 0.0109411 0.0535172 0.725521 71
0 0.471077 0.0475897 0.00881685 0.0370234 0.367934 102
