0 0.480081 0.778099 0.0266395 0.104333 0.858254 4
0 0.0427282 0.271739 0.0200166 0.0569524 0.777952 93
0 0.721427 0.241849 0.0147772 0.061203 0.762978 38
0 0.322146 0.184359 0.0125452 0.053113 0.791296 20
0 0.821173 0.16377 0.0144601 0.0506366 0.812604 71
0 0.535694 0.270851 0.0120966 0.0609952 0.768721 88
0 0.159892 0.125419 0.0130755 0.0560333 0.610139 64
0 0.479983 0.122556 0.00879183 0.045083 0.671691 89
0 0.562461 0.26297 0.0165681 0.0607358 0.713315 3
0 0.185147 0.113357 0.0105956 0.0473998 0.329242 111
0 0.172073 0.12176 0.0123577 0.0484414 0.460694 115
0 0.672501 0.110972 0.0116568 0.0412946 0.551977 22
0 0.506454 0.160605 0.0106613 0.0523067 0.771853 8
0 0.521628 0.116907 0.0114374 0.0417977 0.610528 56
0 0.182149 0.113784 0.0134448 0.0466616 0.383412 123
0 0.304762 0.122049 0.00817556 0.0422117 0.790257 110
0 0.504285 0.0602625 0.00961723 0.0340812 0.552151 102
0 0.533614 0.170775 0.00986268 0.049382 0.624452 41
