0 0.531275 0.652794 0.0306903 0.0988116 0.866235 4
0 0.11615 0.206265 0.0149571 0.0510182 0.543933 124
0 0.460092 0.0830801 0.00957422 0.0412387 0.519581 89
0 0.497696 0.203963 0.0131696 0.0537795 0.798477 88
0 0.796131 0.143831 0.0122623 0.0508015 0.778439 132
0 0.493423 0.0772993 0.00891968 0.0411355 0.561094 56
0 0.580689 0.107098 0.0130153 0.0469321 0.750031 136
0 0.685678 0.100388 0.00932833 0.0463911 0.607945 3
0 0.422528 0.0762083 0.0107026 0.0420464 0.546361 109
0 0.44119 0.0696305 0.00933266 0.0391919 0.602496 126
0 0.165365 0.119894 0.01802 0.0584616 0.281055 127
0 0.396988 0.0766382 0.00845658 0.0398556 0.464328 20
0 0.477562 0.0785308 0.00965192 0.0446322 0.545751 137
