0 0.41701 0.542709 0.0238324 0.0866069 0.871522 4
0 0.0957924 0.214263 0.0178658 0.0561132 0.744318 124
0 0.346336 0.197131 0.0113244 0.0543234 0.7091 88
0 0.179378 0.112805 0.0112841 0.0505518 0.35067 127
0 0.170146 0.113872 0.0121053 0.0487295 0.311668 111
0 0.42619 0.130807 0.010214 0.0462557 0.286033 162
0 0.482919 0.0727933 0.00887976 0.0408159 0.596195 137
0 0.614211 0.135923 0.0116807 0.0654695 0.770619 132
0 0.495765 0.0356802 0.00906995 0.0464764 0.400155 170
0 0.504498 0.0963432 0.0093317 0.0428689 0.659273 150
0 0.640952 0.0761527 0.00927722 0.0408603 0.708225 165
