0 0.472684 0.783812 0.023219 0.110165 0.858537 4
0 0.103323 0.233446 0.0167146 0.0624247 0.783905 93
0 0.392441 0.210809 0.0144 0.0501415 0.785257 20
0 0.594194 0.274188 0.0122331 0.0603962 0.826125 38
0 0.442162 0.255312 0.0155612 0.0574274 0.600808 3
0 0.434985 0.266703 0.0143051 0.0621426 0.665177 88
0 0.143101 0.132581 0.0126696 0.0650689 0.496213 64
0 0.32503 0.119426 0.0108174 0.0467336 0.484311 110
0 0.497589 0.114432 0.00950384 0.0438907 0.502459 8
0 0.5064 0.178065 0.014212 0.0544146 0.528085 75
0 0.509527 0.113902 0.0100003 0.0435809 0.590165 56
0 0.172545 0.117131 0.0141456 0.0548228 0.409122 111
0 0.161506 0.118285 0.010824 0.0484076 0.395059 115
0 0.629981 0.145777 0.00922381 0.0444195 0.692783 71
0 0.556957 0.160795 0.00999851 0.0497879 0.744691 22
0 0.633944 0.0965325 0.00841847 0.0424054 0.443772 109
0 0.403292 0.129826 0.00825017 0.045728 0.668059 89
0 0.508605 0.178544 0.00990744 0.0488003 0.404668 41
