0 0.406921 0.767277 0.0334565 0.106443 0.863566 4
0 0.705813 0.267284 0.0145804 0.0606521 0.809385 38
0 0.381351 0.282944 0.014041 0.0635978 0.771799 3
0 0.285184 0.423902 0.0173505 0.0752292 0.793617 11
0 0.439479 0.213466 0.0132637 0.0559529 0.655239 8
0 0.11203 0.220711 0.0144592 0.0507243 0.743529 1
0 0.492526 0.0561868 0.0093936 0.0380531 0.378321 22
0 0.245843 0.23943 0.0148972 0.0572906 0.770393 20
0 0.400425 0.175519 0.012824 0.0454027 0.68342 56
0 0.229241 0.239493 0.0119419 0.062524 0.736625 13
0 0.43561 0.173382 0.00937513 0.0385069 0.450418 7
0 0.121511 0.164652 0.0156728 0.0506516 0.587111 39
0 0.540849 0.14791 0.011042 0.0415339 0.785057 41
0 0.279182 0.162774 0.0114607 0.0474515 0.615911 55
0 0.378129 0.143115 0.0120788 0.0419548 0.600097 6
0 0.141976 0.133978 0.0109537 0.0523023 0.574973 31
0 0.270582 0.157142 0.0103164 0.0426889 0.512632 5
