0 0.497891 0.697087 0.0248761 0.0979121 0.826086 4
0 0.78646 0.186273 0.0112281 0.0546197 0.686939 38
0 0.63412 0.229405 0.0137438 0.0584611 0.786502 3
0 0.504623 0.238506 0.0147346 0.0590179 0.791019 11
0 0.564373 0.156004 0.0134533 0.0525235 0.661147 8
0 0.565457 0.107382 0.00966752 0.0487725 0.423979 20
0 0.591771 0.14832 0.0139636 0.0477291 0.652311 13
0 0.725857 0.0800738 0.0142763 0.0440271 0.491256 41
0 0.45618 0.0642149 0.007232 0.0293647 0.460028 5
0 0.513753 0.0658785 0.00945298 0.0435152 0.539373 6
0 0.679188 0.117981 0.0104818 0.0474009 0.670871 56
0 0.390119 0.0648153 0.00899509 0.0307223 0.534924 1
