0 0.530058 0.655373 0.0305978 0.0987645 0.867031 4
0 0.519184 0.209171 0.0104571 0.0547642 0.760709 88
0 0.102602 0.214088 0.0212409 0.0521427 0.785375 124
0 0.765741 0.135545 0.0152435 0.0497914 0.765679 8
0 0.786988 0.14 0.0155866 0.0368626 0.53217 132
0 0.692738 0.107718 0.00983016 0.0454797 0.675209 3
0 0.463236 0.0857421 0.00727762 0.0406493 0.458531 89
0 0.389307 0.0799916 0.00682834 0.0383067 0.576388 20
0 0.484496 0.132342 0.00983591 0.0475898 0.790187 41
0 0.187302 0.105708 0.011376 0.0498143 0.257497 111
0 0.617069 0.102695 0.0120801 0.0437772 0.636482 131
0 0.581904 0.0911033 0.00878595 0.0412789 0.662337 22
0 0.416585 0.0760856 0.00939802 0.0410233 0.518558 109
0 0.532342 0.103152 0.0132156 0.0396731 0.423336 126
0 0.470787 0.0861289 0.00750577 0.0390609 0.342792 110
