0 0.480127 0.775947 0.0264201 0.11088 0.871312 4
0 0.0399837 0.276091 0.018049 0.0602363 0.779288 93
0 0.729859 0.218902 0.0133212 0.0599795 0.772866 38
0 0.329096 0.176231 0.0127654 0.0507978 0.757883 20
0 0.827801 0.152723 0.0128375 0.0503223 0.715406 71
0 0.545868 0.267263 0.0178869 0.0606047 0.822213 88
0 0.160139 0.124886 0.0132268 0.0588327 0.572126 64
0 0.495381 0.117983 0.00796795 0.0440064 0.731473 89
0 0.582093 0.261639 0.0156954 0.0622972 0.809047 3
0 0.184727 0.112997 0.0102107 0.0497642 0.278132 111
0 0.174232 0.11998 0.0138638 0.0573515 0.263353 115
0 0.506737 0.157081 0.0104855 0.0535799 0.766302 8
0 0.554493 0.112907 0.0107389 0.0448177 0.6428 56
0 0.31716 0.122266 0.00998929 0.0409017 0.74805 110
0 0.559006 0.171222 0.0134022 0.053339 0.789631 41
0 0.634096 0.0833015 0.0109394 0.0374942 0.34973 109
0 0.525598 0.176235 0.0128271 0.052281 0.4755 126
0 0.180274 0.11135 0.0122442 0.0523215 0.278756 123
0 0.653623 0.0970619 0.0127993 0.031352 0.279548 22
0 0.515942 0.0537361 0.00968488 0.043149 0.489941 102
0 0.0095049 0.282699 0.0189642 0.0574334 0.814452 124
