0 0.458949 0.567204 0.0200442 0.0907589 0.824638 4
0 0.108361 0.210167 0.0177466 0.0524443 0.632298 124
0 0.445211 0.189484 0.014496 0.0510671 0.800188 88
0 0.430474 0.0807348 0.0125704 0.0373123 0.587734 22
0 0.658645 0.11301 0.00987581 0.0441074 0.676696 3
0 0.584243 0.0710861 0.00928758 0.0397565 0.5015 150
0 0.341124 0.0490316 0.0118656 0.0365273 0.341477 109
0 0.688813 0.104171 0.00872218 0.0422843 0.658584 132
0 0.713973 0.0576381 0.0103621 0.0391024 0.427459 165
0 0.177321 0.10972 0.0181488 0.0550704 0.305039 127
0 0.493081 0.119943 0.0127198 0.0427007 0.462406 162
0 0.533161 0.05526 0.00875645 0.0401495 0.363256 137
0 0.317565 0.0541643 0.00917365 0.0407436 0.332697 154
