0 0.488814 0.794739 0.0354025 0.108502 0.872244 4
0 0.0730314 0.246681 0.0206223 0.0573149 0.800131 93
0 0.604416 0.289493 0.0162661 0.0637462 0.804162 38
0 0.443971 0.254133 0.0147848 0.0582718 0.631218 3
0 0.436903 0.269032 0.0164724 0.0582037 0.68481 88
0 0.152613 0.131199 0.0105487 0.0562536 0.289626 64
0 0.317574 0.119749 0.0105813 0.043163 0.779733 110
0 0.614127 0.169531 0.0133194 0.0502771 0.797691 22
0 0.423003 0.133337 0.00985616 0.0468254 0.273428 89
0 0.525273 0.18845 0.0107368 0.0397155 0.464554 41
0 0.689487 0.0987601 0.00990162 0.0465709 0.575513 109
0 0.49102 0.13352 0.010543 0.0485503 0.728446 8
0 0.411948 0.244351 0.0126032 0.0577598 0.724019 20
0 0.66714 0.175045 0.0108969 0.053199 0.678999 71
0 0.468279 0.049099 0.00815849 0.0378917 0.476007 102
