0 0.316192 0.371489 0.0242159 0.0669274 0.829416 1
0 0.482189 0.842875 0.0319561 0.117066 0.750435 4
0 0.54262 0.317488 0.0203894 0.0682178 0.826775 7
0 0.375756 0.248036 0.0173777 0.0539988 0.703307 10
0 0.407693 0.477889 0.0158408 0.0705918 0.661123 11
0 0.841129 0.219235 0.0143921 0.0555167 0.704302 8
0 0.15442 0.121134 0.0161881 0.0529941 0.517697 31
0 0.397736 0.468103 0.0135733 0.0756274 0.577109 3
0 0.641669 0.283797 0.0159965 0.0594074 0.727734 20
0 0.715631 0.27752 0.0176625 0.0601911 0.655298 34
0 0.93034 0.313104 0.0191549 0.0687025 0.788235 41
0 0.619446 0.315995 0.0201469 0.0626105 0.834217 38
0 0.675103 0.190615 0.0156238 0.0509517 0.552674 6
0 0.225332 0.219294 0.0142828 0.0483106 0.446138 5
0 0.627286 0.202625 0.0153929 0.0506237 0.522803 13
0 0.135988 0.12826 0.0189282 0.0708564 0.570105 23
