0 0.464841 0.777828 0.0313155 0.117067 0.867678 4
0 0.103258 0.233001 0.0169408 0.0618132 0.787497 93
0 0.386008 0.208449 0.0108664 0.0518071 0.703551 20
0 0.591425 0.272827 0.0122134 0.0624589 0.802804 38
0 0.442599 0.254938 0.0151522 0.0577069 0.633844 3
0 0.43449 0.266124 0.0148465 0.0629908 0.704726 88
0 0.143058 0.132378 0.0138797 0.0656677 0.535848 64
0 0.328761 0.119598 0.0106433 0.0432061 0.684402 110
0 0.494286 0.113834 0.0131368 0.0439192 0.672075 8
0 0.501237 0.175455 0.0127648 0.0599689 0.730155 75
0 0.505892 0.113544 0.0109056 0.04445 0.618406 56
0 0.172399 0.116529 0.013551 0.0569978 0.634224 111
0 0.181897 0.1093 0.0128639 0.0470082 0.44444 115
0 0.628028 0.140726 0.00946109 0.0464024 0.680231 71
0 0.553941 0.157812 0.00873426 0.0503534 0.76931 22
0 0.629318 0.0990269 0.00960363 0.0468665 0.497331 109
