0 0.471777 0.744406 0.0299512 0.106395 0.868689 4
0 0.459111 0.225526 0.0139641 0.0558272 0.803265 11
0 0.599613 0.226784 0.0156207 0.0590381 0.81115 3
0 0.520373 0.148264 0.0102362 0.051789 0.777154 8
0 0.625948 0.11925 0.0115454 0.0462578 0.682025 56
0 0.532927 0.10138 0.00893002 0.0449574 0.742544 20
0 0.713332 0.193076 0.0159793 0.0544114 0.762638 38
0 0.447356 0.071864 0.01366 0.0361083 0.53559 22
0 0.497961 0.137855 0.0139961 0.0489433 0.710286 13
0 0.687804 0.0764425 0.0112172 0.0416857 0.738787 41
0 0.167612 0.0993543 0.0120073 0.0588499 0.382506 64
0 0.472476 0.0609531 0.0132557 0.0396739 0.532963 5
