0 0.499836 0.657945 0.0267355 0.0971053 0.847652 4
0 0.126184 0.192242 0.0158174 0.0527022 0.78618 124
0 0.487559 0.189467 0.0105818 0.0519933 0.794542 88
0 0.157846 0.11866 0.0121356 0.0565354 0.568857 111
0 0.604721 0.141333 0.0101896 0.0471031 0.800349 3
0 0.528166 0.0765776 0.0109023 0.0413676 0.427907 126
0 0.513994 0.0841088 0.0106893 0.0454502 0.542127 22
0 0.71866 0.104051 0.00955664 0.0420572 0.782352 132
0 0.491986 0.0609484 0.00917301 0.0387373 0.597352 150
0 0.174466 0.113565 0.0148536 0.0558244 0.49141 127
0 0.569266 0.0574723 0.0113291 0.0385419 0.634807 137
0 0.436867 0.0701905 0.0110536 0.0419546 0.645476 20
0 0.477888 0.0599294 0.00874592 0.0365113 0.486455 154
0 0.517169 0.057101 0.0090052 0.0347633 0.312048 109
0 0.556064 0.0418049 0.00775172 0.0336653 0.306088 153
