0 0.530666 0.652949 0.0306619 0.0992003 0.869277 4
0 0.115874 0.207018 0.0161785 0.0524358 0.572665 124
0 0.458248 0.0849477 0.0103369 0.0427149 0.600275 89
0 0.501148 0.205404 0.0118965 0.0553618 0.575059 88
0 0.795899 0.144083 0.0122761 0.05094 0.752482 132
0 0.492441 0.0782443 0.00849861 0.0388678 0.534151 56
0 0.561234 0.106972 0.0131245 0.0471329 0.750024 136
0 0.685656 0.101263 0.00975304 0.0450756 0.592633 3
0 0.418634 0.0775237 0.0089536 0.039739 0.397996 109
0 0.443495 0.0704327 0.00810496 0.0410551 0.461747 126
0 0.165487 0.120858 0.0160576 0.0571765 0.271611 127
0 0.397351 0.0761505 0.00936082 0.0399358 0.503924 20
0 0.478983 0.0747562 0.00895726 0.0356408 0.421966 137
0 0.180824 0.112524 0.0146656 0.0486643 0.25757 111
0 0.476634 0.0794741 0.00945778 0.0438117 0.477874 22
