0 0.190578 0.337979 0.0232242 0.0609795 0.797534 1
0 0.421469 0.774701 0.0265932 0.113606 0.834969 4
0 0.447484 0.274613 0.0160497 0.0620112 0.803193 7
0 0.188467 0.21506 0.0237258 0.0712579 0.813485 10
0 0.309175 0.43766 0.0189057 0.0729216 0.834868 11
0 0.154585 0.123109 0.0163334 0.0475384 0.309125 31
0 0.51412 0.243649 0.0150049 0.0562975 0.683641 20
0 0.613686 0.246738 0.0171563 0.0573894 0.668183 34
0 0.821548 0.249243 0.0179917 0.0643693 0.786789 41
0 0.509144 0.312981 0.0145579 0.0630019 0.771887 38
0 0.572862 0.168739 0.0118145 0.0506872 0.735184 6
0 0.38061 0.423315 0.0176133 0.078108 0.818424 3
0 0.500647 0.202372 0.0129802 0.0547691 0.375828 13
0 0.484643 0.0630949 0.00760991 0.0370535 0.44632 22
0 0.746478 0.206687 0.0150234 0.0528446 0.730692 8
