0 0.499315 0.691784 0.0248475 0.0993804 0.834386 4
0 0.684392 0.206757 0.0169482 0.0523964 0.78289 38
0 0.552214 0.260538 0.0166082 0.0603279 0.790124 3
0 0.441973 0.302386 0.0111381 0.0621112 0.757646 11
0 0.643009 0.108784 0.0130724 0.042149 0.632743 56
0 0.464582 0.189732 0.0153077 0.0580363 0.740509 13
0 0.708736 0.140098 0.0135997 0.0436616 0.573062 41
0 0.524629 0.0953651 0.00962566 0.0494915 0.42991 6
0 0.523315 0.179933 0.0110639 0.0575978 0.515423 8
0 0.512177 0.0385233 0.00798403 0.0380696 0.320699 22
0 0.416484 0.11024 0.00807241 0.0411793 0.735378 5
0 0.464345 0.106729 0.0091932 0.0434765 0.642446 55
0 0.253289 0.117358 0.010443 0.0457365 0.671404 1
