0 0.480929 0.777312 0.0294528 0.106736 0.866327 4
0 0.048575 0.282593 0.0167953 0.0578971 0.755291 93
0 0.737269 0.189511 0.0138988 0.0524309 0.759351 38
0 0.345949 0.157806 0.0084638 0.0501392 0.588586 20
0 0.821904 0.14074 0.0106504 0.0496591 0.686602 71
0 0.535374 0.269176 0.0143273 0.0578653 0.792142 88
0 0.161121 0.127759 0.0132876 0.056215 0.59609 64
0 0.601442 0.258899 0.0125557 0.0615948 0.682014 3
0 0.173753 0.123769 0.0138341 0.0536963 0.481039 115
0 0.565582 0.123414 0.0122164 0.0381526 0.470101 56
0 0.539782 0.161341 0.0107602 0.0498592 0.72366 41
0 0.508164 0.156865 0.0106274 0.0488438 0.734596 126
0 0.184563 0.111859 0.0102678 0.0507557 0.448208 111
0 0.493221 0.155376 0.0125312 0.0508358 0.702854 8
0 0.590121 0.0954091 0.011471 0.0358846 0.590147 22
0 0.443463 0.110987 0.00873003 0.0408209 0.601401 89
0 0.575512 0.0988523 0.00979398 0.029127 0.402851 109
0 0.350808 0.11062 0.0117968 0.0403774 0.346938 110
