0 0.466354 0.780304 0.0284589 0.109748 0.860634 4
0 0.323564 0.252672 0.0170189 0.0586261 0.789004 38
0 0.793006 0.133244 0.008826 0.0477836 0.745287 22
0 0.417142 0.308893 0.0143639 0.0625358 0.794229 88
0 0.557289 0.246232 0.0164296 0.0589361 0.771796 3
0 0.00745374 0.312859 0.0149075 0.0644896 0.810148 93
0 0.23736 0.17697 0.0136713 0.0512555 0.666854 20
0 0.614292 0.108131 0.00967007 0.0439827 0.66313 63
0 0.535622 0.209337 0.00916573 0.0553051 0.699638 70
0 0.577451 0.13965 0.00875975 0.0483874 0.318119 41
0 0.452848 0.129578 0.0105811 0.0449662 0.281126 56
0 0.316379 0.150194 0.0149257 0.0408049 0.726411 72
0 0.614364 0.182989 0.00945333 0.0568452 0.739674 8
0 0.49448 0.175439 0.0152366 0.0508754 0.735925 71
0 0.512116 0.0458885 0.0101797 0.0405697 0.336841 75
0 0.423668 0.133166 0.0137807 0.0435849 0.558623 89
