0 0.530816 0.654209 0.0307573 0.0976084 0.865111 4
0 0.117034 0.207258 0.0152476 0.0531395 0.658883 124
0 0.718428 0.11301 0.0123702 0.0461793 0.722913 8
0 0.692705 0.106405 0.00928599 0.0447985 0.661622 3
0 0.463275 0.0877954 0.0115031 0.047294 0.587546 89
0 0.416789 0.0738798 0.00830027 0.0383927 0.604825 109
0 0.481256 0.194946 0.00996453 0.0525566 0.804052 88
0 0.525231 0.0826516 0.00989119 0.0418269 0.436362 22
0 0.503901 0.0849791 0.00847114 0.0413803 0.680245 131
0 0.489608 0.0770349 0.00930052 0.0428368 0.575179 56
0 0.437946 0.103281 0.00896263 0.043539 0.716274 41
0 0.159675 0.119828 0.0130913 0.0509606 0.553582 111
0 0.79906 0.148961 0.0122068 0.0505973 0.595729 132
0 0.529136 0.0406679 0.00729977 0.0348207 0.300031 102
