0 0.444654 0.732575 0.025726 0.105942 0.865495 4
0 0.274167 0.236837 0.01333 0.0554609 0.541085 38
0 0.371336 0.285058 0.0131247 0.0648233 0.761492 88
0 0.010283 0.307034 0.0205659 0.0648812 0.845398 93
0 0.266167 0.183615 0.0130144 0.053197 0.563331 20
0 0.511366 0.174827 0.0114153 0.0517283 0.679818 70
0 0.338256 0.0880465 0.0103851 0.0405931 0.71644 56
0 0.416757 0.137858 0.0105104 0.047416 0.70649 71
0 0.506584 0.225529 0.013869 0.0578237 0.74339 3
0 0.163696 0.118531 0.0125697 0.0549711 0.388526 64
0 0.57907 0.17453 0.0119982 0.0536278 0.76766 8
0 0.541325 0.125946 0.00805333 0.0441328 0.720413 41
0 0.495116 0.0435666 0.00759519 0.034606 0.357324 75
0 0.740378 0.119347 0.00799681 0.0444455 0.701172 22
0 0.28897 0.0896493 0.00858936 0.0412073 0.549908 89
