0 0.530185 0.652997 0.0306229 0.0995717 0.864689 4
0 0.115946 0.205079 0.0158876 0.0539804 0.579332 124
0 0.513286 0.19858 0.0102138 0.0528351 0.784791 88
0 0.788188 0.142016 0.0148129 0.0501998 0.717443 132
0 0.421573 0.0967165 0.0103123 0.0453675 0.444588 136
0 0.519543 0.0717979 0.0102771 0.0388446 0.324334 22
0 0.468477 0.0683701 0.00994298 0.0398072 0.519636 89
0 0.688026 0.100994 0.00926844 0.0447187 0.502317 3
0 0.452414 0.0802343 0.0110958 0.0509495 0.373941 20
0 0.514475 0.07532 0.0133946 0.0446157 0.35682 56
0 0.16507 0.120814 0.0163106 0.0560486 0.323403 127
0 0.178972 0.112866 0.0146003 0.0467327 0.319447 111
