0 0.492375 0.705181 0.0274145 0.0999422 0.843757 4
0 0.771135 0.187876 0.0125201 0.0543083 0.781619 38
0 0.627726 0.227763 0.0113991 0.0584604 0.645941 3
0 0.553191 0.153178 0.0113888 0.0517849 0.719532 8
0 0.5592 0.102973 0.00804068 0.0429082 0.552553 20
0 0.571643 0.14384 0.0130816 0.0490466 0.644309 13
0 0.462607 0.0593822 0.0111358 0.0375205 0.374086 5
0 0.506754 0.0615736 0.00861438 0.0398553 0.575774 6
0 0.664471 0.118507 0.0101492 0.0463907 0.615955 56
0 0.391962 0.0660973 0.00910549 0.0314121 0.52283 1
0 0.716569 0.0784771 0.0125237 0.0437681 0.668265 41
0 0.492287 0.234252 0.0173005 0.0580597 0.826421 11
