0 0.443155 0.696887 0.0333029 0.0972554 0.868561 4
0 0.0478699 0.272382 0.0197067 0.0614743 0.808481 93
0 0.344515 0.13425 0.013203 0.0450794 0.770926 20
0 0.526457 0.113488 0.011315 0.0483829 0.37028 8
0 0.375961 0.0871916 0.00945511 0.042307 0.531246 56
0 0.438351 0.213669 0.0105489 0.0539246 0.789164 38
0 0.33199 0.0930526 0.00831725 0.0405259 0.658693 89
0 0.542377 0.0832626 0.00774199 0.0407531 0.571477 71
0 0.507261 0.0658324 0.00840629 0.0380169 0.571022 109
0 0.154802 0.127557 0.00896122 0.0475113 0.3684 111
0 0.468875 0.096434 0.00777156 0.0420031 0.494898 22
0 0.533971 0.191315 0.00962887 0.0516966 0.70914 3
0 0.441681 0.0836224 0.00883029 0.0392664 0.448399 110
0 0.52074 0.218749 0.0138115 0.0554646 0.751023 88
0 0.596006 0.114876 0.011345 0.0471264 0.797309 75
0 0.419712 0.120179 0.0110293 0.0447862 0.699442 41
