0 0.419465 0.638131 0.0308974 0.0968824 0.872754 4
0 0.441331 0.198984 0.0102167 0.0535855 0.821124 11
0 0.0757375 0.217879 0.0170163 0.0533457 0.697766 65
0 0.514501 0.188331 0.014084 0.0678786 0.464918 3
0 0.519899 0.0731874 0.0111298 0.0377679 0.542998 56
0 0.162612 0.113325 0.0127067 0.0574425 0.577257 64
0 0.529309 0.0488661 0.00866432 0.0441931 0.364749 41
0 0.456171 0.0503013 0.00794249 0.0322887 0.606932 20
0 0.505332 0.0755616 0.0115747 0.0432434 0.372533 22
0 0.634124 0.0515707 0.00791785 0.0438548 0.389339 8
0 0.51792 0.201529 0.0111842 0.0515107 0.473649 38
0 0.515748 0.187643 0.013909 0.0619226 0.265955 5
0 0.507589 0.0722622 0.00923529 0.0414862 0.5325 63
