0 0.499746 0.510105 0.0179838 0.0788361 0.806696 1
0 0.766321 0.554918 0.0240911 0.0849356 0.764639 2
0 0.497649 0.883034 0.0319371 0.11612 0.818904 4
0 0.741944 0.438708 0.0200676 0.0797773 0.794977 6
0 0.606156 0.372046 0.0120231 0.0763346 0.777538 7
0 0.71778 0.257055 0.0157862 0.0591664 0.773308 8
0 0.855299 0.416134 0.0245605 0.0766191 0.826039 12
0 0.97066 0.320503 0.0213584 0.0642797 0.425491 14
0 0.805803 0.431605 0.0259306 0.0765437 0.837599 20
0 0.643995 0.212561 0.0117961 0.0566979 0.728776 13
0 0.630265 0.261896 0.0153292 0.0610353 0.744747 10
0 0.555596 0.571479 0.0279165 0.0728743 0.763934 11
0 0.54696 0.54145 0.025946 0.0646809 0.670081 3
0 0.375931 0.238406 0.0126005 0.0528683 0.632382 5
