0 0.47691 0.829019 0.0311179 0.109349 0.848536 4
0 0.283836 0.354989 0.0155272 0.0709123 0.788125 38
0 0.261227 0.193624 0.013359 0.0534264 0.748764 20
0 0.55551 0.186891 0.00937818 0.0546998 0.776932 8
0 0.751729 0.224785 0.0148623 0.0576001 0.68649 22
0 0.552971 0.358835 0.014108 0.0696675 0.745109 88
0 0.614925 0.119052 0.0103226 0.0435373 0.716252 63
0 0.571266 0.307925 0.0208085 0.0623703 0.839535 3
0 0.716739 0.205792 0.0157115 0.0498836 0.789735 41
0 0.405617 0.22419 0.0126737 0.0556372 0.80464 70
0 0.161616 0.115014 0.0137973 0.0459521 0.445295 64
0 0.519389 0.0454926 0.00890032 0.0364495 0.455537 75
0 0.39219 0.125112 0.00841513 0.0414911 0.736532 72
0 0.01775 0.295814 0.0260712 0.0659768 0.812437 93
0 0.52868 0.114872 0.0116037 0.0446848 0.74598 56
0 0.510132 0.127033 0.0101731 0.0447509 0.772521 89
0 0.503209 0.181162 0.0100618 0.0449302 0.650553 71
0 0.159208 0.115083 0.0159354 0.0484602 0.324517 94
