0 0.460065 0.767803 0.0315959 0.111651 0.841506 4
0 0.103056 0.232947 0.0167626 0.0611201 0.78194 93
0 0.383244 0.207182 0.0130267 0.0528493 0.73976 20
0 0.589634 0.271345 0.0124819 0.0615576 0.788221 38
0 0.442396 0.254622 0.0151661 0.0577125 0.638521 3
0 0.434045 0.266089 0.0155065 0.0632249 0.717345 88
0 0.143446 0.132675 0.0139214 0.0655086 0.530405 64
0 0.329493 0.118409 0.00795457 0.0421584 0.710704 110
0 0.626215 0.109718 0.0118755 0.0709989 0.274565 109
0 0.492755 0.1131 0.0126454 0.0459995 0.628122 8
0 0.498036 0.174602 0.0133329 0.0603066 0.265621 75
0 0.50339 0.111668 0.0106292 0.0456222 0.636641 56
0 0.172002 0.116808 0.0132723 0.0582156 0.585728 111
0 0.182046 0.108043 0.0126918 0.0498278 0.347898 115
0 0.626732 0.139944 0.0107489 0.0479295 0.536289 71
