0 0.445961 0.695789 0.0315294 0.0994266 0.865971 4
0 0.0726419 0.251812 0.0186179 0.0605885 0.811999 93
0 0.31394 0.172755 0.0120856 0.0478925 0.684078 20
0 0.552906 0.263817 0.0175781 0.0622657 0.822749 38
0 0.496163 0.0523255 0.00746355 0.0360155 0.486192 102
0 0.372772 0.113746 0.00953035 0.044257 0.435442 89
0 0.468543 0.232312 0.0117359 0.0600253 0.72839 3
0 0.478953 0.256067 0.0109858 0.0577131 0.741806 88
0 0.482482 0.127849 0.00887238 0.0433 0.737152 22
0 0.572085 0.108223 0.00993481 0.0441428 0.472244 71
0 0.438286 0.150341 0.011273 0.0482141 0.664047 41
0 0.38839 0.0957736 0.00823046 0.0375303 0.470179 110
0 0.542151 0.133586 0.00800425 0.0465422 0.752937 75
0 0.470448 0.107521 0.00869681 0.0476894 0.720274 8
0 0.553487 0.0855287 0.009408 0.0414053 0.54823 109
0 0.165695 0.123263 0.0115346 0.0504912 0.297729 64
0 0.183832 0.108082 0.0131564 0.0480426 0.27817 111
