0 0.299492 0.562938 0.0344306 0.0880573 0.878621 4
0 0.0890569 0.225148 0.0185747 0.0573149 0.741902 124
0 0.356392 0.232259 0.0166753 0.0530659 0.733402 88
0 0.338668 0.147193 0.0147298 0.045214 0.600218 162
0 0.528746 0.171771 0.0119167 0.0517482 0.749953 3
0 0.429905 0.0914698 0.0096391 0.0365905 0.509245 150
0 0.359237 0.0738982 0.00984755 0.0386207 0.425263 22
0 0.59376 0.180628 0.013725 0.0476551 0.778693 132
0 0.283599 0.060249 0.0091588 0.037742 0.512441 109
0 0.380606 0.0815336 0.00892048 0.0409122 0.642787 20
0 0.36111 0.113304 0.0106196 0.0417907 0.485344 137
0 0.587446 0.107828 0.00915413 0.0359837 0.699977 165
