0 0.432265 0.707046 0.0266081 0.102845 0.881953 4
0 0.626275 0.207335 0.0127684 0.0535107 0.579112 88
0 0.0423467 0.273466 0.0191732 0.0588036 0.783631 93
0 0.594463 0.17621 0.0121711 0.0518151 0.741181 3
0 0.342242 0.158279 0.0119733 0.0490805 0.806171 20
0 0.528485 0.108077 0.00991093 0.0450312 0.646432 8
0 0.391135 0.0814233 0.00713212 0.0357633 0.691619 89
0 0.588642 0.0859211 0.0103174 0.049072 0.626407 71
0 0.16618 0.119038 0.0119199 0.049252 0.398793 64
0 0.616633 0.085094 0.0102622 0.0529467 0.615442 75
0 0.454773 0.0735993 0.0139223 0.0315124 0.509417 56
0 0.453882 0.208694 0.0116439 0.0547654 0.77306 38
0 0.571368 0.066317 0.00879491 0.0420558 0.403302 22
0 0.534566 0.074395 0.00857477 0.0381481 0.3694 41
