0 0.485935 0.781667 0.0244775 0.114841 0.851247 4
0 0.051644 0.266862 0.0185262 0.059294 0.74791 93
0 0.691316 0.252281 0.0156195 0.0583594 0.823461 38
0 0.317382 0.196849 0.0116789 0.0545501 0.755274 20
0 0.811964 0.176121 0.0134223 0.0536856 0.673716 71
0 0.508931 0.272552 0.0162862 0.0595198 0.78915 88
0 0.157685 0.124969 0.012226 0.0545222 0.377025 64
0 0.444818 0.121545 0.00745417 0.0446161 0.684446 89
0 0.532778 0.263991 0.017537 0.0602036 0.799636 3
0 0.676457 0.0789891 0.00889193 0.0461547 0.259739 109
0 0.494033 0.0602737 0.00977726 0.0359925 0.449182 102
0 0.508279 0.160506 0.0124323 0.0605095 0.546994 8
0 0.645261 0.141799 0.0128499 0.0439478 0.791635 22
0 0.495356 0.113868 0.00773465 0.0459354 0.552364 56
0 0.296051 0.11986 0.00978346 0.0413813 0.690601 110
0 0.524587 0.193271 0.0102357 0.0368499 0.276381 41
0 0.18536 0.112253 0.00899595 0.0457913 0.326882 111
