0 0.519425 0.483689 0.016725 0.078057 0.794072 1
0 0.729241 0.551705 0.0263673 0.0854548 0.727563 2
0 0.567315 0.512892 0.0229229 0.0689196 0.747049 3
0 0.496548 0.883267 0.03358 0.11772 0.837473 4
0 0.368871 0.218862 0.0105085 0.0490853 0.782385 5
0 0.711618 0.403423 0.0208417 0.0714609 0.785407 6
0 0.604629 0.374001 0.0145686 0.0774321 0.776434 7
0 0.654978 0.2585 0.0149766 0.0580717 0.773512 8
0 0.564583 0.567901 0.018976 0.0751406 0.681012 11
0 0.792772 0.36928 0.0176905 0.0749983 0.780842 12
0 0.871393 0.258579 0.0231963 0.0645983 0.791986 14
0 0.723928 0.369869 0.01431 0.0702549 0.729782 20
0 0.608628 0.192732 0.0103793 0.0528852 0.734144 13
0 0.347004 0.0385868 0.0103379 0.0482532 0.358333 18
