0 0.444341 0.696168 0.027731 0.0988072 0.863906 4
0 0.0807607 0.238875 0.0168178 0.0587181 0.782585 93
0 0.337253 0.189588 0.0105091 0.0502442 0.740348 20
0 0.572972 0.260583 0.0134186 0.0619421 0.795284 38
0 0.494938 0.050634 0.00727812 0.0377275 0.476985 102
0 0.467795 0.111782 0.0105438 0.0468381 0.667385 8
0 0.586151 0.0906987 0.00817884 0.0430823 0.680465 109
0 0.148266 0.124087 0.016008 0.0555326 0.487878 64
0 0.462409 0.166648 0.0109145 0.0504542 0.769951 41
0 0.389832 0.121671 0.00673539 0.0420573 0.739045 89
0 0.513059 0.144934 0.012322 0.053606 0.615368 75
0 0.443386 0.256394 0.0157838 0.0768058 0.795121 3
0 0.486234 0.0982901 0.00847762 0.0433415 0.427303 56
0 0.355022 0.104713 0.00792789 0.0395009 0.693997 110
0 0.606267 0.119417 0.0108107 0.044684 0.6759 71
0 0.163526 0.118356 0.0158955 0.058313 0.350003 111
