0 0.494108 0.703776 0.0255963 0.101765 0.867956 4
0 0.778768 0.187443 0.0123789 0.0535025 0.681879 38
0 0.630428 0.228225 0.0156019 0.0586132 0.782803 3
0 0.556704 0.15451 0.0121933 0.0518979 0.758001 8
0 0.561396 0.104646 0.00967668 0.0440782 0.598467 20
0 0.580262 0.145075 0.0123198 0.0464904 0.686843 13
0 0.460424 0.0607003 0.012718 0.0335294 0.3399 5
0 0.510247 0.0643985 0.0101113 0.0412035 0.556228 6
0 0.67075 0.118117 0.00949243 0.0466245 0.622508 56
0 0.391661 0.0655338 0.00862265 0.0333745 0.592702 1
0 0.479019 0.0529416 0.0104261 0.0360743 0.324697 22
0 0.720826 0.0785231 0.0099884 0.0439515 0.601667 41
0 0.497701 0.234485 0.0118289 0.0574991 0.810089 11
