0 0.418213 0.653162 0.0311003 0.0970671 0.869857 4
0 0.353492 0.202258 0.0111219 0.0559484 0.793758 11
0 0.0749262 0.218471 0.0168029 0.0556458 0.705434 65
0 0.644999 0.0589316 0.00761878 0.0405392 0.599538 8
0 0.47556 0.170081 0.0109743 0.0540446 0.60023 3
0 0.162691 0.113662 0.0120571 0.0534803 0.565483 64
0 0.373177 0.0907855 0.0117519 0.0433522 0.655035 41
0 0.614297 0.158556 0.0115279 0.0522992 0.791696 38
0 0.233672 0.110401 0.012353 0.045484 0.696363 20
0 0.478422 0.0613046 0.00777245 0.0396592 0.574304 22
0 0.283101 0.0696998 0.0104328 0.037633 0.56671 71
0 0.215529 0.0688729 0.0100613 0.0414081 0.514776 70
0 0.502386 0.0621661 0.00951233 0.0375682 0.454634 73
