0 0.420147 0.638192 0.0313766 0.097407 0.866541 4
0 0.432711 0.203285 0.0124343 0.0543925 0.813347 11
0 0.0763709 0.218551 0.0175456 0.052164 0.720028 65
0 0.541932 0.0457736 0.00931931 0.0387893 0.550612 56
0 0.466664 0.0640201 0.010588 0.037422 0.726693 22
0 0.646295 0.0493343 0.00769533 0.0362261 0.65187 8
0 0.490882 0.0573363 0.0121525 0.0474953 0.637168 41
0 0.51747 0.18363 0.0152702 0.0667565 0.787212 3
0 0.443792 0.0462169 0.010994 0.0377599 0.620043 20
0 0.163732 0.120437 0.0136536 0.052618 0.502104 64
0 0.556729 0.0654461 0.0109475 0.0391913 0.783882 63
