0 0.389946 0.894085 0.0322536 0.112408 0.84913 4
0 0.158997 0.116566 0.0152143 0.0471731 0.251258 64
0 0.284656 0.475665 0.0277186 0.0723844 0.546356 38
0 0.650902 0.193078 0.0122546 0.0551924 0.396719 8
0 0.568275 0.208867 0.0132731 0.0598787 0.756345 22
0 0.28115 0.315835 0.0167987 0.0664091 0.79308 20
0 0.328197 0.147589 0.0105533 0.047806 0.705027 70
0 0.466463 0.20231 0.0121204 0.0557163 0.744598 73
0 0.349677 0.227692 0.0293918 0.0611368 0.787453 71
0 0.347504 0.409309 0.0253688 0.0690773 0.860334 3
0 0.590746 0.129743 0.0182542 0.0458963 0.74019 63
0 0.535772 0.196806 0.0114072 0.0541117 0.73799 41
0 0.509334 0.337378 0.0233637 0.0350056 0.590676 11
0 0.387037 0.139137 0.0222922 0.0422782 0.534042 72
0 0.496777 0.122201 0.0101915 0.0474243 0.737869 56
0 0.257323 0.402644 0.0155518 0.0664659 0.55314 80
