0 0.531472 0.653085 0.0304223 0.0990794 0.870088 4
0 0.116302 0.205413 0.0144888 0.0522049 0.632338 124
0 0.460473 0.0825181 0.00925436 0.0413803 0.550974 89
0 0.495286 0.202556 0.010621 0.0532741 0.799224 88
0 0.796064 0.143673 0.0119599 0.0505445 0.789223 132
0 0.493567 0.0764849 0.00863215 0.0404152 0.503565 56
0 0.590558 0.108528 0.0122052 0.0456043 0.662441 136
0 0.68562 0.100091 0.00936197 0.0466745 0.550077 3
0 0.423017 0.0766655 0.0104404 0.0410972 0.432308 109
0 0.440087 0.0699899 0.00882819 0.038366 0.516682 126
0 0.1652 0.118755 0.0185144 0.0591754 0.284323 127
0 0.39633 0.0775649 0.0070048 0.0409987 0.440947 20
0 0.476942 0.0785262 0.0103105 0.0436205 0.313402 137
0 0.458037 0.0834127 0.0104927 0.0428879 0.422124 22
