0 0.522955 0.671809 0.0239059 0.0981666 0.83477 4
0 0.116724 0.206746 0.0151542 0.0542287 0.689861 124
0 0.523564 0.213255 0.0147385 0.0565221 0.723111 88
0 0.712021 0.208138 0.0138048 0.0560837 0.811932 132
0 0.563957 0.0705582 0.0103479 0.031323 0.581712 20
0 0.489881 0.106394 0.0103951 0.0405215 0.533945 89
0 0.481286 0.0941366 0.00918503 0.0438578 0.61544 136
0 0.628583 0.126836 0.0106516 0.0432501 0.758834 3
0 0.510605 0.065819 0.00907946 0.0431749 0.566795 137
0 0.546016 0.0720403 0.00928389 0.0194568 0.474235 22
0 0.18202 0.106997 0.0120716 0.0520357 0.280277 111
0 0.614171 0.0570148 0.00978813 0.0388984 0.545253 56
