0 0.529891 0.650492 0.0305547 0.0964281 0.869476 4
0 0.115768 0.205101 0.0151166 0.0519183 0.581138 124
0 0.517672 0.19897 0.0111362 0.0536466 0.74529 88
0 0.164723 0.11684 0.0176134 0.0614641 0.36822 127
0 0.405261 0.0641688 0.00673084 0.0380685 0.695249 136
0 0.393063 0.0895641 0.00834742 0.0448425 0.750543 137
0 0.68412 0.0996799 0.00739295 0.045218 0.529057 3
0 0.178057 0.109963 0.0161981 0.0533703 0.267176 139
0 0.178385 0.0929966 0.0197737 0.078181 0.34697 111
0 0.514576 0.0656508 0.00937217 0.0436783 0.25869 20
0 0.00959607 0.294132 0.0191275 0.0545069 0.844301 140
0 0.76829 0.146897 0.0101388 0.0498541 0.739347 132
0 0.518492 0.0543246 0.013739 0.0623983 0.38852 56
