0 0.499262 0.656461 0.0269683 0.0952012 0.839488 4
0 0.116988 0.203288 0.0185253 0.0525176 0.644497 124
0 0.48816 0.182596 0.00903711 0.05178 0.817272 88
0 0.161477 0.12097 0.0155626 0.0573191 0.569194 111
0 0.553971 0.0924349 0.0121008 0.0414877 0.656539 22
0 0.528642 0.0650551 0.00881268 0.0346836 0.396631 150
0 0.463644 0.0655758 0.00801109 0.0380985 0.543818 20
0 0.686287 0.091106 0.00900453 0.0410818 0.736553 132
0 0.518083 0.0573155 0.00715771 0.0357978 0.522489 109
0 0.56685 0.042003 0.00795008 0.0347658 0.389056 153
0 0.177766 0.111484 0.0149971 0.050498 0.27128 127
0 0.61581 0.0587173 0.0102769 0.0377317 0.322689 137
0 0.622357 0.152314 0.0129814 0.0495616 0.739807 3
0 0.477547 0.0396812 0.00964527 0.051143 0.309382 154
