0 0.488329 0.797034 0.0313436 0.108064 0.85511 4
0 0.0529702 0.259921 0.020836 0.0605999 0.804312 93
0 0.669507 0.256383 0.0183378 0.0599885 0.820689 38
0 0.524573 0.194104 0.0118538 0.0351877 0.422914 41
0 0.322477 0.203135 0.0111252 0.0529369 0.789347 20
0 0.804597 0.181457 0.0155981 0.0545246 0.678702 71
0 0.48553 0.273715 0.0124358 0.0619753 0.720656 88
0 0.491195 0.17042 0.0114316 0.0524493 0.766914 75
0 0.156512 0.122443 0.0115507 0.0498841 0.540864 64
0 0.436308 0.120158 0.00696443 0.0438611 0.704937 89
0 0.508173 0.26454 0.015959 0.0592088 0.747134 3
0 0.686795 0.0830007 0.00838699 0.0435373 0.741527 109
0 0.497505 0.0531832 0.00985359 0.0418838 0.495627 102
0 0.507871 0.150966 0.0104384 0.0533599 0.75985 8
0 0.6336 0.150526 0.00938905 0.0481969 0.789912 22
0 0.484999 0.109493 0.00971832 0.0436063 0.47915 56
0 0.183455 0.110251 0.0126714 0.0422294 0.283979 111
0 0.173719 0.119488 0.0147837 0.0520531 0.35994 115
0 0.297379 0.118327 0.00957073 0.0390093 0.625713 110
