0 0.431585 0.795888 0.0345619 0.114396 0.847778 4
0 0.1714 0.499948 0.028251 0.0828039 0.870021 38
0 0.158012 0.247595 0.013604 0.0619336 0.759455 20
0 0.115171 0.192816 0.0145591 0.0547175 0.792487 70
0 0.281737 0.208741 0.0120897 0.0539702 0.77351 71
0 0.536964 0.213403 0.0117778 0.0608126 0.815115 8
0 0.3845 0.128408 0.0101413 0.047066 0.704638 56
0 0.800613 0.210042 0.0145453 0.0579378 0.679645 22
0 0.509008 0.0426295 0.00955985 0.0411703 0.424784 75
0 0.472741 0.191424 0.0191097 0.0498532 0.782364 41
0 0.385574 0.372549 0.0185954 0.0649279 0.814903 88
0 0.561249 0.129982 0.0166536 0.0431034 0.751572 63
0 0.415121 0.333323 0.017734 0.0696881 0.819009 3
0 0.362182 0.134593 0.00966263 0.0461206 0.803538 89
0 0.264238 0.152934 0.0118963 0.0469594 0.711091 72
