0 0.49453 0.598205 0.0225852 0.0980533 0.846363 4
0 0.115688 0.206184 0.0194696 0.0525313 0.532429 124
0 0.487461 0.18913 0.0108175 0.0527114 0.798778 88
0 0.182551 0.0930373 0.0148557 0.0751494 0.530083 156
0 0.171563 0.113331 0.0165441 0.0516684 0.357172 111
0 0.433783 0.0520141 0.00778548 0.0381326 0.629272 20
0 0.520018 0.0484413 0.0104764 0.0519963 0.473319 137
0 0.462559 0.0898101 0.0121938 0.0466348 0.774266 136
0 0.484693 0.069601 0.0112652 0.0536063 0.63759 150
0 0.704984 0.10971 0.0104099 0.0449812 0.77941 3
