0 0.487565 0.799146 0.0351176 0.110258 0.869919 4
0 0.0626777 0.2544 0.018664 0.058574 0.764912 93
0 0.605364 0.28578 0.0156414 0.0641099 0.824078 38
0 0.442871 0.262609 0.0176933 0.0680003 0.80302 3
0 0.31797 0.121316 0.00798302 0.0423039 0.751832 110
0 0.615034 0.171189 0.0153786 0.0498057 0.807495 22
0 0.524875 0.190711 0.0108813 0.0416295 0.479529 41
0 0.486583 0.140003 0.010328 0.0484269 0.694613 8
0 0.41849 0.248714 0.012121 0.0548554 0.786462 20
0 0.695428 0.187015 0.0113256 0.0523771 0.701209 71
0 0.467085 0.0472582 0.00935065 0.0432493 0.599297 102
0 0.438988 0.133979 0.00798887 0.0464709 0.703385 89
0 0.502197 0.186765 0.0129917 0.0547681 0.739672 75
0 0.47759 0.105915 0.00914278 0.0440531 0.364235 56
