0 0.530936 0.652606 0.030614 0.0985285 0.870728 4
0 0.116486 0.206887 0.0142664 0.049737 0.634565 124
0 0.527846 0.211456 0.0118275 0.0554668 0.750201 88
0 0.165097 0.117992 0.0200985 0.0628882 0.383126 127
0 0.653481 0.110518 0.0104252 0.0427575 0.707934 3
0 0.712917 0.187585 0.0112071 0.0536867 0.761093 132
0 0.498275 0.0613857 0.0127009 0.0422651 0.352367 109
0 0.179211 0.100468 0.0191898 0.0617079 0.251294 111
0 0.558048 0.058151 0.00838006 0.0369554 0.612509 20
0 0.531192 0.103045 0.0085461 0.0411888 0.764424 89
0 0.544858 0.0700341 0.00765597 0.020351 0.565965 22
0 0.4855 0.0779702 0.00832179 0.0374363 0.594508 126
0 0.45227 0.100399 0.0118413 0.0431081 0.736794 136
