0 0.514101 0.715499 0.0257334 0.100073 0.85021 4
0 0.116846 0.206895 0.0150529 0.0524697 0.675724 124
0 0.523243 0.212201 0.0145823 0.0554133 0.770259 88
0 0.719859 0.21548 0.0187068 0.0553379 0.823385 132
0 0.547799 0.0684304 0.0100906 0.0258051 0.468278 22
0 0.179138 0.110186 0.0158861 0.0561184 0.448731 111
0 0.493673 0.0673592 0.00863495 0.0320608 0.320257 89
0 0.162962 0.118132 0.0146143 0.0556245 0.519302 127
0 0.517488 0.0630427 0.0107355 0.0431987 0.548988 137
0 0.503526 0.0731198 0.00785351 0.0396795 0.663875 136
0 0.564472 0.0706877 0.00976594 0.0304578 0.575582 109
0 0.622247 0.140067 0.0105169 0.0480179 0.725784 3
0 0.529988 0.0419348 0.00817264 0.0345914 0.347573 142
0 0.479014 0.0981521 0.00818259 0.0415135 0.585652 126
0 0.681967 0.0483582 0.00798416 0.0348861 0.673023 56
