0 0.528168 0.656572 0.0318847 0.0955691 0.873542 4
0 0.627654 0.214322 0.012502 0.0549893 0.748675 88
0 0.704436 0.1381 0.00990353 0.049283 0.735561 3
0 0.579696 0.155612 0.0099994 0.050295 0.805076 41
0 0.538079 0.0849167 0.00966415 0.0439264 0.64114 109
0 0.461131 0.103476 0.00762564 0.0415998 0.712142 89
0 0.0753711 0.252746 0.0180087 0.0614098 0.781855 124
0 0.67734 0.146427 0.0141442 0.04937 0.698909 8
0 0.412073 0.111016 0.00928704 0.0409227 0.788354 20
0 0.629029 0.110961 0.0081742 0.0442865 0.687055 126
0 0.177551 0.114084 0.0142423 0.0538071 0.494133 111
0 0.676903 0.10033 0.0103477 0.0458567 0.370978 22
0 0.857799 0.166773 0.0165468 0.0481387 0.744883 132
0 0.696386 0.121784 0.00874672 0.0383496 0.457867 131
0 0.642309 0.0916561 0.00972773 0.0446876 0.661969 56
0 0.497529 0.088957 0.00892471 0.0386537 0.485893 110
