0 0.503509 0.767719 0.0303048 0.106665 0.85367 4
0 0.264986 0.416346 0.0215453 0.0776101 0.820011 38
0 0.253493 0.200559 0.01748 0.0512004 0.762555 20
0 0.447226 0.173052 0.0101945 0.0478329 0.7065 71
0 0.565009 0.195557 0.00993195 0.0582174 0.71537 8
0 0.464261 0.108367 0.0120324 0.0441054 0.547489 56
0 0.803576 0.24941 0.0148185 0.0618003 0.758463 22
0 0.532124 0.377498 0.0154845 0.0643114 0.816314 88
0 0.61472 0.116937 0.0126441 0.0461276 0.710722 63
0 0.50724 0.312881 0.0163212 0.0648562 0.770013 3
0 0.687343 0.194126 0.0130863 0.0536964 0.779827 41
0 0.297049 0.19026 0.0149999 0.0521124 0.699666 70
0 0.438482 0.116746 0.00976531 0.0439962 0.616131 89
