0 0.488865 0.556889 0.021307 0.0890793 0.835287 4
0 0.115724 0.207928 0.0190015 0.0500526 0.659459 124
0 0.500737 0.17982 0.0160673 0.0524406 0.796275 88
0 0.183067 0.0915246 0.0153379 0.0761657 0.491067 156
0 0.430884 0.0513589 0.00795021 0.0361852 0.559644 20
0 0.706476 0.101896 0.00589453 0.0429584 0.716428 3
0 0.172034 0.113859 0.0178842 0.0514363 0.306798 111
0 0.497817 0.0989409 0.0132527 0.0548878 0.361684 154
0 0.498289 0.0548551 0.0082111 0.0384213 0.396535 109
0 0.554521 0.0585917 0.0113966 0.0375281 0.4375 137
0 0.771627 0.077054 0.00890395 0.041357 0.619867 132
0 0.497175 0.0924764 0.011896 0.0427209 0.425998 22
0 0.569143 0.0572666 0.00886262 0.034159 0.534331 136
