0 0.48934 0.798454 0.034795 0.110691 0.868055 4
0 0.0611528 0.252923 0.0177893 0.0597315 0.805771 93
0 0.618778 0.270987 0.0188544 0.0605518 0.775496 38
0 0.310264 0.118675 0.00847839 0.0436133 0.673635 110
0 0.624115 0.170727 0.0107299 0.0454812 0.501842 22
0 0.525008 0.191303 0.0104369 0.0330046 0.540561 41
0 0.488993 0.137405 0.00906197 0.0512983 0.720927 8
0 0.359228 0.222065 0.0126612 0.0541367 0.773157 20
0 0.764119 0.188989 0.0139484 0.0534561 0.708582 71
0 0.432306 0.271396 0.016069 0.0588325 0.775651 88
0 0.471455 0.173346 0.0115955 0.0542641 0.744225 75
0 0.157792 0.122207 0.0096238 0.0463162 0.382582 64
0 0.453062 0.10267 0.00889711 0.0447374 0.482164 56
0 0.467783 0.0469491 0.00870914 0.0338957 0.30336 102
0 0.708577 0.101418 0.0124305 0.0445444 0.58602 109
0 0.444055 0.255291 0.0160519 0.0599822 0.760471 3
0 0.418167 0.124397 0.00990178 0.0443809 0.695706 89
0 0.186097 0.113733 0.009771 0.041806 0.336234 111
