0 0.458335 0.81779 0.0310347 0.127733 0.864679 4
0 0.563052 0.270117 0.017496 0.0581263 0.806336 11
0 0.0449141 0.254529 0.0204974 0.057315 0.811078 65
0 0.162302 0.114273 0.0130178 0.0542389 0.674013 64
0 0.634129 0.226245 0.0141224 0.0521133 0.780261 38
0 0.690144 0.101622 0.00992393 0.043169 0.619555 8
0 0.517599 0.0898713 0.010259 0.0405361 0.58405 56
0 0.569328 0.0847274 0.00900917 0.0427412 0.638308 63
0 0.502231 0.136045 0.00998462 0.0458858 0.714829 73
0 0.589194 0.13062 0.00954673 0.0446226 0.719814 22
0 0.384261 0.119052 0.00980635 0.0376369 0.672642 71
0 0.601867 0.224715 0.018037 0.054217 0.717094 3
0 0.306607 0.176288 0.0108595 0.0474166 0.79306 20
0 0.343715 0.0878294 0.00809873 0.0359574 0.701214 70
0 0.548592 0.122037 0.00934633 0.0440421 0.527252 41
