0 0.48093 0.775718 0.0281379 0.111046 0.882956 4
0 0.0409868 0.275824 0.0189993 0.060163 0.784209 93
0 0.729982 0.215959 0.0140285 0.0556275 0.753696 38
0 0.330739 0.176158 0.0138179 0.0510702 0.762989 20
0 0.828185 0.152007 0.0122824 0.0508959 0.721489 71
0 0.547212 0.265801 0.017627 0.06001 0.792153 88
0 0.159952 0.125527 0.0128271 0.057793 0.568542 64
0 0.496643 0.117879 0.00864344 0.0435936 0.57696 89
0 0.584068 0.260134 0.0162354 0.0609293 0.813555 3
0 0.184546 0.113393 0.0102922 0.0496787 0.257186 111
0 0.173581 0.121943 0.0130569 0.0539288 0.255985 115
0 0.506464 0.156281 0.010471 0.0533035 0.738906 8
0 0.558095 0.112781 0.00997454 0.042552 0.633915 56
0 0.318072 0.122434 0.0107016 0.041666 0.71406 110
0 0.561527 0.171147 0.0114709 0.0518427 0.750296 41
0 0.632443 0.0834233 0.0117016 0.0381915 0.29913 109
0 0.525842 0.174695 0.0126754 0.0537881 0.333746 126
0 0.180644 0.112005 0.0126761 0.0501792 0.256679 123
0 0.516843 0.0544913 0.0090045 0.0411519 0.503712 102
0 0.00947828 0.282827 0.0189566 0.0565358 0.819148 124
