0 0.506356 0.473892 0.0207465 0.0781589 0.831721 1
0 0.738588 0.522453 0.0186732 0.0861746 0.800785 2
0 0.634407 0.491499 0.0195809 0.0765138 0.802392 3
0 0.496381 0.881705 0.0243498 0.119084 0.786454 4
0 0.36292 0.197433 0.0109579 0.0505025 0.765868 5
0 0.668176 0.38081 0.0196623 0.073306 0.79196 6
0 0.602351 0.352796 0.0135907 0.0707285 0.761377 7
0 0.616874 0.275925 0.0146007 0.0607243 0.782547 8
0 0.654079 0.322426 0.0154725 0.0637928 0.775327 9
0 0.511068 0.225409 0.014291 0.0543873 0.772704 10
0 0.61492 0.530497 0.0229121 0.0814406 0.796829 11
0 0.774001 0.328573 0.0177654 0.0680825 0.683323 12
0 0.565451 0.182163 0.00959237 0.0536035 0.711246 13
0 0.782486 0.221189 0.0145937 0.0549819 0.731582 14
0 0.315782 0.0453888 0.0106311 0.0375615 0.353176 15
0 0.328819 0.0401275 0.00966263 0.0371454 0.417682 18
