0 0.500685 0.657611 0.0277367 0.0972065 0.840545 4
0 0.130187 0.194523 0.0170253 0.0520507 0.793092 124
0 0.487524 0.189604 0.0113092 0.0518758 0.787963 88
0 0.161009 0.117587 0.00988232 0.0486832 0.421787 111
0 0.639634 0.127906 0.0111568 0.0469894 0.784333 3
0 0.754671 0.104905 0.0113564 0.0447404 0.735536 132
0 0.428964 0.0678015 0.0076904 0.0388281 0.777459 20
0 0.177875 0.103394 0.0182765 0.0743489 0.457321 127
0 0.439808 0.0808268 0.00767482 0.0399948 0.365622 136
0 0.492795 0.0773372 0.0115925 0.0425127 0.334657 22
0 0.478189 0.0671957 0.00874421 0.0396376 0.58485 154
0 0.509885 0.0509582 0.00963119 0.0468216 0.372776 126
0 0.184986 0.086062 0.0136606 0.0823479 0.35942 156
