0 0.53025 0.650814 0.0302812 0.0963196 0.870939 4
0 0.115744 0.204862 0.0149191 0.0526473 0.629478 124
0 0.51439 0.198512 0.0122317 0.0535029 0.754368 88
0 0.778911 0.139925 0.010192 0.0479299 0.751666 132
0 0.165211 0.117176 0.0173308 0.0609754 0.378182 127
0 0.457988 0.0730508 0.0104869 0.0371461 0.669458 126
0 0.404098 0.0614043 0.00660013 0.0338789 0.597769 136
0 0.394277 0.0901113 0.00852928 0.0434617 0.694297 137
0 0.437352 0.0607932 0.00692059 0.0365426 0.376651 109
0 0.685984 0.100324 0.00738506 0.046 0.439812 3
0 0.178068 0.105711 0.0163263 0.0591796 0.317843 139
0 0.178417 0.0958811 0.0190195 0.0721755 0.35795 111
0 0.503287 0.07171 0.00980701 0.0377118 0.52424 20
