0 0.494886 0.79406 0.0251004 0.107067 0.879273 4
0 0.0918415 0.239121 0.017036 0.0579223 0.802897 93
0 0.605315 0.281728 0.0145973 0.0617128 0.840911 38
0 0.44391 0.255343 0.0143765 0.0574614 0.52855 3
0 0.436081 0.266025 0.014002 0.0625817 0.612922 88
0 0.14503 0.132282 0.0107711 0.0623388 0.523074 64
0 0.316761 0.119728 0.0108886 0.0427083 0.780078 110
0 0.647009 0.160918 0.0101167 0.0501131 0.685145 71
0 0.586052 0.174734 0.0136719 0.0511577 0.710179 22
0 0.419712 0.132806 0.00706062 0.0457467 0.763738 89
0 0.523725 0.17947 0.0109921 0.0489829 0.599607 41
0 0.176447 0.112059 0.0125793 0.0455337 0.270393 111
0 0.523718 0.118585 0.00998748 0.0516478 0.498152 56
0 0.664959 0.0972476 0.00927086 0.0461597 0.56725 109
0 0.168042 0.122283 0.0121171 0.0498211 0.315232 115
0 0.496661 0.123859 0.00979726 0.0474618 0.663364 8
0 0.401997 0.224857 0.0103052 0.056825 0.709914 20
