0 0.324882 0.566199 0.0253362 0.0905853 0.854769 4
0 0.0368205 0.276455 0.0211697 0.0607266 0.820967 124
0 0.174458 0.396053 0.0146585 0.0662566 0.78189 88
0 0.613251 0.272567 0.0204501 0.0572364 0.775057 3
0 0.799286 0.280436 0.0168613 0.0624995 0.78938 132
0 0.184554 0.0931405 0.0150216 0.0741275 0.283151 156
0 0.511926 0.0427666 0.0108858 0.0434557 0.39683 171
0 0.246267 0.195344 0.0121388 0.0544884 0.761033 137
0 0.548281 0.2177 0.0142557 0.0518047 0.705377 165
0 0.39204 0.0933286 0.0106521 0.0404675 0.718783 109
0 0.358404 0.105498 0.00970856 0.0519682 0.490572 168
0 0.314852 0.199221 0.0128845 0.053888 0.741509 162
0 0.432221 0.141219 0.00995919 0.0485497 0.719732 20
0 0.56316 0.146989 0.0124285 0.0461658 0.714174 170
0 0.404927 0.139257 0.0136223 0.0426192 0.586815 172
