0 0.477512 0.797356 0.0286571 0.118471 0.856417 4
0 0.0463639 0.283958 0.0202199 0.0567786 0.792745 93
0 0.735647 0.189938 0.00980409 0.0519706 0.693293 38
0 0.347488 0.160407 0.00846764 0.0476626 0.436427 20
0 0.816219 0.13899 0.0119281 0.0498672 0.739705 71
0 0.540281 0.274346 0.0158113 0.0588775 0.793558 88
0 0.161802 0.128059 0.0127972 0.0548603 0.593409 64
0 0.603487 0.260624 0.014345 0.0612886 0.753765 3
0 0.174178 0.124559 0.01388 0.0510491 0.436617 115
0 0.531986 0.136708 0.0183483 0.0411532 0.662452 41
0 0.498045 0.148997 0.0108282 0.0430069 0.624885 126
0 0.18441 0.10975 0.0115608 0.0520142 0.344816 111
0 0.480405 0.15859 0.0124715 0.0510929 0.766717 8
0 0.428026 0.119951 0.00726922 0.0417731 0.646917 89
0 0.183546 0.0993273 0.0137654 0.0664525 0.350854 127
0 0.365559 0.10911 0.0115033 0.0349816 0.78416 110
0 0.610224 0.097324 0.0140725 0.043257 0.508367 22
0 0.521192 0.0496246 0.0095185 0.038709 0.431444 102
0 0.558223 0.118049 0.00927766 0.0370674 0.456841 109
