0 0.523579 0.492466 0.0223826 0.0821194 0.837275 1
0 0.799362 0.506331 0.0192853 0.0879908 0.800074 2
0 0.532881 0.885475 0.0261937 0.12145 0.810242 4
0 0.875081 0.329272 0.0171047 0.0686848 0.309441 6
0 0.636322 0.361167 0.0129006 0.0758282 0.785153 7
0 0.583813 0.305714 0.0142158 0.0635008 0.80463 10
0 0.583432 0.547099 0.0217408 0.0855707 0.776361 11
0 0.38746 0.247968 0.0121279 0.0539182 0.77224 5
0 0.959301 0.304695 0.0204259 0.0638379 0.683175 8
0 0.147012 0.132667 0.0149705 0.0469143 0.459939 23
0 0.154645 0.12441 0.0139292 0.0488547 0.400244 31
0 0.55951 0.531035 0.0227707 0.0804704 0.834092 3
0 0.907381 0.449015 0.0280707 0.0834144 0.805375 20
0 0.987772 0.404583 0.0192379 0.079203 0.76589 34
0 0.2141 0.0556961 0.0108127 0.046612 0.382961 35
0 0.728325 0.224048 0.0141832 0.0551719 0.646882 13
