0 0.496404 0.659201 0.0310171 0.0982716 0.881041 4
0 0.114965 0.20682 0.0153797 0.0534309 0.695522 124
0 0.482132 0.175358 0.0111049 0.0504294 0.804247 88
0 0.628383 0.149277 0.0103507 0.0491075 0.783463 3
0 0.416669 0.0617196 0.008787 0.0422627 0.558236 136
0 0.163099 0.124449 0.0123937 0.0539569 0.448904 111
0 0.575528 0.0886752 0.00947393 0.0423762 0.344648 22
0 0.491703 0.0458647 0.0079608 0.0283633 0.396199 109
0 0.541078 0.0701533 0.00874875 0.0403154 0.532695 150
0 0.180289 0.111662 0.0153376 0.0518214 0.280008 127
0 0.642561 0.0613906 0.0107107 0.0414697 0.504197 137
0 0.584719 0.0732638 0.00737114 0.0440612 0.58499 126
