0 0.530965 0.652425 0.030761 0.0978765 0.866702 4
0 0.116302 0.20601 0.014299 0.0512269 0.637192 124
0 0.527109 0.211462 0.0121551 0.0562038 0.756234 88
0 0.164951 0.117502 0.0197104 0.0628142 0.376478 127
0 0.656557 0.109963 0.00984847 0.0428071 0.727238 3
0 0.714742 0.186989 0.0139641 0.0531661 0.7569 132
0 0.492931 0.0639008 0.00783949 0.0387599 0.553871 109
0 0.179009 0.0987149 0.0198444 0.0656165 0.281 111
0 0.566064 0.0594539 0.00983988 0.0334521 0.495977 56
0 0.554894 0.0562257 0.00862751 0.0331181 0.466341 20
0 0.537008 0.0963859 0.0100946 0.0406194 0.63327 89
0 0.540003 0.068576 0.00816778 0.0216977 0.496941 22
0 0.482617 0.0769468 0.00759681 0.040344 0.554418 126
