0 0.446083 0.695653 0.0315866 0.099421 0.860674 4
0 0.061317 0.26356 0.0177977 0.0582715 0.777002 93
0 0.306557 0.158772 0.0100304 0.0501777 0.807666 20
0 0.487476 0.108906 0.00824897 0.0456876 0.65768 8
0 0.505197 0.254808 0.0189262 0.0684602 0.770815 38
0 0.416081 0.142391 0.0115239 0.0463096 0.716785 41
0 0.495918 0.0491437 0.00904334 0.0379116 0.548273 102
0 0.542953 0.0772278 0.00898495 0.0412095 0.579823 109
0 0.558616 0.12067 0.0117523 0.061919 0.734458 75
0 0.176941 0.116795 0.0143501 0.0573396 0.442744 64
0 0.162758 0.117089 0.0111601 0.0498842 0.328883 111
0 0.35857 0.109105 0.00968097 0.04231 0.791446 89
0 0.42383 0.0952239 0.0092151 0.0437573 0.325583 56
0 0.489926 0.218492 0.0131175 0.0549857 0.689568 3
0 0.409113 0.0912349 0.00824423 0.0385329 0.451097 110
