0 0.528424 0.655994 0.0327293 0.0954161 0.874856 4
0 0.62474 0.214109 0.0129979 0.0549117 0.443247 88
0 0.704124 0.136403 0.00970923 0.0467897 0.678098 3
0 0.576424 0.155267 0.0132656 0.0497782 0.814624 41
0 0.535868 0.0853118 0.00982927 0.0408027 0.512557 109
0 0.460697 0.102405 0.00756048 0.0425377 0.672205 89
0 0.0755632 0.252233 0.0171447 0.0625839 0.772379 124
0 0.680528 0.145165 0.0121206 0.0510292 0.723728 8
0 0.411504 0.109887 0.0095041 0.0419009 0.757172 20
0 0.626325 0.105816 0.00862503 0.0386602 0.323778 126
0 0.177505 0.113854 0.014546 0.0537143 0.53254 111
0 0.856057 0.166192 0.0134772 0.0468133 0.754932 132
0 0.695769 0.121763 0.00801163 0.0366645 0.488793 131
0 0.638942 0.0908141 0.00883128 0.0430751 0.660796 56
0 0.496017 0.0888302 0.0086153 0.0381874 0.649313 110
