0 0.500667 0.691266 0.025734 0.0989728 0.850586 4
0 0.70718 0.219224 0.0135752 0.0566306 0.783141 38
0 0.532509 0.264657 0.0156638 0.0616783 0.778716 3
0 0.430299 0.318191 0.0147294 0.0671733 0.804587 11
0 0.606416 0.121427 0.0144941 0.0421064 0.803853 56
0 0.436185 0.198247 0.0158357 0.0579898 0.398848 13
0 0.668176 0.122887 0.0141857 0.0438811 0.412669 7
0 0.678437 0.156508 0.0166127 0.0457582 0.708612 41
0 0.435979 0.173803 0.014169 0.0810606 0.34875 20
0 0.517826 0.103972 0.00862452 0.0471599 0.656251 6
0 0.513495 0.188109 0.0110254 0.0551967 0.732834 8
0 0.508358 0.039327 0.00952902 0.038661 0.323616 22
0 0.405719 0.117479 0.00791953 0.0427097 0.723911 5
