0 0.515095 0.492887 0.0161438 0.0802287 0.793804 1
0 0.797693 0.50023 0.0185481 0.089744 0.818905 2
0 0.536583 0.876276 0.0260926 0.11383 0.675642 4
0 0.870167 0.324871 0.0237773 0.0729038 0.796762 6
0 0.632363 0.359479 0.0150419 0.0721501 0.798658 7
0 0.587542 0.296434 0.0185801 0.0612108 0.815813 10
0 0.569978 0.546215 0.0320408 0.0810777 0.81476 11
0 0.38423 0.247996 0.0150107 0.0524694 0.775064 5
0 0.947506 0.302269 0.0162959 0.0594638 0.676095 8
0 0.149096 0.129778 0.0134847 0.0474028 0.306642 23
0 0.152703 0.127117 0.016268 0.0521862 0.528625 31
0 0.544334 0.533626 0.0207297 0.080691 0.748502 3
0 0.884523 0.439637 0.0247028 0.0789076 0.790538 20
0 0.972098 0.39151 0.0235319 0.0754159 0.825267 34
0 0.736928 0.223782 0.013043 0.0560959 0.718142 13
