0 0.0819191 0.308422 0.0175669 0.0658742 0.787021 1
0 0.403409 0.772086 0.0277066 0.109461 0.850843 4
0 0.387869 0.248538 0.0106078 0.0627105 0.774431 7
0 0.293725 0.407586 0.0148946 0.0728154 0.79631 11
0 0.442207 0.208398 0.0117359 0.0556594 0.764148 20
0 0.572418 0.220945 0.0122831 0.0562497 0.742822 34
0 0.736676 0.203469 0.0179884 0.0569896 0.796848 41
0 0.467634 0.31956 0.0123562 0.065339 0.774617 38
0 0.369097 0.377736 0.0168363 0.0740157 0.838114 3
0 0.484368 0.0594452 0.00911805 0.0398351 0.403588 22
0 0.612048 0.195225 0.0180641 0.0518588 0.806698 8
0 0.197146 0.179381 0.0113691 0.0457663 0.687429 5
0 0.41775 0.197438 0.0119048 0.0551151 0.687481 13
0 0.481745 0.159972 0.0113963 0.0492931 0.801838 6
