0 0.493015 0.891267 0.0302904 0.122754 0.840832 4
0 0.706937 0.255598 0.01521 0.0623735 0.789124 88
0 0.160449 0.122053 0.0158093 0.0599108 0.549368 64
0 0.759136 0.236863 0.0159024 0.0609749 0.782651 3
0 0.685683 0.196418 0.0123099 0.0546391 0.718182 126
0 0.626837 0.199906 0.0118406 0.0582112 0.519155 41
0 0.510355 0.182993 0.00919453 0.0578946 0.694921 8
0 0.661151 0.117823 0.0103728 0.0467843 0.67463 109
0 0.183798 0.0981318 0.0142017 0.0682402 0.436287 127
0 0.528841 0.0975146 0.00905046 0.0413742 0.641505 110
0 0.412488 0.239051 0.00821835 0.059371 0.753956 20
0 0.173572 0.117988 0.0151736 0.0546477 0.378878 115
0 0.185026 0.108933 0.0111823 0.0497206 0.503611 111
0 0.781104 0.155517 0.0143625 0.0500477 0.699028 38
