0 0.426979 0.719854 0.0351049 0.107703 0.874554 4
0 0.421113 0.23718 0.0118552 0.0579821 0.768036 11
0 0.503939 0.0816747 0.00952247 0.0409293 0.657373 20
0 0.647785 0.196985 0.0102658 0.0562507 0.478436 38
0 0.166764 0.0981638 0.0174133 0.0631985 0.432345 64
0 0.493042 0.120652 0.0134814 0.0506257 0.69009 8
0 0.00909622 0.303708 0.0179143 0.0605099 0.83235 65
0 0.63069 0.0683884 0.00919088 0.037719 0.46397 41
0 0.443719 0.0911122 0.00784696 0.0401498 0.659302 5
0 0.534716 0.216954 0.014187 0.0571536 0.767483 3
0 0.433167 0.0598416 0.00958907 0.0399801 0.584232 22
0 0.411383 0.104873 0.011178 0.0528392 0.692463 55
0 0.639926 0.0934243 0.010329 0.0424026 0.531374 63
