0 0.428932 0.711281 0.0336479 0.1125 0.876027 4
0 0.421984 0.233286 0.0105707 0.0562956 0.7399 11
0 0.505616 0.078377 0.00852693 0.0414437 0.649753 20
0 0.64549 0.19264 0.0109715 0.0555257 0.760708 38
0 0.165499 0.105943 0.0150039 0.0520947 0.336496 64
0 0.495752 0.117746 0.0114587 0.0520052 0.686385 8
0 0.0121372 0.296643 0.0240822 0.0657082 0.811342 65
0 0.529366 0.214503 0.0115793 0.0559842 0.779398 3
0 0.438098 0.0595067 0.00976537 0.0402661 0.279607 22
0 0.631468 0.0930593 0.0132149 0.0406701 0.493321 63
0 0.541282 0.0847706 0.00977491 0.0433675 0.557194 56
0 0.413374 0.102234 0.00899725 0.0445822 0.348166 1
0 0.403773 0.102558 0.00891314 0.0421744 0.542149 13
