0 0.493817 0.704511 0.0279955 0.101352 0.869309 4
0 0.774375 0.188166 0.0108331 0.0533904 0.551538 38
0 0.629402 0.228038 0.013182 0.0578055 0.767584 3
0 0.5551 0.153775 0.013066 0.0519427 0.74535 8
0 0.560325 0.103771 0.00850957 0.0433617 0.517178 20
0 0.574777 0.145391 0.0107332 0.0481603 0.333732 13
0 0.46133 0.0598521 0.0126386 0.0350686 0.383752 5
0 0.508858 0.0632584 0.00958942 0.0407007 0.590303 6
0 0.667122 0.118101 0.0110545 0.0472096 0.674522 56
0 0.39218 0.0654122 0.00904662 0.0327976 0.540911 1
0 0.718633 0.078642 0.0116666 0.0437953 0.607035 41
0 0.494568 0.234281 0.0144594 0.0575354 0.81481 11
