0 0.323322 0.375034 0.0235385 0.0624336 0.787526 1
0 0.485459 0.843241 0.0272253 0.116577 0.79282 4
0 0.547648 0.319108 0.0168683 0.0672817 0.820898 7
0 0.386669 0.248584 0.0199294 0.0541755 0.338129 10
0 0.411472 0.476407 0.014379 0.0728717 0.680825 11
0 0.845292 0.220781 0.0116507 0.0546749 0.619139 8
0 0.154474 0.122358 0.0158393 0.0498629 0.471005 31
0 0.400578 0.469722 0.0169708 0.0754912 0.469558 3
0 0.646899 0.286546 0.0177627 0.0619372 0.775846 20
0 0.721257 0.277515 0.0209244 0.0608973 0.782327 34
0 0.936132 0.316654 0.0222612 0.0693609 0.798582 41
0 0.62536 0.315898 0.0163062 0.0612156 0.783244 38
0 0.678005 0.193087 0.015213 0.0536959 0.737546 6
0 0.227559 0.222101 0.0164752 0.0493797 0.792075 5
0 0.136459 0.134306 0.0185863 0.059751 0.538972 39
0 0.633638 0.204074 0.0196573 0.054024 0.822957 13
