0 0.530486 0.651096 0.0304576 0.0966968 0.864857 4
0 0.115782 0.204849 0.0150107 0.0527505 0.575547 124
0 0.513714 0.198612 0.0113088 0.0536341 0.706035 88
0 0.779505 0.139053 0.00994492 0.0474707 0.746627 132
0 0.165349 0.11744 0.0173559 0.0609787 0.363717 127
0 0.459521 0.0724176 0.00894334 0.0388375 0.581841 126
0 0.404114 0.0617173 0.00674925 0.0346275 0.603605 136
0 0.394764 0.0907052 0.0082366 0.0428209 0.724664 137
0 0.43472 0.0612437 0.00776052 0.0368279 0.488272 109
0 0.686358 0.100496 0.00774345 0.0457586 0.468779 3
0 0.178718 0.0945703 0.0187744 0.0736233 0.326941 111
0 0.501688 0.0720171 0.0102073 0.0376649 0.355639 20
