0 0.52486 0.492689 0.0219431 0.0810269 0.830072 1
0 0.799407 0.515348 0.0230679 0.0917852 0.821678 2
0 0.531037 0.886542 0.0250872 0.116683 0.842347 4
0 0.875083 0.333012 0.0172927 0.070836 0.739746 6
0 0.63842 0.36369 0.0111169 0.0755204 0.796656 7
0 0.582343 0.307209 0.0140422 0.0633419 0.803244 10
0 0.590609 0.54913 0.0263292 0.0853368 0.829398 11
0 0.388554 0.248782 0.0105605 0.0555721 0.769412 5
0 0.964505 0.307049 0.0230897 0.0648001 0.631885 8
0 0.145836 0.133348 0.0128269 0.0460484 0.541854 23
0 0.721236 0.223505 0.0146062 0.0558069 0.723996 13
0 0.155073 0.123927 0.0130354 0.0459258 0.462062 31
0 0.566837 0.529438 0.0169064 0.0820618 0.791798 3
0 0.921081 0.455749 0.034127 0.0805678 0.856189 20
0 0.991535 0.412081 0.0163407 0.0702809 0.431232 34
0 0.347223 0.0401415 0.00898724 0.0384635 0.403278 22
