0 0.420329 0.551771 0.0252876 0.0906347 0.853351 4
0 0.0964796 0.213638 0.0135466 0.0543283 0.709776 124
0 0.179593 0.106706 0.012604 0.0639376 0.296252 127
0 0.573081 0.148565 0.0156347 0.0576594 0.80552 132
0 0.388442 0.0638329 0.00888735 0.0357956 0.528193 20
0 0.398848 0.181311 0.0143941 0.0404993 0.603909 88
0 0.513719 0.0633904 0.009436 0.03611 0.613527 170
0 0.496601 0.04109 0.0092639 0.0370216 0.487785 171
0 0.359631 0.0526986 0.00884746 0.0413586 0.341087 172
0 0.442914 0.0725206 0.0126401 0.0518172 0.445963 168
0 0.384155 0.128374 0.00895729 0.0406623 0.495934 162
0 0.299467 0.0399398 0.012332 0.0382968 0.311628 109
0 0.593878 0.0848441 0.00833232 0.0395938 0.600344 165
0 0.419497 0.091857 0.0138227 0.0357791 0.412478 137
