0 0.498359 0.691897 0.0250692 0.0993482 0.8429 4
0 0.759192 0.192604 0.0210372 0.0541612 0.802541 38
0 0.591373 0.245106 0.0116532 0.0593673 0.750439 3
0 0.481646 0.279721 0.0168525 0.061803 0.790187 11
0 0.52459 0.173791 0.0140032 0.0543837 0.355178 13
0 0.528981 0.0783808 0.0094169 0.0410108 0.644306 6
0 0.550016 0.168426 0.0139291 0.0541793 0.603345 8
0 0.436202 0.0940442 0.00827309 0.0402508 0.700386 5
0 0.475095 0.0899275 0.00790313 0.045806 0.405271 55
0 0.313947 0.0931796 0.00937071 0.0401402 0.694466 1
0 0.507482 0.140776 0.0102211 0.0481746 0.736146 20
0 0.782753 0.104023 0.0131404 0.0421771 0.375742 7
0 0.705919 0.0934093 0.015379 0.0372211 0.597471 56
0 0.76435 0.102231 0.0108521 0.0431456 0.415303 41
