0 0.496964 0.755544 0.0278832 0.108593 0.858832 4
0 0.116387 0.204589 0.0146818 0.053215 0.671694 124
0 0.523424 0.210388 0.0149505 0.0556664 0.776715 88
0 0.719689 0.213205 0.018696 0.0567677 0.836946 132
0 0.178125 0.111508 0.0152971 0.0545451 0.582842 111
0 0.513234 0.0597143 0.00962776 0.041086 0.307103 89
0 0.160707 0.114067 0.0103306 0.0469133 0.540716 127
0 0.496245 0.098048 0.00921265 0.0452657 0.737731 136
0 0.477752 0.0974236 0.00887852 0.0385659 0.415033 126
0 0.551735 0.0591411 0.0113223 0.0432246 0.324191 20
0 0.541043 0.04921 0.011176 0.0635538 0.332184 22
0 0.482075 0.074954 0.00777168 0.0314627 0.465235 142
0 0.627328 0.154877 0.0111359 0.0513553 0.720758 3
0 0.538907 0.064956 0.00989113 0.0368777 0.446357 109
0 0.743498 0.0422465 0.0116034 0.0354473 0.416916 56
