0 0.429399 0.742073 0.0310212 0.118021 0.874645 4
0 0.421591 0.239659 0.0123918 0.0577752 0.767285 11
0 0.503474 0.0847157 0.00924994 0.0406013 0.654182 20
0 0.647602 0.20083 0.0149774 0.0527348 0.720236 38
0 0.167379 0.100013 0.0166462 0.0591316 0.374328 64
0 0.491571 0.125944 0.0129763 0.0517217 0.740034 8
0 0.559177 0.0950566 0.00852019 0.0439589 0.629639 56
0 0.00648197 0.3124 0.0129341 0.060445 0.740238 65
0 0.638077 0.0703825 0.0101622 0.0419465 0.595706 41
0 0.437887 0.0921244 0.0104685 0.0395733 0.462149 5
0 0.541758 0.221288 0.0138955 0.056689 0.784713 3
0 0.428822 0.0620627 0.0102662 0.0430374 0.521019 22
0 0.414393 0.106741 0.0132929 0.0612208 0.649991 55
