0 0.529022 0.655999 0.0265345 0.0981281 0.841546 4
0 0.513831 0.208417 0.0155771 0.054373 0.811771 88
0 0.104692 0.213174 0.020817 0.053273 0.793731 124
0 0.76951 0.132946 0.0147032 0.0533081 0.735743 8
0 0.78613 0.142965 0.0143027 0.0301085 0.391104 132
0 0.692829 0.107071 0.00946325 0.0455536 0.722352 3
0 0.460801 0.0851412 0.0068696 0.0403809 0.618625 89
0 0.389649 0.0800255 0.00603406 0.038447 0.502366 20
0 0.480406 0.12853 0.00797803 0.045616 0.748719 41
0 0.606517 0.101091 0.0105677 0.0432607 0.576472 131
0 0.576628 0.0895317 0.00885633 0.0443568 0.327392 22
0 0.41517 0.0739044 0.00927029 0.0395285 0.50428 109
0 0.470059 0.0842519 0.00678294 0.0382772 0.643482 110
0 0.525619 0.0898524 0.00940164 0.0627215 0.479544 56
0 0.187387 0.104958 0.0114369 0.0510231 0.31846 127
0 0.177264 0.116184 0.0126788 0.0465455 0.310205 111
