0 0.496025 0.637429 0.0282403 0.103865 0.859713 4
0 0.11514 0.203926 0.01857 0.0560714 0.568976 124
0 0.486099 0.18921 0.011413 0.0522114 0.780352 88
0 0.797556 0.0927627 0.00916672 0.0404065 0.643762 132
0 0.182004 0.0946806 0.0135056 0.0704559 0.319154 156
0 0.453421 0.0796469 0.00762024 0.0378311 0.620418 154
0 0.695561 0.114715 0.00879498 0.044606 0.744467 3
0 0.173034 0.115552 0.0155921 0.0510305 0.486398 111
0 0.441772 0.0886124 0.00775852 0.0327638 0.695991 136
0 0.47779 0.0760421 0.0111525 0.0471856 0.593781 22
0 0.433381 0.0557274 0.00719217 0.0383186 0.577733 20
0 0.516681 0.0499922 0.010626 0.0507732 0.383593 137
0 0.491733 0.0613591 0.00921214 0.0368056 0.496124 150
0 0.182288 0.101125 0.0121614 0.0573494 0.363866 127
