0 0.480179 0.731825 0.0250488 0.107404 0.860161 4
0 0.381945 0.0709348 0.0108524 0.0354917 0.49666 1
0 0.469768 0.227554 0.0132889 0.0571829 0.805133 11
0 0.766212 0.10042 0.0106302 0.0437469 0.510225 63
0 0.610693 0.228171 0.0169936 0.0592308 0.729976 3
0 0.53116 0.148476 0.0117929 0.0514971 0.715054 8
0 0.489513 0.0663048 0.00931718 0.0352098 0.438321 6
0 0.640237 0.119147 0.00856559 0.0470032 0.58614 56
0 0.543083 0.102187 0.00917613 0.0456459 0.614957 20
0 0.735919 0.191509 0.0110713 0.0532202 0.700427 38
0 0.457848 0.0656533 0.0108013 0.0407976 0.467322 22
