0 0.491076 0.788231 0.0255717 0.115415 0.831132 4
0 0.102439 0.232452 0.0174736 0.0608663 0.796282 93
0 0.600272 0.276519 0.0184682 0.0622499 0.814875 38
0 0.443363 0.255763 0.0150511 0.0588627 0.435856 3
0 0.435851 0.266695 0.0148945 0.0619055 0.59618 88
0 0.142989 0.13255 0.0140826 0.0627667 0.454783 64
0 0.319616 0.121086 0.00783431 0.042383 0.742317 110
0 0.520971 0.115893 0.00968132 0.0438307 0.53591 56
0 0.636172 0.152303 0.00975412 0.0463518 0.736363 71
0 0.568422 0.167531 0.0113913 0.0497239 0.761423 22
0 0.41148 0.132912 0.00772037 0.0456205 0.73337 89
0 0.520024 0.177533 0.00987755 0.0508676 0.764292 41
0 0.482022 0.0479185 0.00734577 0.0408302 0.257609 102
0 0.177947 0.11106 0.0117705 0.0446926 0.329802 111
0 0.167269 0.119628 0.0134368 0.0539837 0.381043 115
