0 0.469618 0.776815 0.0286373 0.108968 0.873608 4
0 0.312328 0.290266 0.0136558 0.0646433 0.800653 38
0 0.583635 0.185916 0.0107291 0.054311 0.777619 8
0 0.73598 0.140249 0.0130039 0.0477814 0.749232 22
0 0.460228 0.356725 0.0180743 0.0706234 0.799133 88
0 0.571213 0.286029 0.0186357 0.0665617 0.829911 3
0 0.512883 0.0434679 0.0105185 0.0416906 0.446034 75
0 0.0254998 0.291933 0.0197553 0.0586397 0.8282 93
0 0.474537 0.198652 0.0146432 0.045851 0.660663 71
0 0.222226 0.17848 0.0116727 0.0521779 0.632399 20
0 0.162148 0.118052 0.0139051 0.0459638 0.434105 64
0 0.61205 0.115822 0.0126518 0.0447875 0.726125 63
0 0.339915 0.131807 0.00794878 0.0403751 0.744821 72
0 0.488476 0.223704 0.0154381 0.0608339 0.620294 70
0 0.489058 0.13775 0.0107213 0.0465571 0.728066 89
0 0.592975 0.164763 0.0109351 0.046931 0.668379 41
0 0.500176 0.123023 0.0110272 0.0482247 0.360289 56
0 0.14769 0.123114 0.0127946 0.0587409 0.352123 11
