0 0.419093 0.547063 0.0244586 0.086212 0.862416 4
0 0.0971722 0.213384 0.0141055 0.0539574 0.712029 124
0 0.179964 0.107495 0.0120872 0.062484 0.304294 127
0 0.575768 0.148002 0.0167561 0.0573246 0.745342 132
0 0.389324 0.0635342 0.00929235 0.0353955 0.552041 20
0 0.399361 0.179697 0.0140644 0.0388591 0.772477 88
0 0.515029 0.0634973 0.0100735 0.0363902 0.532721 170
0 0.49638 0.041113 0.0088577 0.0366987 0.439347 171
0 0.359495 0.0510715 0.00890818 0.0393789 0.397643 172
0 0.443328 0.0705613 0.0121737 0.0553066 0.512351 168
0 0.386874 0.128503 0.00861136 0.0404251 0.612252 162
0 0.301846 0.0400986 0.0139523 0.0373989 0.27297 109
0 0.595366 0.0841383 0.00905774 0.0396883 0.642891 165
0 0.424679 0.0918928 0.013003 0.034012 0.635331 137
