0 0.432891 0.705896 0.0264023 0.104272 0.865733 4
0 0.614147 0.209813 0.0101364 0.0538846 0.74216 88
0 0.043148 0.273098 0.0199551 0.0606051 0.782259 93
0 0.592779 0.179295 0.00858542 0.0511027 0.792144 3
0 0.354297 0.151755 0.0127925 0.0466948 0.765087 20
0 0.524145 0.108829 0.0117278 0.0483847 0.467036 8
0 0.367874 0.0834679 0.00757243 0.0400061 0.627973 89
0 0.618555 0.0966703 0.00861162 0.0447472 0.588782 75
0 0.456057 0.20972 0.0123951 0.0528098 0.785517 38
0 0.558678 0.0642195 0.0082339 0.0368643 0.362537 22
0 0.511538 0.0461168 0.00928189 0.0391181 0.398597 102
0 0.573042 0.0795881 0.00905558 0.0405731 0.313703 71
0 0.495654 0.0736804 0.00787957 0.0357109 0.35558 41
