0 0.426296 0.669922 0.0324558 0.0989296 0.857375 4
0 0.426643 0.224717 0.0126342 0.0589003 0.54759 11
0 0.504339 0.069039 0.00905581 0.0412654 0.659261 20
0 0.638155 0.181504 0.0101755 0.052857 0.80212 38
0 0.508711 0.110162 0.0103926 0.0451255 0.655676 8
0 0.0208757 0.283622 0.0256811 0.0621336 0.800444 65
0 0.516801 0.205177 0.0111752 0.0571649 0.780187 3
0 0.61258 0.0864919 0.0104726 0.0425382 0.270633 63
0 0.604647 0.0647942 0.00965894 0.0409351 0.345103 41
0 0.462567 0.0867971 0.00941598 0.0414379 0.591899 5
0 0.421088 0.108373 0.00983423 0.0440515 0.667071 1
0 0.380841 0.0860789 0.00889009 0.0388275 0.722762 13
0 0.517399 0.0745341 0.00903991 0.0422238 0.567889 56
0 0.453301 0.0576199 0.0103458 0.0434353 0.405841 22
