0 0.418387 0.652527 0.0303304 0.098766 0.871707 4
0 0.376917 0.202715 0.0159 0.0491731 0.735087 11
0 0.0752979 0.218685 0.0161184 0.0541871 0.645696 65
0 0.531342 0.165226 0.0164107 0.046526 0.783829 3
0 0.162188 0.11429 0.0129714 0.0553823 0.594781 64
0 0.370743 0.0902672 0.0121893 0.0391025 0.769464 41
0 0.647393 0.131153 0.0114152 0.0483264 0.468269 38
0 0.217894 0.119315 0.0115616 0.0439367 0.694508 20
0 0.257469 0.0793749 0.00987522 0.0384317 0.523799 71
0 0.417571 0.0674482 0.00846567 0.034168 0.704245 72
0 0.538526 0.0747778 0.00747579 0.0361687 0.56755 56
0 0.570084 0.0721257 0.0118175 0.0361828 0.540314 63
0 0.231659 0.063645 0.00874238 0.0412287 0.4657 70
0 0.658639 0.0649348 0.00965481 0.041654 0.624375 8
0 0.507082 0.0807288 0.0137798 0.0489928 0.618751 22
