0 0.488404 0.798235 0.0343132 0.110788 0.872654 4
0 0.0619048 0.253447 0.0165563 0.0582678 0.769387 93
0 0.607114 0.280617 0.0163236 0.0627118 0.799522 38
0 0.31958 0.121465 0.00663338 0.0427238 0.725489 110
0 0.61591 0.17168 0.0133245 0.0505472 0.786969 22
0 0.524874 0.191148 0.0102307 0.03788 0.482448 41
0 0.487773 0.136276 0.00990661 0.0483937 0.779516 8
0 0.417494 0.243112 0.0131811 0.0570477 0.769887 20
0 0.704968 0.18908 0.013917 0.0540513 0.690029 71
0 0.466869 0.0497586 0.00851037 0.0380211 0.506722 102
0 0.443661 0.13294 0.00779333 0.0446101 0.776391 89
0 0.441202 0.260314 0.0133747 0.065744 0.553657 88
0 0.49819 0.188437 0.0111321 0.0535707 0.630645 75
0 0.151327 0.125445 0.0121564 0.0478674 0.389052 64
0 0.176062 0.115239 0.0126396 0.0459905 0.334395 111
0 0.165378 0.12101 0.0134509 0.0508966 0.384126 115
0 0.469901 0.104634 0.00796518 0.0437309 0.578332 56
