0 0.497634 0.658923 0.0318296 0.0970277 0.871877 4
0 0.116296 0.207428 0.0157797 0.0536596 0.647209 124
0 0.484297 0.179273 0.0109638 0.0497123 0.795299 88
0 0.625332 0.14275 0.0118387 0.0498491 0.306424 3
0 0.528861 0.0390542 0.00805092 0.0366868 0.31116 109
0 0.417503 0.0647686 0.00805387 0.0420985 0.616541 136
0 0.520968 0.0787982 0.00999432 0.045205 0.36497 22
0 0.708744 0.0927932 0.00910791 0.0422196 0.7065 132
0 0.567116 0.0585872 0.012468 0.0382825 0.368443 137
0 0.180286 0.111109 0.0146496 0.0495718 0.343331 127
0 0.498139 0.0727295 0.0159611 0.0471278 0.326269 20
