0 0.486347 0.569861 0.0228357 0.091171 0.846558 4
0 0.115632 0.207227 0.0189843 0.0495305 0.610335 124
0 0.487037 0.184929 0.00989122 0.049856 0.749063 88
0 0.18198 0.0935484 0.0125048 0.07448 0.423514 156
0 0.17259 0.113456 0.0167771 0.0549959 0.441559 111
0 0.722065 0.0861914 0.00938047 0.0417869 0.680615 132
0 0.482623 0.0865302 0.0106935 0.0372914 0.754982 22
0 0.52486 0.111089 0.0102908 0.0407324 0.45662 162
0 0.68047 0.10897 0.0103649 0.0452819 0.753102 3
0 0.607983 0.0576877 0.00745837 0.0333169 0.61828 136
0 0.402351 0.0767903 0.0119105 0.0355847 0.403701 154
0 0.504184 0.0450305 0.00944125 0.0323012 0.462799 153
0 0.428148 0.051997 0.0151687 0.0414109 0.428185 109
