0 0.403571 0.904728 0.0317109 0.114172 0.837469 4
0 0.0420147 0.60201 0.0222864 0.0914918 0.848548 38
0 0.0733377 0.345341 0.0180677 0.0733703 0.767582 20
0 0.123725 0.206099 0.0142133 0.0616734 0.600389 70
0 0.439238 0.185443 0.0110677 0.0548053 0.739557 73
0 0.28301 0.221627 0.0165623 0.0536944 0.767083 71
0 0.344488 0.40371 0.0199015 0.0796348 0.825106 3
0 0.548129 0.148954 0.0180537 0.0532479 0.781921 63
0 0.444588 0.415044 0.022827 0.0728633 0.865553 11
0 0.23317 0.187101 0.0123198 0.046083 0.636024 72
0 0.461551 0.214527 0.0127194 0.0562582 0.779748 41
0 0.564137 0.238704 0.0138026 0.0614163 0.774207 8
0 0.411037 0.153551 0.00969874 0.0520393 0.689815 56
0 0.159578 0.117489 0.0138938 0.0473742 0.276162 64
0 0.514806 0.0348414 0.00960751 0.0490463 0.395121 75
0 0.685061 0.222048 0.0124553 0.0560183 0.76125 22
