0 0.338168 0.569033 0.039467 0.0890974 0.868126 4
0 0.0902853 0.220124 0.0178326 0.0547625 0.69697 124
0 0.369287 0.222353 0.0174696 0.0514708 0.713814 88
0 0.442805 0.0652118 0.00795514 0.0322123 0.527167 168
0 0.347984 0.144216 0.0128789 0.0454545 0.553048 162
0 0.534703 0.163852 0.0112928 0.0490233 0.749722 3
0 0.43075 0.0878572 0.0100371 0.0357661 0.56863 150
0 0.360157 0.0702808 0.01172 0.0357807 0.496098 22
0 0.583063 0.174456 0.0144903 0.0437568 0.764033 132
0 0.283215 0.0567943 0.00879723 0.0363682 0.531517 109
0 0.379528 0.0765085 0.00861216 0.0376875 0.67609 20
0 0.370663 0.107175 0.00935027 0.0418541 0.671082 137
0 0.588299 0.102307 0.00893625 0.0418896 0.317205 165
