0 0.258235 0.562522 0.0460108 0.0731813 0.830052 4
0 0.0470649 0.26261 0.0168906 0.0583926 0.704772 124
0 0.168829 0.351048 0.0161641 0.066454 0.80436 88
0 0.296119 0.194255 0.010967 0.0548089 0.775411 162
0 0.51712 0.250729 0.0211992 0.0500488 0.769507 3
0 0.743371 0.268565 0.0221003 0.0613624 0.872255 132
0 0.185098 0.0931322 0.01458 0.0745365 0.359422 156
0 0.506942 0.0402378 0.00810172 0.0437157 0.499857 171
0 0.371535 0.129214 0.00966371 0.0448346 0.562911 172
0 0.419863 0.126794 0.00877193 0.0475233 0.74341 20
0 0.432144 0.141938 0.00986064 0.046344 0.714371 150
0 0.268216 0.17629 0.0146084 0.0528007 0.767811 137
0 0.532679 0.133202 0.0091836 0.0428602 0.772062 170
0 0.545839 0.178616 0.0113106 0.0520707 0.805236 165
0 0.360512 0.0837498 0.0141183 0.0398772 0.305749 109
