0 0.501915 0.524628 0.0240043 0.0810229 0.849602 1
0 0.799187 0.566772 0.0248262 0.0865517 0.773162 2
0 0.55479 0.826258 0.0233782 0.066342 0.77351 4
0 0.807688 0.372009 0.0292004 0.0717259 0.845094 6
0 0.646651 0.379528 0.0123196 0.0709029 0.787208 7
0 0.648616 0.276778 0.0166529 0.0585081 0.716098 10
0 0.579589 0.575465 0.0264748 0.0817034 0.743917 11
0 0.595275 0.550172 0.0189645 0.0806743 0.712986 3
0 0.38944 0.249136 0.00992378 0.0559377 0.735416 5
0 0.892253 0.278114 0.0185027 0.0610422 0.708199 8
0 0.155195 0.130286 0.0132254 0.0503946 0.602744 23
0 0.985653 0.550554 0.0286939 0.0838994 0.761604 9
0 0.950982 0.534128 0.0333604 0.0869737 0.838781 20
0 0.669064 0.224393 0.0136 0.0579086 0.723399 13
