0 0.500035 0.692432 0.0251495 0.0987816 0.852136 4
0 0.79332 0.18103 0.0104645 0.0549355 0.742859 38
0 0.638998 0.228979 0.0115792 0.0589988 0.72723 3
0 0.51424 0.240576 0.0162797 0.0581145 0.774714 11
0 0.571058 0.159723 0.010497 0.0499799 0.719879 8
0 0.569428 0.111408 0.0109432 0.0490937 0.480559 20
0 0.604896 0.151497 0.0124943 0.0477129 0.72242 13
0 0.7338 0.0801944 0.00962982 0.0450462 0.567198 41
0 0.455081 0.0687037 0.00748037 0.0367494 0.674273 5
0 0.517819 0.0690275 0.00870908 0.0429079 0.521069 6
0 0.467685 0.0604213 0.00695721 0.0347465 0.469404 55
0 0.691498 0.117336 0.00858237 0.0449864 0.641546 56
0 0.497135 0.0437598 0.00892111 0.0322892 0.362017 22
0 0.378386 0.0657059 0.0145209 0.0327789 0.678381 1
