0 0.508024 0.475714 0.0215762 0.0793905 0.828428 1
0 0.738247 0.526166 0.0181579 0.0890671 0.798625 2
0 0.63077 0.49619 0.0223726 0.0764062 0.801266 3
0 0.497444 0.882131 0.0279923 0.118394 0.822403 4
0 0.363782 0.200594 0.00985063 0.0464379 0.776714 5
0 0.66906 0.381468 0.0200703 0.0734925 0.795046 6
0 0.599194 0.354449 0.0159003 0.0714003 0.702558 7
0 0.619417 0.273686 0.0133657 0.0604128 0.749336 8
0 0.659317 0.324863 0.0174386 0.0591235 0.593758 9
0 0.51915 0.226218 0.014818 0.0557001 0.770846 10
0 0.610669 0.536847 0.0212886 0.0836712 0.691151 11
0 0.778232 0.329975 0.0201627 0.0672662 0.787934 12
0 0.568467 0.183051 0.0131627 0.0538689 0.703529 13
0 0.788544 0.224275 0.0194771 0.0605607 0.711663 14
0 0.329428 0.040555 0.00922352 0.0366857 0.269255 18
