0 0.437153 0.754344 0.0257031 0.104875 0.840409 4
0 0.426225 0.241086 0.0134036 0.0572529 0.604781 11
0 0.552213 0.225289 0.0145366 0.0585345 0.782791 3
0 0.503705 0.0914043 0.00882114 0.0412637 0.64524 20
0 0.647454 0.200674 0.0169162 0.0519442 0.785168 38
0 0.167831 0.103198 0.0161173 0.0518346 0.311434 64
0 0.410198 0.0896388 0.00857375 0.0354958 0.38561 1
0 0.419706 0.118741 0.0095376 0.0462026 0.702921 13
0 0.490477 0.128842 0.0145528 0.0561836 0.740406 8
0 0.573378 0.102867 0.0109186 0.0461652 0.566689 56
0 0.666496 0.0976202 0.0103689 0.0440685 0.486975 63
