0 0.502646 0.692038 0.0267954 0.107944 0.855724 4
0 0.116078 0.206986 0.0157169 0.0533037 0.468284 124
0 0.507532 0.20443 0.013216 0.0546159 0.793404 88
0 0.680218 0.1989 0.0116642 0.0555135 0.767708 132
0 0.621235 0.156101 0.0121526 0.051448 0.766335 3
0 0.477878 0.0816913 0.0140951 0.0529427 0.692311 126
0 0.537463 0.0591135 0.00785745 0.0395179 0.307287 109
0 0.515987 0.0602558 0.014585 0.0473147 0.574203 137
0 0.177072 0.115862 0.0152753 0.0497914 0.270595 111
0 0.185257 0.0892194 0.015024 0.0731325 0.363438 127
