0 0.500237 0.657036 0.0269979 0.0974863 0.84688 4
0 0.12296 0.195324 0.0186273 0.0511374 0.765876 124
0 0.487323 0.18856 0.0110078 0.052341 0.782374 88
0 0.158279 0.117498 0.014015 0.0581845 0.670004 111
0 0.605985 0.149354 0.0124006 0.049752 0.775547 3
0 0.541256 0.072419 0.00820154 0.039577 0.355799 126
0 0.52938 0.0890476 0.0111371 0.0399179 0.669003 22
0 0.432996 0.0679512 0.00717338 0.0390998 0.606266 136
0 0.170688 0.113701 0.0142703 0.0525379 0.50177 127
0 0.178517 0.108118 0.0122926 0.0531326 0.367823 156
0 0.504997 0.0625915 0.00847422 0.0383165 0.519878 150
0 0.561461 0.0407528 0.0074091 0.0343767 0.279726 153
0 0.517041 0.0512351 0.00784194 0.0475677 0.37541 109
0 0.446977 0.0686767 0.00784791 0.0378966 0.513226 20
0 0.586999 0.0570398 0.0121721 0.0379569 0.341988 137
