0 0.445625 0.694061 0.0318302 0.100102 0.873926 4
0 0.0497842 0.271257 0.0179043 0.0613682 0.776095 93
0 0.32724 0.139888 0.0119191 0.0472816 0.77647 20
0 0.514902 0.111615 0.0112776 0.0439842 0.647209 8
0 0.390961 0.0897661 0.0105195 0.0418095 0.562022 56
0 0.444963 0.228436 0.0144812 0.0543622 0.797209 38
0 0.521922 0.0678991 0.00906277 0.0371994 0.383208 109
0 0.477853 0.102415 0.00876236 0.0431205 0.536324 22
0 0.518604 0.212846 0.0127679 0.0778907 0.408912 3
0 0.432684 0.0843499 0.00721474 0.0398938 0.535489 110
0 0.51828 0.227937 0.0116377 0.0507596 0.544868 88
0 0.585583 0.119708 0.00836271 0.0444994 0.74402 75
0 0.408638 0.126805 0.00854012 0.0451735 0.695525 41
0 0.496206 0.0454222 0.00724271 0.0339064 0.471015 102
0 0.341368 0.0988925 0.00849276 0.0434264 0.742639 89
0 0.173397 0.118904 0.0127536 0.0503816 0.337724 64
0 0.152833 0.126336 0.0118846 0.0491855 0.373338 111
