0 0.531817 0.653072 0.0301729 0.099529 0.863158 4
0 0.117035 0.205268 0.0149048 0.0531332 0.693628 124
0 0.4606 0.0816738 0.009659 0.0400603 0.64464 89
0 0.489602 0.197999 0.00998599 0.0523886 0.757191 88
0 0.796074 0.14379 0.0119587 0.0508987 0.776591 132
0 0.494462 0.0761537 0.0101129 0.0407613 0.599901 56
0 0.62054 0.110913 0.0110419 0.0449448 0.794635 136
0 0.686222 0.0999459 0.0105194 0.0472138 0.5463 3
0 0.417513 0.0753316 0.0076136 0.0388787 0.560058 109
0 0.53329 0.040541 0.00980781 0.0347817 0.310476 102
0 0.429842 0.0747457 0.0100541 0.0439969 0.297335 126
0 0.167072 0.118721 0.0167269 0.0576197 0.321255 127
