0 0.434449 0.704498 0.0316654 0.104175 0.863139 4
0 0.524441 0.214731 0.0176726 0.0440542 0.670839 11
0 0.0702384 0.222243 0.0164135 0.055533 0.746025 65
0 0.163252 0.113479 0.0121041 0.0549292 0.667139 64
0 0.673797 0.149792 0.0117859 0.040876 0.651739 38
0 0.694172 0.0776216 0.0103806 0.0401527 0.625886 8
0 0.507734 0.0940313 0.00919437 0.0548197 0.577075 56
0 0.453733 0.0756469 0.00770486 0.0321516 0.542265 72
0 0.556118 0.0793105 0.00965436 0.0410453 0.679928 63
0 0.543775 0.0911952 0.0081672 0.0405767 0.735525 73
0 0.592348 0.108333 0.00994148 0.0401351 0.628061 22
0 0.370979 0.0890398 0.00939868 0.035967 0.698561 71
0 0.641241 0.157056 0.015446 0.0412135 0.710641 3
0 0.278834 0.139955 0.0128166 0.0421179 0.741915 20
