0 0.488084 0.795017 0.0333965 0.109463 0.868716 4
0 0.059874 0.254845 0.0166785 0.059188 0.79833 93
0 0.65351 0.262205 0.0151986 0.0607502 0.783323 38
0 0.301609 0.116798 0.01032 0.042201 0.269382 110
0 0.52488 0.192803 0.0105769 0.0332718 0.364397 41
0 0.332812 0.210649 0.0151816 0.0538334 0.819654 20
0 0.795489 0.185026 0.0152206 0.0555807 0.771688 71
0 0.467701 0.276732 0.0158154 0.0605303 0.804993 88
0 0.481511 0.169917 0.00931063 0.0520463 0.779355 75
0 0.15707 0.120392 0.0109743 0.0508328 0.520714 64
0 0.42851 0.120507 0.011124 0.044254 0.728352 89
0 0.185072 0.111844 0.00923293 0.0428961 0.46402 111
0 0.488036 0.262731 0.0118765 0.0606275 0.695129 3
0 0.694167 0.0889121 0.00913111 0.045498 0.669493 109
0 0.495057 0.0504299 0.00966523 0.038801 0.510061 102
0 0.503109 0.146339 0.0102723 0.0506281 0.710394 8
0 0.172796 0.118813 0.0137296 0.0493493 0.415287 115
