0 0.445875 0.695256 0.0314893 0.0979259 0.863771 4
0 0.0537834 0.26415 0.0212969 0.0678187 0.781829 93
0 0.313693 0.147485 0.0103865 0.0430985 0.701271 20
0 0.500594 0.109688 0.0122519 0.0469971 0.340125 8
0 0.469687 0.243055 0.0121156 0.0616051 0.77418 38
0 0.476255 0.107995 0.0104989 0.0432722 0.38708 22
0 0.511726 0.238754 0.0126426 0.0543608 0.692982 88
0 0.407269 0.135531 0.0100378 0.0454632 0.705654 41
0 0.495584 0.0466125 0.00777038 0.035792 0.441901 102
0 0.533427 0.0716153 0.00939274 0.0383862 0.523943 109
0 0.505552 0.203261 0.012864 0.0459995 0.707749 3
0 0.552983 0.0936966 0.00959174 0.0422198 0.547793 71
0 0.405939 0.0883311 0.00865151 0.0354832 0.584898 56
0 0.422386 0.08783 0.010051 0.0350431 0.444229 110
