0 0.432767 0.706763 0.0263367 0.105439 0.86432 4
0 0.620494 0.210567 0.0151033 0.0550783 0.777829 88
0 0.0431463 0.273027 0.0196918 0.0608231 0.788064 93
0 0.59458 0.179164 0.00880438 0.052364 0.730873 3
0 0.353585 0.153774 0.0150053 0.0469984 0.817951 20
0 0.525979 0.109696 0.0125344 0.0470602 0.462897 8
0 0.373341 0.0826058 0.0102108 0.0413515 0.665227 89
0 0.619958 0.0956587 0.00922629 0.0443564 0.733126 75
0 0.436306 0.0797383 0.013249 0.0370658 0.534725 56
0 0.456766 0.21042 0.011387 0.0516769 0.792784 38
0 0.562146 0.0660786 0.0082749 0.0365138 0.535416 22
0 0.503337 0.0739082 0.00802018 0.0311969 0.355055 41
0 0.513798 0.0770841 0.00928294 0.0358861 0.354062 102
