0 0.499205 0.665127 0.0336331 0.100004 0.816196 4
0 0.116298 0.207217 0.0164441 0.0536785 0.500747 124
0 0.498781 0.200429 0.0142106 0.0532512 0.771736 88
0 0.669014 0.1868 0.0113192 0.0529888 0.791349 132
0 0.621337 0.156293 0.0114849 0.0507109 0.786208 3
0 0.473943 0.0790351 0.0116707 0.0500602 0.412225 126
0 0.529125 0.057675 0.00867745 0.0385938 0.50389 109
0 0.505728 0.0654177 0.0107035 0.0429366 0.448848 137
0 0.176605 0.114991 0.0144606 0.0504744 0.538158 111
0 0.187468 0.0897385 0.015357 0.0743899 0.364791 127
0 0.494907 0.0725235 0.00851078 0.0371566 0.417084 20
0 0.461635 0.0829497 0.00788317 0.0434601 0.691343 136
0 0.519534 0.0442257 0.0107338 0.0592705 0.391935 22
