0 0.516127 0.80648 0.0314429 0.106826 0.857504 4
0 0.819762 0.180655 0.0159152 0.0475615 0.658877 38
0 0.834092 0.15575 0.0153388 0.0464629 0.462758 71
0 0.674486 0.284393 0.0243822 0.0603073 0.830954 88
0 0.160545 0.12285 0.0151854 0.057693 0.525795 64
0 0.725363 0.265987 0.0193347 0.0631573 0.806171 3
0 0.520836 0.0457518 0.00975657 0.0384497 0.406825 102
0 0.385588 0.217327 0.0103305 0.0528515 0.794828 20
0 0.55119 0.161107 0.0120487 0.0416095 0.704429 126
0 0.531856 0.187092 0.01452 0.0525731 0.786625 41
0 0.183392 0.0946891 0.0142317 0.0710836 0.392512 127
0 0.488616 0.170963 0.0116082 0.0518992 0.719502 8
0 0.184363 0.106138 0.0113222 0.0525218 0.362665 111
0 0.469802 0.138729 0.0104771 0.0473452 0.713757 89
0 0.685217 0.16769 0.0157133 0.0518783 0.733798 56
0 0.635953 0.152299 0.0108243 0.0537593 0.740213 109
0 0.707044 0.107887 0.0116067 0.0458141 0.625144 22
0 0.506319 0.101723 0.00645676 0.037902 0.736021 110
0 0.17386 0.121168 0.0145017 0.0491439 0.388828 115
