0 0.419178 0.6521 0.0306428 0.0969174 0.859175 4
0 0.46452 0.20609 0.0111782 0.0553327 0.793701 11
0 0.0759449 0.218437 0.0155344 0.0527859 0.702017 65
0 0.62811 0.128385 0.0116585 0.0440443 0.690177 3
0 0.163182 0.114395 0.0119413 0.0542183 0.596461 64
0 0.683943 0.118139 0.0108268 0.0442858 0.709706 38
0 0.250773 0.128643 0.012468 0.0455789 0.718341 20
0 0.596666 0.0974917 0.0127355 0.0397428 0.737222 22
0 0.691205 0.0677606 0.00785815 0.0407072 0.584662 8
0 0.323656 0.0827263 0.00969489 0.0407926 0.494615 71
0 0.509767 0.0793148 0.00910616 0.0407476 0.609414 56
0 0.534133 0.0737371 0.00893119 0.0364717 0.495438 73
0 0.457115 0.0769526 0.0112472 0.0463168 0.704733 72
0 0.582704 0.0774528 0.0133786 0.0416008 0.612076 63
0 0.290351 0.0554938 0.00960058 0.039211 0.452959 70
