0 0.531086 0.652476 0.0310928 0.0979671 0.867519 4
0 0.116331 0.205449 0.0145375 0.0518543 0.642186 124
0 0.525355 0.210723 0.0135751 0.0577061 0.639256 88
0 0.165187 0.117198 0.0196624 0.061994 0.373556 127
0 0.661988 0.108272 0.0105134 0.0437951 0.720299 3
0 0.720064 0.18385 0.0106461 0.0513487 0.810282 132
0 0.490786 0.0611451 0.00874106 0.0374323 0.622288 109
0 0.541181 0.0928136 0.0103868 0.0530104 0.480891 89
0 0.478187 0.075175 0.011925 0.0431632 0.569276 126
0 0.443109 0.0999989 0.0112242 0.0448308 0.724322 136
