0 0.530615 0.65393 0.0300415 0.0975253 0.865202 4
0 0.117542 0.207122 0.0153281 0.0534831 0.68398 124
0 0.689899 0.105507 0.00962105 0.0448988 0.622665 3
0 0.460587 0.0840298 0.0101699 0.0441542 0.412965 89
0 0.416624 0.0733098 0.00906156 0.0395732 0.739324 109
0 0.481152 0.19359 0.0103414 0.0522056 0.823949 88
0 0.512018 0.0795963 0.0104003 0.0417412 0.697881 22
0 0.43123 0.0982492 0.00888275 0.0446705 0.718841 41
0 0.161805 0.121097 0.0139036 0.057221 0.56848 111
0 0.797974 0.14982 0.0121627 0.0533967 0.742238 132
0 0.529075 0.0422236 0.00817385 0.0349366 0.370486 102
0 0.181201 0.114893 0.0127165 0.0509653 0.472871 127
0 0.235239 0.0423934 0.00772262 0.0374653 0.314699 135
0 0.48875 0.0768379 0.0104743 0.0473417 0.620751 131
0 0.454921 0.0868061 0.00863288 0.0408296 0.336168 126
