0 0.517604 0.481501 0.0164314 0.082289 0.779257 1
0 0.734911 0.550694 0.0206336 0.0867809 0.812331 2
0 0.550727 0.521263 0.0199697 0.0786573 0.753768 3
0 0.496644 0.883095 0.0333046 0.118143 0.859532 4
0 0.371227 0.22332 0.0102101 0.0480666 0.755802 5
0 0.721122 0.41342 0.0189419 0.0804151 0.761256 6
0 0.604422 0.376203 0.0122149 0.0736647 0.758392 7
0 0.66548 0.254794 0.0142314 0.0589256 0.669627 8
0 0.556284 0.562894 0.0214603 0.0839872 0.780095 11
0 0.800652 0.378701 0.0238146 0.0743825 0.783366 12
0 0.891584 0.265405 0.0195686 0.0650247 0.742981 14
0 0.740903 0.380946 0.0165922 0.0697196 0.722314 20
0 0.617912 0.195851 0.0141626 0.0526591 0.721229 13
0 0.491226 0.0506554 0.00911818 0.0417971 0.442832 16
0 0.585919 0.245701 0.013 0.0584776 0.729432 10
