0 0.431843 0.707246 0.0271704 0.103363 0.878895 4
0 0.286041 0.217608 0.0171033 0.0560774 0.738606 38
0 0.358011 0.254889 0.0125228 0.0588858 0.756401 88
0 0.0215162 0.291473 0.0243971 0.0631721 0.795346 93
0 0.355791 0.116584 0.0133011 0.0394183 0.592609 71
0 0.484657 0.206845 0.0123464 0.0549112 0.781152 3
0 0.514433 0.143787 0.0122014 0.0488397 0.488126 8
0 0.234241 0.0934937 0.01128 0.0382264 0.60622 89
0 0.337457 0.0880421 0.00973612 0.0368194 0.483446 72
0 0.229751 0.148532 0.0130469 0.0476963 0.721089 20
0 0.486921 0.0368444 0.0102678 0.0459706 0.250302 75
0 0.464035 0.13725 0.0104135 0.048811 0.787788 70
0 0.265675 0.0813373 0.0115306 0.0396207 0.5335 56
0 0.164332 0.116656 0.0126296 0.0499468 0.326394 64
0 0.518657 0.0751021 0.00734911 0.0431203 0.560715 41
0 0.683652 0.0985037 0.0105702 0.0439065 0.661735 22
