0 0.445951 0.695381 0.0316775 0.0980407 0.865194 4
0 0.0545309 0.265756 0.0230033 0.0622914 0.749088 93
0 0.312019 0.148905 0.0100354 0.044776 0.755909 20
0 0.499276 0.109804 0.0130613 0.0465953 0.487937 8
0 0.473008 0.245027 0.0120475 0.0611328 0.678856 38
0 0.476048 0.108752 0.0105773 0.0442559 0.419757 22
0 0.512119 0.238903 0.011732 0.0557214 0.708693 88
0 0.407687 0.136271 0.00985451 0.0443809 0.667721 41
0 0.495591 0.0467423 0.00819372 0.0368083 0.474755 102
0 0.53427 0.0720642 0.00935132 0.0375965 0.439139 109
0 0.503979 0.204268 0.0116291 0.0462317 0.691123 3
0 0.553365 0.0942483 0.00958468 0.0422711 0.568971 71
0 0.407791 0.0900005 0.00836639 0.0370008 0.446988 56
0 0.421235 0.0870719 0.00921345 0.0362642 0.396088 110
0 0.571887 0.123376 0.00849241 0.0455883 0.480417 75
