0 0.497628 0.65885 0.031438 0.0968413 0.867613 4
0 0.116318 0.207356 0.0157616 0.0535664 0.64456 124
0 0.484095 0.177947 0.0107949 0.0495332 0.78448 88
0 0.626239 0.142916 0.0113578 0.0499378 0.604161 3
0 0.523374 0.0508028 0.00731821 0.0350302 0.504288 109
0 0.416583 0.0645869 0.00921281 0.0426057 0.581424 136
0 0.709432 0.0906774 0.00861766 0.0397598 0.621658 132
0 0.571873 0.0583502 0.0134795 0.0385651 0.350942 137
0 0.179589 0.111429 0.0152975 0.0503214 0.319126 127
0 0.499263 0.0718029 0.0173903 0.0507243 0.458171 20
