0 0.432962 0.708809 0.0269703 0.104545 0.867371 4
0 0.306226 0.203806 0.0145865 0.0558084 0.810943 38
0 0.366933 0.250751 0.014221 0.0564872 0.76007 88
0 0.0273756 0.281967 0.0232669 0.060222 0.798107 93
0 0.311982 0.122205 0.0111531 0.0439825 0.610784 71
0 0.469983 0.196787 0.0132706 0.0533929 0.752776 3
0 0.209256 0.142418 0.0131105 0.0468864 0.571823 20
0 0.418179 0.104246 0.00782948 0.0462837 0.736745 70
0 0.269198 0.0990745 0.0111696 0.0454906 0.423464 56
0 0.678402 0.0917873 0.00719159 0.0428462 0.600275 22
0 0.465232 0.0975783 0.00980358 0.0452679 0.545721 63
0 0.164638 0.117863 0.0126099 0.0492234 0.318491 64
0 0.459316 0.145851 0.00973088 0.0477236 0.57016 8
0 0.495422 0.0385985 0.00943775 0.0387891 0.403811 75
0 0.239199 0.111985 0.0120539 0.0451288 0.561995 89
0 0.384025 0.0826866 0.00816978 0.0347574 0.524347 72
0 0.524998 0.0767219 0.0126379 0.0399655 0.345235 41
