0 0.529261 0.652793 0.0309659 0.0982803 0.863303 4
0 0.115891 0.207041 0.0162442 0.0520312 0.653968 124
0 0.462186 0.0831695 0.00877876 0.0398824 0.433443 89
0 0.513836 0.19911 0.0109889 0.0529975 0.751941 88
0 0.789537 0.141103 0.0125534 0.0514832 0.621305 132
0 0.68621 0.101856 0.00828368 0.0435941 0.680079 3
0 0.415665 0.0737928 0.0103178 0.039761 0.462267 109
0 0.164967 0.120591 0.0166286 0.0580733 0.32228 127
0 0.475532 0.102506 0.0119125 0.0445205 0.530898 136
0 0.180737 0.111015 0.0145275 0.0485194 0.285593 111
0 0.435457 0.0759666 0.00654825 0.0372339 0.371335 20
0 0.45255 0.0795021 0.00924962 0.052754 0.430115 126
