0 0.379689 0.747547 0.0271932 0.104915 0.857053 4
0 0.58368 0.277997 0.0171017 0.0599331 0.8382 38
0 0.34766 0.273714 0.0136438 0.0618502 0.69875 3
0 0.124148 0.156111 0.0177043 0.0635202 0.402185 39
0 0.3029 0.354002 0.0162272 0.0691678 0.802641 11
0 0.23425 0.146544 0.0127604 0.042473 0.517187 5
0 0.394755 0.200692 0.0112494 0.0654115 0.705669 8
0 0.260064 0.189513 0.0183975 0.0536608 0.789173 13
0 0.0554233 0.239374 0.0155157 0.053021 0.67462 1
0 0.0938149 0.207663 0.0145835 0.0495281 0.625613 55
0 0.490778 0.0524151 0.0088131 0.037378 0.351313 22
0 0.545393 0.151542 0.0105974 0.0497663 0.767421 41
0 0.384021 0.221116 0.013303 0.0543849 0.681641 7
0 0.159019 0.124634 0.0137827 0.0422339 0.301754 31
