0 0.530316 0.656857 0.0311991 0.0996961 0.860475 4
0 0.54063 0.210768 0.0117769 0.054733 0.737869 88
0 0.0977862 0.221914 0.01818 0.0545303 0.69233 124
0 0.759848 0.135799 0.0109282 0.0496072 0.680059 8
0 0.793336 0.140202 0.011105 0.0429476 0.666124 132
0 0.692701 0.108369 0.00956173 0.0456836 0.638394 3
0 0.46543 0.0885192 0.0076094 0.0411653 0.333018 89
0 0.392022 0.0807025 0.00701984 0.0383427 0.548572 20
0 0.500841 0.139128 0.0115404 0.048719 0.548896 41
0 0.533837 0.0446457 0.00893253 0.0345718 0.279987 102
0 0.186595 0.107069 0.0106591 0.0483994 0.349825 111
0 0.64484 0.107444 0.013193 0.0438182 0.512837 131
