0 0.530506 0.655155 0.0255424 0.0971017 0.866387 4
0 0.11729 0.207726 0.0151826 0.0520509 0.608775 124
0 0.744514 0.120332 0.0122297 0.0460586 0.7226 8
0 0.6924 0.106147 0.00858828 0.0453194 0.712878 3
0 0.462113 0.082694 0.00952571 0.0386445 0.647785 89
0 0.411353 0.0742001 0.00834872 0.0364078 0.69011 109
0 0.798225 0.144304 0.0109969 0.0487882 0.690539 132
0 0.483732 0.196171 0.00995064 0.0528205 0.77745 88
0 0.477078 0.0991872 0.0109756 0.0407518 0.666244 126
0 0.540145 0.0838886 0.00916729 0.0403405 0.559562 22
0 0.527851 0.0882728 0.00844828 0.0426109 0.474919 131
0 0.496437 0.0778484 0.00870043 0.0423518 0.678174 56
0 0.447987 0.110821 0.0105955 0.0453704 0.592817 41
