0 0.422076 0.674313 0.0282159 0.103338 0.841488 4
0 0.490914 0.206048 0.0185438 0.0479121 0.736302 11
0 0.07541 0.218603 0.0170232 0.0550975 0.713186 65
0 0.636738 0.136038 0.013016 0.0366096 0.623598 3
0 0.162977 0.114543 0.0121034 0.0536334 0.617298 64
0 0.687584 0.134131 0.0130102 0.0386473 0.562344 38
0 0.265775 0.133713 0.00911886 0.0425991 0.72792 20
0 0.694859 0.0719199 0.00992781 0.042101 0.638099 8
0 0.506526 0.0911965 0.00842644 0.0334621 0.746817 56
0 0.45839 0.0713128 0.00843767 0.0275052 0.618435 72
0 0.490951 0.071174 0.00921564 0.0376293 0.646104 41
0 0.562946 0.0826396 0.0113893 0.0373198 0.521715 63
0 0.313683 0.0622601 0.00875365 0.0354624 0.653852 70
0 0.541119 0.0823929 0.00835603 0.0344354 0.439264 73
0 0.598816 0.101358 0.00875505 0.039264 0.577337 22
0 0.352795 0.0838374 0.011124 0.0391467 0.630113 71
