0 0.480926 0.783619 0.0217702 0.10741 0.827464 4
0 0.103246 0.233239 0.0163726 0.0609521 0.799661 93
0 0.396457 0.214113 0.00941922 0.052308 0.74222 20
0 0.597308 0.275253 0.0145439 0.0634963 0.772323 38
0 0.442717 0.255835 0.0155176 0.0580675 0.494445 3
0 0.435637 0.26638 0.0144815 0.0626732 0.645301 88
0 0.143614 0.13197 0.0119632 0.0642194 0.379145 64
0 0.322285 0.120307 0.0105912 0.0437914 0.602713 110
0 0.50207 0.17299 0.0105031 0.0509219 0.55729 75
0 0.514951 0.115489 0.0103546 0.0449585 0.574234 56
0 0.632261 0.14796 0.0104668 0.0438707 0.771514 71
0 0.562621 0.164762 0.0112287 0.0483466 0.810632 22
0 0.63983 0.0978936 0.0074241 0.0440161 0.609545 109
0 0.406718 0.131114 0.009554 0.0485309 0.745801 89
0 0.516241 0.178503 0.0125919 0.0518043 0.760507 41
0 0.484412 0.0511803 0.00869433 0.0366496 0.364829 102
0 0.177207 0.113155 0.0153745 0.0440894 0.283748 111
0 0.163842 0.119747 0.0160636 0.0513433 0.361277 115
