0 0.492907 0.818569 0.0295897 0.113727 0.854415 4
0 0.281676 0.377213 0.0175513 0.0735758 0.824029 38
0 0.267027 0.20115 0.0125787 0.0473688 0.744168 20
0 0.486078 0.174518 0.0141173 0.0484811 0.717165 71
0 0.559474 0.19047 0.00978603 0.057826 0.779061 8
0 0.773425 0.236378 0.015832 0.0588545 0.657639 22
0 0.567989 0.375695 0.0160428 0.0714833 0.804181 88
0 0.606058 0.11421 0.0115533 0.0451913 0.7149 63
0 0.546451 0.31291 0.0182652 0.0669991 0.759879 3
0 0.719797 0.208442 0.0144921 0.0533593 0.780651 41
0 0.370756 0.208921 0.014474 0.0561884 0.758053 70
0 0.161939 0.114846 0.0139453 0.0481438 0.318227 64
0 0.521598 0.0442008 0.00856291 0.0361805 0.482629 75
0 0.386336 0.125794 0.0106516 0.0419008 0.658384 72
0 0.00836811 0.310403 0.0167362 0.0529373 0.768596 93
0 0.48759 0.11994 0.00852095 0.040238 0.665509 89
0 0.5064 0.110452 0.0124736 0.0452492 0.744093 56
