0 0.43315 0.709459 0.0270428 0.102581 0.864385 4
0 0.319577 0.196589 0.0100996 0.0537025 0.734769 38
0 0.392133 0.25551 0.0162937 0.0579456 0.783861 88
0 0.0339763 0.2791 0.0215092 0.0596431 0.819125 93
0 0.323388 0.124063 0.0129757 0.0426594 0.383537 71
0 0.478124 0.194246 0.0117258 0.0558638 0.774759 3
0 0.215671 0.147224 0.0139493 0.0487173 0.67432 20
0 0.291877 0.103294 0.0146135 0.0463938 0.515058 56
0 0.68614 0.0892913 0.00865472 0.0425392 0.782445 22
0 0.45661 0.0916911 0.00918827 0.0443617 0.640774 63
0 0.164748 0.116501 0.0124856 0.0509268 0.362316 64
0 0.456898 0.143322 0.0110529 0.0509572 0.68876 8
0 0.234651 0.111497 0.00929577 0.0462131 0.596925 89
0 0.549279 0.0796712 0.0131662 0.0361095 0.372837 41
0 0.50461 0.0411053 0.00971937 0.0373709 0.384362 75
0 0.412367 0.0848824 0.010705 0.0510341 0.562943 72
