0 0.500262 0.656416 0.0276452 0.0955443 0.845528 4
0 0.117776 0.20316 0.0173236 0.0532206 0.714023 124
0 0.488417 0.183888 0.00975647 0.0525754 0.799889 88
0 0.160274 0.119001 0.0155985 0.0586014 0.577942 111
0 0.461949 0.0657242 0.00763626 0.0350357 0.608052 20
0 0.687678 0.0924964 0.00946465 0.0402312 0.723064 132
0 0.518089 0.0588579 0.00748552 0.0375562 0.305745 109
0 0.566852 0.0408371 0.00792459 0.0339092 0.294826 153
0 0.178023 0.112445 0.0150241 0.0521226 0.367206 127
0 0.621105 0.152057 0.0127121 0.0494417 0.757405 3
0 0.572675 0.0799027 0.00992012 0.0428286 0.494359 126
