0 0.445937 0.696307 0.0312935 0.0973735 0.853758 4
0 0.0647745 0.258979 0.0164338 0.0613021 0.803667 93
0 0.307599 0.163436 0.00988102 0.0471335 0.788679 20
0 0.526838 0.262598 0.0198645 0.0592871 0.811508 38
0 0.497682 0.0501919 0.00894626 0.0379488 0.294613 102
0 0.546167 0.0799572 0.00870972 0.0403905 0.604405 109
0 0.55278 0.131023 0.0102548 0.0475145 0.627208 75
0 0.36358 0.110945 0.00902395 0.0436346 0.698635 89
0 0.435272 0.0961842 0.00911592 0.0444023 0.580692 56
0 0.480631 0.222937 0.0103279 0.0546216 0.679576 3
0 0.492305 0.249733 0.0146691 0.0585529 0.796107 88
0 0.477766 0.114264 0.0113011 0.0545766 0.587428 22
0 0.174511 0.120674 0.0147339 0.0531488 0.410748 64
