0 0.488695 0.798402 0.0342213 0.110245 0.876123 4
0 0.0614809 0.253971 0.0173383 0.0575729 0.792748 93
0 0.61699 0.271914 0.0171861 0.0600833 0.794906 38
0 0.320004 0.121155 0.00806964 0.0420744 0.787347 110
0 0.618583 0.172608 0.0144777 0.050773 0.806477 22
0 0.524672 0.191815 0.0119246 0.0351599 0.470021 41
0 0.48288 0.134437 0.0092865 0.0516387 0.645813 8
0 0.399668 0.233953 0.0141143 0.0565367 0.735316 20
0 0.730654 0.191812 0.0130203 0.0546035 0.725406 71
0 0.441413 0.133122 0.00976836 0.0453645 0.788845 89
0 0.443282 0.261282 0.0179537 0.0686214 0.792166 88
0 0.484366 0.181969 0.0113127 0.0512817 0.697772 75
0 0.154193 0.124853 0.00900195 0.047898 0.376745 64
0 0.455649 0.103487 0.00872634 0.0432833 0.746038 56
0 0.459839 0.0467196 0.0084336 0.034735 0.469097 102
0 0.702245 0.100535 0.00920486 0.0461188 0.299009 109
