0 0.344908 0.384122 0.0237584 0.0649213 0.837145 1
0 0.500168 0.842044 0.0320336 0.11392 0.823067 4
0 0.562908 0.323296 0.0149871 0.0670315 0.751217 7
0 0.421904 0.251664 0.0206991 0.0515795 0.456415 10
0 0.43198 0.476841 0.022917 0.0735913 0.800407 11
0 0.861226 0.226415 0.0127583 0.0561376 0.660598 8
0 0.154433 0.121609 0.015737 0.0517209 0.466305 31
0 0.410384 0.477523 0.0170861 0.0775759 0.797028 3
0 0.665216 0.297953 0.0152343 0.0658327 0.719347 20
0 0.745478 0.280872 0.0216816 0.0609362 0.796322 34
0 0.661174 0.20668 0.0196098 0.0531795 0.784611 13
0 0.959439 0.331621 0.0235556 0.0733565 0.814594 41
0 0.649113 0.317585 0.0157694 0.0604695 0.742991 38
0 0.687496 0.199677 0.012542 0.0566917 0.630373 6
0 0.235386 0.234376 0.0118024 0.0539119 0.696238 5
0 0.136576 0.125311 0.020872 0.0775135 0.737906 23
