0 0.443885 0.697877 0.0271329 0.0968449 0.867275 4
0 0.0841302 0.23754 0.0163217 0.059328 0.779891 93
0 0.34332 0.192789 0.0119764 0.0530319 0.707131 20
0 0.572843 0.26106 0.0135782 0.0621373 0.785585 38
0 0.494651 0.0506743 0.00733563 0.0379542 0.497609 102
0 0.469922 0.112204 0.00927537 0.0466928 0.677898 8
0 0.591618 0.0923802 0.00990562 0.0418217 0.755754 109
0 0.466872 0.170413 0.01071 0.0493576 0.71997 41
0 0.391308 0.122865 0.00874491 0.039218 0.651895 89
0 0.511128 0.150952 0.0128693 0.0532081 0.567065 75
0 0.443028 0.257071 0.0163375 0.0713965 0.642213 3
0 0.610785 0.123355 0.0112023 0.0441041 0.682086 71
0 0.161209 0.118619 0.0148605 0.054393 0.359245 111
0 0.518661 0.145079 0.00986614 0.0493078 0.53983 22
0 0.490272 0.100258 0.00922 0.0431452 0.44053 56
