0 0.529759 0.650438 0.0305592 0.096421 0.866045 4
0 0.11579 0.205279 0.0151319 0.052257 0.635077 124
0 0.517112 0.198955 0.0107307 0.0543174 0.74122 88
0 0.164956 0.117205 0.0169957 0.0600365 0.363675 127
0 0.40542 0.0646164 0.0081509 0.0343896 0.709908 136
0 0.39448 0.09104 0.00830609 0.0410843 0.68978 137
0 0.684099 0.0996027 0.00725899 0.045406 0.428746 3
0 0.00996356 0.2919 0.0198928 0.0565541 0.84346 140
0 0.763009 0.150921 0.00955626 0.0487822 0.772259 132
0 0.519668 0.0538605 0.0137437 0.0654094 0.565705 56
0 0.45859 0.0514706 0.00856915 0.0362249 0.406094 109
