0 0.42122 0.770519 0.0224334 0.103468 0.837251 4
0 0.717822 0.269076 0.0110018 0.060779 0.741397 38
0 0.399083 0.287672 0.0175629 0.058827 0.537461 3
0 0.301608 0.428946 0.0211438 0.0693613 0.762644 11
0 0.447647 0.219198 0.0103659 0.0552516 0.353234 8
0 0.123666 0.217498 0.0130957 0.0533529 0.41702 1
0 0.496043 0.058771 0.00903257 0.0393106 0.36007 22
0 0.271433 0.236513 0.0151309 0.054624 0.604567 20
0 0.427583 0.178032 0.0133198 0.0468874 0.500601 56
0 0.250865 0.235081 0.0137797 0.0551746 0.583136 13
0 0.456086 0.179316 0.010214 0.047594 0.552018 7
0 0.120709 0.165399 0.0135897 0.0545498 0.525157 39
0 0.557211 0.151354 0.0119146 0.0454122 0.814842 41
0 0.398908 0.142647 0.0132475 0.0470863 0.496669 6
0 0.142021 0.138355 0.0109002 0.0489338 0.524418 31
0 0.291576 0.158189 0.00951211 0.042283 0.66853 5
0 0.303143 0.162646 0.0122146 0.0477636 0.654408 55
