0 0.475993 0.829551 0.0313265 0.111475 0.85892 4
0 0.291441 0.329741 0.0181016 0.0690287 0.836792 38
0 0.564981 0.185863 0.013848 0.0540948 0.807488 8
0 0.743782 0.206043 0.0158789 0.0579997 0.753201 22
0 0.527524 0.345852 0.0172084 0.0673184 0.822883 88
0 0.629005 0.125735 0.00935078 0.0461163 0.681539 63
0 0.591417 0.297154 0.0168862 0.0658221 0.788849 3
0 0.686519 0.192414 0.0172703 0.0522095 0.715616 41
0 0.427128 0.242017 0.0145793 0.0592452 0.737267 70
0 0.518753 0.0440683 0.00833864 0.0370958 0.428051 75
0 0.38608 0.127639 0.0114353 0.0370727 0.632848 72
0 0.027167 0.28872 0.0215848 0.0628059 0.794632 93
0 0.533217 0.129557 0.010345 0.0444125 0.74587 56
0 0.520516 0.142502 0.00883992 0.046333 0.700422 89
0 0.498773 0.205152 0.0136587 0.0499196 0.758005 71
0 0.160061 0.116792 0.0184014 0.0513219 0.542138 94
