0 0.495478 0.602944 0.0237955 0.09743 0.842961 4
0 0.115484 0.205583 0.0190515 0.054308 0.577794 124
0 0.487118 0.188501 0.0117441 0.0517339 0.774688 88
0 0.182238 0.0934281 0.0153095 0.0764226 0.602302 156
0 0.171673 0.113165 0.0178389 0.0507316 0.372548 111
0 0.43427 0.0511266 0.00756969 0.0411132 0.596109 20
0 0.519541 0.0472275 0.0111395 0.0551217 0.569102 137
0 0.556301 0.0325748 0.0112677 0.0520874 0.318838 153
0 0.459014 0.0885291 0.0138087 0.048588 0.628774 136
0 0.485244 0.0680939 0.00958405 0.051134 0.670023 150
0 0.703122 0.110834 0.00993118 0.0449251 0.758507 3
