0 0.126773 0.582365 0.0299358 0.0936358 0.855114 4
0 0.0693276 0.240588 0.0204462 0.0589893 0.77889 124
0 0.263328 0.291069 0.0210005 0.0582987 0.506602 88
0 0.300266 0.175066 0.013112 0.051331 0.582715 162
0 0.503497 0.206488 0.0113694 0.0529005 0.746607 3
0 0.424697 0.112879 0.0117039 0.0446956 0.53293 150
0 0.653694 0.219413 0.0128269 0.0525488 0.797516 132
0 0.395854 0.104565 0.00893685 0.0443196 0.557527 20
0 0.184891 0.0937761 0.0155094 0.0749735 0.34615 156
0 0.506113 0.0470473 0.00820042 0.0373733 0.466734 171
0 0.317347 0.142199 0.0125606 0.0445635 0.686764 137
0 0.507012 0.105316 0.00853891 0.0395618 0.755963 170
0 0.406644 0.084874 0.00890894 0.0363506 0.392395 168
0 0.319566 0.0728088 0.0112198 0.0385555 0.383904 109
0 0.571864 0.138315 0.00815112 0.0483991 0.676312 165
0 0.359089 0.0719672 0.00989466 0.0307307 0.310853 22
