0 0.529542 0.65774 0.0316391 0.101162 0.87053 4
0 0.561677 0.209958 0.0153467 0.0542906 0.801242 88
0 0.0899029 0.229243 0.0155015 0.0565512 0.786094 124
0 0.742355 0.138721 0.01329 0.0499082 0.723775 8
0 0.79892 0.141889 0.0131164 0.0485077 0.678426 132
0 0.619209 0.0969376 0.00901445 0.0422441 0.634292 22
0 0.567049 0.102316 0.0100622 0.0443357 0.518859 56
0 0.473544 0.086815 0.00971721 0.0388892 0.359266 110
0 0.694045 0.11272 0.00852604 0.0439544 0.606377 3
0 0.186346 0.108227 0.0114127 0.0452053 0.313201 111
0 0.463655 0.0919851 0.00794783 0.0398157 0.61639 89
0 0.665217 0.108823 0.0124863 0.043138 0.508419 131
0 0.396795 0.0833128 0.00804958 0.0378168 0.576146 20
0 0.519187 0.143716 0.0130963 0.0491415 0.776209 41
0 0.443683 0.0784133 0.00891005 0.0389834 0.536347 109
