0 0.445818 0.696341 0.0312477 0.0979933 0.856438 4
0 0.0633533 0.260877 0.0186565 0.060697 0.769343 93
0 0.307214 0.16238 0.00992622 0.0475072 0.797285 20
0 0.482837 0.107447 0.00980943 0.0431027 0.502529 8
0 0.521566 0.260818 0.0169257 0.0620238 0.793559 38
0 0.42146 0.144411 0.00854956 0.0461963 0.665459 41
0 0.497177 0.0488594 0.00845493 0.0381443 0.442964 102
0 0.545007 0.0784199 0.00845693 0.0399275 0.608913 109
0 0.555909 0.124378 0.00894648 0.0562129 0.727285 75
0 0.176858 0.118481 0.0143929 0.0543707 0.406026 64
0 0.163467 0.116651 0.0115467 0.0510793 0.375407 111
0 0.361441 0.110487 0.00790888 0.043222 0.80504 89
0 0.430862 0.0958782 0.00889425 0.0445032 0.629766 56
0 0.483427 0.220265 0.0111031 0.0550872 0.686408 3
0 0.404225 0.0908554 0.0086023 0.0377534 0.489144 110
0 0.495788 0.247679 0.0112927 0.0571818 0.735882 88
