0 0.432367 0.711555 0.0265432 0.104351 0.874636 4
0 0.343609 0.194001 0.0121254 0.0535239 0.766456 38
0 0.433699 0.257425 0.0125865 0.0571089 0.743544 88
0 0.0392626 0.274556 0.0227204 0.0590816 0.719643 93
0 0.363974 0.120328 0.0116258 0.0438327 0.682115 71
0 0.233282 0.152857 0.013464 0.0484198 0.701266 20
0 0.696349 0.0850787 0.0109426 0.039583 0.586389 22
0 0.460406 0.0856643 0.00846198 0.0393117 0.576111 63
0 0.471134 0.136031 0.00929375 0.0489211 0.736981 8
0 0.602879 0.0762865 0.0121397 0.0406739 0.609692 41
0 0.337474 0.0973841 0.0152007 0.0437466 0.610201 56
0 0.518941 0.0429164 0.00827169 0.0368698 0.337559 75
0 0.255389 0.093205 0.00796682 0.0390287 0.658397 89
0 0.445858 0.0824725 0.00792751 0.0381829 0.440413 72
