0 0.466216 0.77848 0.0283821 0.113768 0.856894 4
0 0.320731 0.252833 0.0189103 0.058684 0.777897 38
0 0.789754 0.132968 0.0115667 0.0487576 0.499855 22
0 0.413809 0.307802 0.0174448 0.0625703 0.798718 88
0 0.552631 0.245717 0.0123041 0.0598027 0.643314 3
0 0.00741862 0.312756 0.0148372 0.0649982 0.810718 93
0 0.238655 0.178881 0.0114701 0.0461375 0.750704 20
0 0.612996 0.108532 0.00934817 0.0436536 0.686866 63
0 0.535516 0.208319 0.0100806 0.0563957 0.717065 70
0 0.445839 0.12795 0.0139174 0.045618 0.656655 56
0 0.308267 0.152798 0.0152319 0.0409621 0.61936 72
0 0.614175 0.183196 0.00929737 0.0563296 0.707847 8
0 0.487265 0.17319 0.0126954 0.050763 0.721646 71
0 0.511509 0.0458787 0.0102715 0.040932 0.397065 75
0 0.416484 0.13178 0.0138985 0.0415486 0.65367 89
