0 0.422824 0.630995 0.030978 0.0990866 0.849107 4
0 0.431328 0.208831 0.0117737 0.055812 0.806575 11
0 0.586072 0.1745 0.0131615 0.0519794 0.710374 38
0 0.5611 0.088953 0.00975876 0.0452468 0.729227 8
0 0.0409923 0.255744 0.0238055 0.0598221 0.732642 65
0 0.506238 0.194669 0.0149293 0.0559807 0.81155 3
0 0.152133 0.117981 0.0148335 0.0604728 0.556947 64
0 0.470743 0.102699 0.00887893 0.042844 0.726036 1
0 0.482506 0.0670643 0.00972923 0.0462485 0.441576 5
0 0.302662 0.0467997 0.00994504 0.0451579 0.520781 13
0 0.490772 0.0692753 0.00828177 0.0561069 0.53793 56
0 0.169778 0.105864 0.0110267 0.048977 0.437081 67
