0 0.527194 0.661858 0.0284055 0.100194 0.854653 4
0 0.630928 0.215209 0.017083 0.0542572 0.819868 88
0 0.704896 0.1411 0.0108091 0.0472297 0.68019 3
0 0.584971 0.155459 0.0138096 0.0508178 0.697526 41
0 0.542664 0.0850251 0.013413 0.0427762 0.617239 109
0 0.46261 0.105068 0.00824366 0.0431272 0.780958 89
0 0.0744903 0.25446 0.019588 0.0592895 0.805855 124
0 0.673933 0.147295 0.0134878 0.050064 0.722394 8
0 0.413599 0.114373 0.00826953 0.0411368 0.78322 20
0 0.633647 0.112624 0.0101794 0.0440324 0.709133 126
0 0.177809 0.114 0.0135528 0.0540261 0.543075 111
0 0.681409 0.099885 0.00810216 0.0460301 0.59371 22
0 0.697123 0.120911 0.00921415 0.0381665 0.4011 131
