0 0.425894 0.768476 0.0240709 0.104083 0.822468 4
0 0.720024 0.26645 0.0120138 0.0614237 0.760443 38
0 0.402797 0.286184 0.0130485 0.060936 0.760998 3
0 0.307484 0.427546 0.0170176 0.0685424 0.792348 11
0 0.450562 0.218514 0.0120009 0.0554337 0.508909 8
0 0.126418 0.216244 0.0119148 0.0510244 0.533625 1
0 0.496489 0.0577919 0.00918671 0.03981 0.436264 22
0 0.277881 0.233972 0.0154848 0.0551491 0.752708 20
0 0.433741 0.176871 0.011042 0.0481659 0.617968 56
0 0.256327 0.233763 0.0124346 0.0537347 0.74384 13
0 0.460543 0.178788 0.00951401 0.0474992 0.679668 7
0 0.120351 0.162648 0.01264 0.0550947 0.25827 39
0 0.560589 0.150931 0.013361 0.0465762 0.7579 41
0 0.403058 0.140749 0.0149929 0.0463365 0.65556 6
0 0.142058 0.136659 0.010672 0.04952 0.463171 31
0 0.295445 0.155883 0.00874688 0.0411954 0.546793 5
0 0.307475 0.160473 0.0129112 0.0462588 0.523539 55
