0 0.531016 0.654534 0.0314768 0.0976602 0.866514 4
0 0.11711 0.207897 0.0153263 0.0524459 0.619458 124
0 0.728865 0.115448 0.00956205 0.0465202 0.746523 8
0 0.692512 0.10615 0.00911954 0.0452521 0.714927 3
0 0.461415 0.0832658 0.00939236 0.041772 0.464785 89
0 0.414717 0.0739734 0.00804984 0.0399228 0.557745 109
0 0.481664 0.194616 0.010145 0.0523018 0.805484 88
0 0.469314 0.0980466 0.00823619 0.0400524 0.512872 126
0 0.530813 0.0824475 0.00896571 0.0394664 0.645152 22
0 0.512679 0.0847953 0.00823873 0.0417707 0.64034 131
0 0.491623 0.0773014 0.00867233 0.0427365 0.636647 56
0 0.441675 0.106624 0.00886536 0.0447982 0.662982 41
0 0.158265 0.118269 0.0114332 0.0469637 0.538448 111
0 0.176995 0.116824 0.0148008 0.0490011 0.339919 127
