0 0.419639 0.637932 0.0308732 0.0962284 0.867715 4
0 0.437903 0.199432 0.0110787 0.0519902 0.790152 11
0 0.0758562 0.217735 0.0168274 0.0534576 0.667463 65
0 0.534297 0.055782 0.0110883 0.055881 0.304849 56
0 0.487583 0.0608271 0.0124641 0.0532133 0.593287 22
0 0.639513 0.0508267 0.00907942 0.040777 0.333222 8
0 0.517072 0.187343 0.0136981 0.0699415 0.554833 5
0 0.501986 0.0539987 0.0132574 0.0658062 0.472769 41
0 0.518652 0.194359 0.0120705 0.0516528 0.405079 38
0 0.529807 0.0633388 0.0148409 0.0501146 0.524032 63
