0 0.499973 0.657658 0.0274933 0.0953105 0.846659 4
0 0.125947 0.192598 0.0164885 0.0521754 0.775023 124
0 0.487553 0.190204 0.0103825 0.0509505 0.804437 88
0 0.157823 0.118731 0.0128477 0.0563968 0.59902 111
0 0.607847 0.139857 0.0126172 0.04758 0.773677 3
0 0.508033 0.0847843 0.0085844 0.041312 0.597351 22
0 0.725192 0.105348 0.00970383 0.0425747 0.603325 132
0 0.488479 0.0616844 0.00785408 0.0381255 0.545161 150
0 0.175405 0.112893 0.0157894 0.0584431 0.308195 127
0 0.435862 0.0711385 0.00997966 0.0451994 0.668155 20
0 0.477418 0.0631846 0.00905355 0.0377581 0.285752 154
0 0.531124 0.0416616 0.00980714 0.0332777 0.337835 109
0 0.183729 0.0895042 0.0151121 0.0776635 0.365785 156
0 0.521203 0.0711509 0.0135375 0.0525694 0.624203 126
