0 0.445028 0.694921 0.0321989 0.0994896 0.867066 4
0 0.0496647 0.271915 0.0198204 0.0614132 0.788191 93
0 0.334684 0.13862 0.0141467 0.0445568 0.759232 20
0 0.519458 0.112377 0.00844272 0.0436989 0.719246 8
0 0.383943 0.088181 0.00883004 0.0403037 0.600067 56
0 0.44088 0.223045 0.0137122 0.0564492 0.753383 38
0 0.546376 0.0868956 0.00907688 0.0408941 0.624842 71
0 0.517444 0.0645447 0.00987002 0.0414046 0.424795 109
0 0.154228 0.127998 0.0102305 0.0453829 0.374632 111
0 0.476222 0.098279 0.00980485 0.0491491 0.39218 22
0 0.524227 0.194847 0.0132817 0.0465378 0.373487 3
0 0.436814 0.0845333 0.00833238 0.03725 0.553904 110
0 0.518486 0.225928 0.011621 0.053088 0.695174 88
0 0.589075 0.117414 0.0100851 0.0451002 0.726697 75
0 0.412516 0.124562 0.00959867 0.0419787 0.684609 41
0 0.496506 0.0459407 0.00707006 0.0334198 0.501805 102
0 0.337642 0.0967179 0.00881112 0.0406017 0.425152 89
