0 0.476288 0.785021 0.030035 0.11192 0.868945 4
0 0.0471852 0.282492 0.0186801 0.0577763 0.791808 93
0 0.736701 0.189452 0.0120324 0.0532028 0.783858 38
0 0.347301 0.159819 0.00794897 0.04725 0.472901 20
0 0.817248 0.139352 0.0120781 0.0497152 0.713762 71
0 0.537681 0.272452 0.0165075 0.0601464 0.812771 88
0 0.16157 0.127867 0.0131007 0.0560776 0.583364 64
0 0.602804 0.259821 0.0145542 0.0610775 0.776792 3
0 0.173955 0.123671 0.0141074 0.0520489 0.433497 115
0 0.55157 0.13291 0.0148492 0.0375797 0.378674 56
0 0.53268 0.140593 0.0147935 0.0468183 0.610819 41
0 0.501211 0.151194 0.0126328 0.0425616 0.65503 126
0 0.184345 0.1107 0.010936 0.0510823 0.401856 111
0 0.483792 0.157943 0.00962257 0.0505692 0.753095 8
0 0.429912 0.116485 0.00868677 0.0420362 0.779119 89
0 0.183374 0.103181 0.0132734 0.0595646 0.332433 127
0 0.360759 0.112263 0.0107703 0.0321319 0.684501 110
0 0.606195 0.0949193 0.00997906 0.0397197 0.656615 22
0 0.521824 0.0508697 0.00934944 0.0371499 0.345627 102
