0 0.425554 0.648961 0.0323729 0.102218 0.861065 4
0 0.429358 0.217613 0.0132909 0.0582256 0.756698 11
0 0.622939 0.174717 0.00982075 0.0512632 0.766535 38
0 0.527246 0.101995 0.0106909 0.0481594 0.565893 8
0 0.0274766 0.274248 0.0271067 0.0612646 0.813318 65
0 0.508007 0.199228 0.0105773 0.0564959 0.747297 3
0 0.439404 0.110493 0.0100418 0.0440111 0.664994 1
0 0.351825 0.0730838 0.0105157 0.0395807 0.382995 13
0 0.498166 0.0640614 0.0133511 0.0445767 0.58996 56
0 0.163447 0.0966626 0.0179096 0.0687733 0.387344 64
0 0.587229 0.0621094 0.00963167 0.0402493 0.669718 41
0 0.471606 0.0747135 0.0111795 0.0579514 0.350719 22
0 0.472093 0.0789468 0.0102493 0.0488208 0.309458 5
