0 0.503258 0.769236 0.0301146 0.104014 0.869891 4
0 0.267614 0.414547 0.0211045 0.0789704 0.834388 38
0 0.254724 0.199372 0.0139214 0.0513312 0.728974 20
0 0.451304 0.172384 0.011852 0.0476936 0.611538 71
0 0.565104 0.195326 0.0104389 0.0584347 0.70951 8
0 0.467477 0.108179 0.0145705 0.0441126 0.686976 56
0 0.799222 0.248755 0.0220648 0.0611652 0.796996 22
0 0.537213 0.378009 0.0197787 0.0680288 0.804211 88
0 0.613817 0.11639 0.0134022 0.0467256 0.758949 63
0 0.510155 0.313224 0.0189684 0.0639165 0.771875 3
0 0.691236 0.194627 0.0156591 0.0559037 0.778011 41
0 0.302942 0.189833 0.0133652 0.0528987 0.766042 70
0 0.442204 0.117569 0.0135072 0.043566 0.686995 89
0 0.354322 0.129437 0.00860806 0.0410231 0.710233 72
