0 0.488092 0.798785 0.0345096 0.110342 0.873968 4
0 0.0623172 0.253739 0.0169844 0.0594749 0.752172 93
0 0.607299 0.287852 0.0164094 0.0613028 0.812607 38
0 0.441958 0.262193 0.0167189 0.0704529 0.798367 3
0 0.317199 0.121506 0.00915546 0.0421394 0.763576 110
0 0.616219 0.171216 0.0151986 0.0491596 0.80749 22
0 0.525009 0.18955 0.0105199 0.0421417 0.512288 41
0 0.486392 0.139399 0.0107574 0.0473227 0.623035 8
0 0.417356 0.248656 0.0135725 0.0586826 0.803843 20
0 0.688599 0.184083 0.0134542 0.0549903 0.684889 71
0 0.46737 0.0503365 0.00949593 0.03737 0.504762 102
0 0.436003 0.13364 0.00922658 0.0463117 0.700794 89
0 0.503323 0.18854 0.0113922 0.0493856 0.706661 75
0 0.483838 0.101012 0.0088521 0.0350345 0.424424 56
