0 0.475782 0.829169 0.0316978 0.108574 0.85166 4
0 0.285829 0.341933 0.0163811 0.0690782 0.828077 38
0 0.25463 0.194169 0.00995167 0.0541759 0.794528 20
0 0.556168 0.185786 0.00911032 0.0572084 0.778775 8
0 0.738979 0.217848 0.0171268 0.0561763 0.720365 22
0 0.541276 0.347258 0.0147608 0.0678719 0.794561 88
0 0.622054 0.11999 0.0133311 0.0515478 0.647065 63
0 0.579704 0.302526 0.0169943 0.0678202 0.796728 3
0 0.705349 0.199597 0.0157379 0.0523723 0.769213 41
0 0.43212 0.234414 0.0163819 0.0596381 0.802427 70
0 0.161341 0.117096 0.0150881 0.0509303 0.431193 64
0 0.51908 0.0454209 0.00914386 0.0368598 0.47831 75
0 0.390541 0.124344 0.0100161 0.0402565 0.666665 72
0 0.0249906 0.291695 0.0246467 0.0625723 0.821765 93
0 0.539368 0.12215 0.0116825 0.0410641 0.649557 56
0 0.519055 0.133187 0.00990146 0.0437866 0.73714 89
0 0.503801 0.193249 0.014609 0.0481644 0.772552 71
