0 0.453875 0.753902 0.028726 0.10505 0.858845 4
0 0.289307 0.246661 0.0141296 0.0599287 0.771832 38
0 0.385877 0.303198 0.0147672 0.0643172 0.766326 88
0 0.00767483 0.315542 0.0153497 0.0587593 0.799592 93
0 0.249362 0.1871 0.014563 0.0511327 0.664833 20
0 0.532101 0.189948 0.0117344 0.0551926 0.742446 70
0 0.391282 0.107054 0.0148032 0.0418633 0.635041 56
0 0.285168 0.15219 0.00829525 0.043481 0.756713 72
0 0.446864 0.158518 0.0118665 0.0496164 0.767287 71
0 0.347389 0.108777 0.0129922 0.040956 0.690666 89
0 0.555034 0.133345 0.00864131 0.0472955 0.663235 41
0 0.526058 0.23623 0.0140558 0.0566514 0.677222 3
0 0.163842 0.118583 0.0151499 0.0522887 0.357164 64
0 0.504763 0.0457489 0.00874977 0.0374999 0.458006 75
0 0.583442 0.109069 0.00979093 0.0448707 0.656056 63
0 0.771681 0.127595 0.0148413 0.0470365 0.665975 22
