0 0.424213 0.79958 0.0315039 0.109664 0.844384 4
0 0.155902 0.506902 0.0241327 0.0833972 0.828929 38
0 0.150952 0.257223 0.0123819 0.0630587 0.535355 20
0 0.105472 0.193139 0.0124713 0.0521705 0.486301 70
0 0.265864 0.211804 0.0125516 0.0525307 0.749531 71
0 0.535365 0.214794 0.0106146 0.0587099 0.767628 8
0 0.384419 0.128724 0.0108072 0.0461354 0.679023 56
0 0.793328 0.209689 0.0187904 0.0526883 0.796331 22
0 0.508403 0.0426351 0.00970434 0.0429912 0.444757 75
0 0.453667 0.192136 0.0185789 0.049352 0.824577 41
0 0.371935 0.367314 0.0208217 0.0635583 0.804549 88
0 0.551495 0.130278 0.0147023 0.0419703 0.803849 63
0 0.409004 0.336958 0.0207054 0.0681298 0.828109 3
0 0.36657 0.13959 0.00953089 0.0486815 0.714641 89
0 0.256083 0.15336 0.0134919 0.0450906 0.708414 72
0 0.160219 0.115415 0.0130767 0.050032 0.387566 64
