0 0.418217 0.654619 0.0308249 0.0970249 0.866814 4
0 0.354988 0.204157 0.0116105 0.0547327 0.77497 11
0 0.0746622 0.21854 0.016587 0.0560956 0.72777 65
0 0.644009 0.0594041 0.00696799 0.0392683 0.684491 8
0 0.470983 0.171325 0.0118164 0.0506732 0.772901 3
0 0.162286 0.114817 0.0122592 0.0519114 0.574295 64
0 0.382434 0.090543 0.0144958 0.0406309 0.669208 41
0 0.611336 0.162022 0.0111603 0.0523793 0.797214 38
0 0.245424 0.107281 0.0110588 0.0425421 0.73426 20
0 0.478364 0.0612324 0.0078323 0.0398985 0.626236 22
0 0.216037 0.0684912 0.0128747 0.0412884 0.259827 70
0 0.293374 0.0705296 0.0106359 0.0371148 0.644067 71
