0 0.501049 0.656557 0.0275744 0.0969829 0.83932 4
0 0.119679 0.198538 0.0128276 0.0509935 0.755031 124
0 0.489176 0.186585 0.0103852 0.0516097 0.761021 88
0 0.159265 0.119519 0.0141947 0.058863 0.626328 111
0 0.454677 0.0685274 0.00637433 0.0355542 0.56117 20
0 0.69255 0.0955393 0.0116943 0.0429534 0.791381 132
0 0.516019 0.0580008 0.0103141 0.045744 0.34989 109
0 0.612258 0.149901 0.0136524 0.0516878 0.725519 3
0 0.560261 0.0784246 0.0110992 0.0422102 0.378713 126
0 0.540636 0.0896033 0.00854416 0.0406827 0.569973 22
0 0.42976 0.0665833 0.0086737 0.0398195 0.682018 136
0 0.171232 0.115418 0.013707 0.0511002 0.478965 127
0 0.179518 0.109212 0.0120666 0.0484868 0.363062 156
