0 0.50664 0.493517 0.0183808 0.0784264 0.815915 1
0 0.748326 0.553467 0.024593 0.0858512 0.828636 2
0 0.49765 0.883554 0.0312619 0.115494 0.849929 4
0 0.739552 0.43704 0.015832 0.0834419 0.822061 6
0 0.60518 0.37393 0.0117818 0.0785282 0.793875 7
0 0.696039 0.252788 0.0178879 0.0580308 0.82358 8
0 0.831472 0.399479 0.0218417 0.0724968 0.829152 12
0 0.939708 0.295356 0.0215983 0.0614098 0.735652 14
0 0.781464 0.412756 0.021773 0.0715035 0.817864 20
0 0.632615 0.208458 0.0136177 0.0560116 0.809769 13
0 0.495329 0.0528395 0.00902023 0.0417051 0.575506 16
0 0.61462 0.256309 0.0115623 0.0597882 0.727001 10
0 0.553904 0.568935 0.0263026 0.0768226 0.711211 11
0 0.546979 0.539875 0.025365 0.0626221 0.630003 3
0 0.367168 0.0396078 0.0112116 0.0398789 0.310828 18
