0 0.518997 0.816831 0.0644263 0.107401 0.902779 4
0 0.720899 0.249633 0.0139112 0.0580839 0.776123 88
0 0.160472 0.122228 0.0164564 0.0604656 0.590985 64
0 0.757337 0.24398 0.0120043 0.0616958 0.765058 3
0 0.674177 0.177947 0.0114602 0.055794 0.53199 41
0 0.628043 0.105089 0.0104906 0.0418495 0.668839 109
0 0.18386 0.0969054 0.014549 0.0691614 0.516934 127
0 0.54172 0.0953115 0.00765502 0.0388716 0.576334 110
0 0.42121 0.219216 0.0117091 0.0543503 0.718554 20
0 0.492153 0.128383 0.00613775 0.0439715 0.698126 89
0 0.530659 0.0482359 0.00936085 0.037248 0.374077 102
0 0.704623 0.155058 0.0134176 0.0551883 0.610514 126
0 0.777476 0.114416 0.0107801 0.0436085 0.456358 22
0 0.0157768 0.309205 0.0193914 0.0674557 0.842755 124
0 0.809309 0.147161 0.0219887 0.0661933 0.58243 56
0 0.564414 0.166206 0.0137653 0.0522751 0.78401 8
0 0.173661 0.118341 0.0151173 0.0563219 0.362813 115
