0 0.421582 0.544284 0.0215053 0.0868085 0.841537 4
0 0.0967193 0.21525 0.015074 0.0544515 0.747566 124
0 0.36099 0.204977 0.017195 0.0511479 0.84015 88
0 0.333478 0.0641226 0.0106418 0.0366625 0.537523 22
0 0.178836 0.112687 0.0130329 0.0510996 0.357849 127
0 0.168835 0.113927 0.0143283 0.0484212 0.371482 111
0 0.440688 0.131399 0.0117964 0.0469398 0.702152 162
0 0.404107 0.0590801 0.00862821 0.0399645 0.633338 20
0 0.486509 0.070082 0.0088659 0.0368094 0.678212 137
0 0.429764 0.0522003 0.0084535 0.0341498 0.540518 168
0 0.658977 0.0733848 0.00749118 0.0390486 0.682874 165
0 0.630819 0.130371 0.0155436 0.0570883 0.735667 132
0 0.2634 0.0490549 0.0122648 0.0320362 0.371827 109
0 0.526386 0.0762308 0.0123448 0.0673059 0.545615 153
