0 0.529412 0.656094 0.0239848 0.0977424 0.852174 4
0 0.110015 0.208381 0.0207965 0.0533121 0.689119 124
0 0.772937 0.13073 0.016223 0.0475164 0.711492 8
0 0.692391 0.106357 0.00908171 0.046063 0.715863 3
0 0.464047 0.0818334 0.00629161 0.0373787 0.301247 89
0 0.396496 0.0799898 0.00706199 0.0357511 0.599197 20
0 0.40945 0.0747644 0.00834694 0.0400548 0.471618 109
0 0.463587 0.102265 0.0120721 0.0706955 0.589666 110
0 0.186546 0.10432 0.0116743 0.0486848 0.329602 127
0 0.176191 0.116424 0.0131173 0.0490292 0.284936 111
0 0.529755 0.0420823 0.00809342 0.0357624 0.387737 102
0 0.463435 0.115902 0.0111116 0.0528692 0.315098 41
0 0.511224 0.0766891 0.0101684 0.0399998 0.651219 56
0 0.560814 0.09125 0.0125009 0.0450952 0.488293 131
0 0.789905 0.137658 0.0117186 0.041768 0.698792 132
0 0.495488 0.202498 0.0132647 0.0508135 0.823391 88
0 0.24141 0.0438279 0.00766196 0.0278699 0.282161 135
