0 0.512659 0.730936 0.0263787 0.10991 0.849717 4
0 0.116756 0.207402 0.0149566 0.0510689 0.62971 124
0 0.523202 0.211975 0.014327 0.0553587 0.767807 88
0 0.719925 0.214786 0.0186726 0.0547175 0.83785 132
0 0.547592 0.0657729 0.010489 0.0298824 0.388881 22
0 0.178494 0.110373 0.016835 0.0579121 0.387456 111
0 0.509057 0.0606679 0.00925913 0.040171 0.574062 89
0 0.160979 0.119034 0.0127301 0.0555905 0.610489 127
0 0.528926 0.0487804 0.00917899 0.040208 0.39766 137
0 0.491173 0.0957557 0.00990359 0.0441142 0.575553 136
0 0.565258 0.0649912 0.0121623 0.0417014 0.329405 109
0 0.622067 0.142762 0.0103311 0.0496016 0.716119 3
0 0.504217 0.0718412 0.00719687 0.0387676 0.709896 142
0 0.479685 0.0979629 0.00841637 0.0414203 0.657699 126
0 0.566222 0.0626387 0.00966345 0.0338251 0.463773 20
0 0.692836 0.0467039 0.0106183 0.0372237 0.391913 56
