0 0.404251 0.900134 0.0307878 0.116819 0.850064 4
0 0.0447346 0.60595 0.0256889 0.0978643 0.831887 38
0 0.6138 0.229818 0.0144194 0.0620734 0.769531 8
0 0.560402 0.226155 0.0181613 0.0559952 0.780281 22
0 0.218189 0.386714 0.0277244 0.0719358 0.757023 20
0 0.292705 0.183227 0.0187924 0.0524048 0.766353 70
0 0.449378 0.209958 0.0147055 0.0573722 0.64316 73
0 0.349826 0.257968 0.0185281 0.0617875 0.739187 71
0 0.326691 0.412876 0.0206638 0.0749693 0.830293 3
0 0.582025 0.139676 0.0108335 0.0523278 0.748411 63
0 0.498912 0.346159 0.0150859 0.065497 0.754428 11
0 0.368372 0.152291 0.0103079 0.0443896 0.695195 72
0 0.479736 0.139782 0.0117011 0.0491267 0.776859 56
0 0.533955 0.226306 0.0134297 0.0565907 0.765491 41
