0 0.499791 0.691018 0.0246769 0.0986772 0.842409 4
0 0.722141 0.194264 0.0226173 0.0478508 0.766983 38
0 0.577582 0.249714 0.0148843 0.0600703 0.772659 3
0 0.466287 0.284792 0.0157188 0.0616256 0.821181 11
0 0.504607 0.178765 0.0117201 0.0540359 0.717758 13
0 0.529561 0.0832587 0.00929359 0.0425393 0.687848 6
0 0.540649 0.171532 0.0110603 0.0551069 0.772731 8
0 0.430211 0.0988127 0.00784645 0.0420968 0.715539 5
0 0.47244 0.0970444 0.00838776 0.0459622 0.616332 55
0 0.295534 0.0998052 0.00826702 0.0429848 0.723809 1
0 0.494602 0.143913 0.0117691 0.0486753 0.712181 20
0 0.761788 0.105698 0.012682 0.049969 0.357031 7
