0 0.531866 0.652957 0.0303341 0.0989356 0.868168 4
0 0.117152 0.205439 0.0150491 0.0523645 0.634286 124
0 0.461449 0.0818321 0.00780102 0.0407959 0.664566 89
0 0.482138 0.192457 0.00976626 0.0515039 0.818396 88
0 0.795968 0.143844 0.0118353 0.0507343 0.780846 132
0 0.496807 0.0771143 0.00820758 0.0390746 0.543617 56
0 0.438964 0.0791805 0.00808976 0.0369841 0.550307 126
0 0.665629 0.11253 0.0101613 0.0434877 0.741817 136
0 0.408305 0.0798351 0.0117154 0.0432149 0.359775 20
0 0.686095 0.101755 0.00823167 0.0445925 0.477138 3
