0 0.447417 0.765517 0.0291996 0.107345 0.846611 4
0 0.42765 0.238898 0.0117672 0.0600385 0.748054 11
0 0.561261 0.226984 0.012384 0.0577596 0.747065 3
0 0.504462 0.0956563 0.00983563 0.0439149 0.705531 20
0 0.651559 0.200195 0.0116442 0.052376 0.72054 38
0 0.167631 0.0981342 0.0164072 0.0631513 0.458621 64
0 0.410187 0.0861514 0.00773703 0.0387386 0.556638 1
0 0.431598 0.0756437 0.0106029 0.0578268 0.33501 55
0 0.420578 0.0603465 0.0070343 0.0347211 0.502982 22
0 0.65713 0.0720746 0.00934391 0.0412488 0.468477 41
0 0.423927 0.122062 0.0110665 0.0473983 0.518575 13
0 0.49171 0.134637 0.0144029 0.0541935 0.716099 8
0 0.584315 0.109839 0.00934442 0.0427523 0.710269 56
0 0.681255 0.0984538 0.0116875 0.0427266 0.493795 63
0 0.424428 0.103538 0.0134919 0.0477425 0.328194 6
0 0.432798 0.0817783 0.00960712 0.0491985 0.423581 5
