0 0.528044 0.663593 0.0251393 0.104573 0.830274 4
0 0.116724 0.206906 0.0148667 0.0525797 0.690619 124
0 0.523975 0.213002 0.0155983 0.0563581 0.751888 88
0 0.164653 0.119135 0.0195219 0.0587324 0.338474 127
0 0.710636 0.204729 0.0127614 0.0568635 0.793795 132
0 0.565637 0.0660168 0.00854149 0.0354738 0.500815 20
0 0.483581 0.0988319 0.00998309 0.0462336 0.423474 89
0 0.476711 0.0968005 0.00954491 0.0471014 0.415869 136
0 0.631636 0.122536 0.00976823 0.0430794 0.703559 3
0 0.509801 0.0641635 0.00951036 0.0429342 0.600957 137
0 0.54559 0.0710185 0.01022 0.0206548 0.462852 22
0 0.181834 0.108469 0.0127354 0.0505198 0.308412 111
0 0.590706 0.061557 0.01072 0.0366318 0.570908 56
0 0.496152 0.088663 0.0076725 0.0627203 0.698152 126
