0 0.498079 0.674488 0.0258539 0.0970559 0.82067 4
0 0.734143 0.222313 0.0182387 0.0628721 0.736838 38
0 0.492558 0.244539 0.018191 0.0612116 0.797524 3
0 0.412502 0.31704 0.0169933 0.069801 0.804554 11
0 0.560553 0.104042 0.0140064 0.0427369 0.580287 56
0 0.388121 0.184076 0.0165881 0.0535641 0.512071 13
0 0.600251 0.114202 0.0154169 0.0455817 0.351302 7
0 0.644417 0.128189 0.0173986 0.0500971 0.747323 41
0 0.407992 0.0993464 0.0107201 0.0431642 0.684292 55
0 0.378558 0.0968347 0.00841144 0.0395001 0.559602 5
0 0.192731 0.141169 0.0107304 0.049499 0.668216 1
0 0.396409 0.142642 0.0105385 0.0493104 0.601534 20
0 0.50451 0.0926364 0.0121752 0.0449391 0.710613 6
