0 0.420942 0.648557 0.0314881 0.101939 0.871827 4
0 0.408016 0.21515 0.0125311 0.0533922 0.803894 11
0 0.0766459 0.218396 0.0166441 0.0521208 0.742162 65
0 0.644418 0.0503067 0.00778281 0.0377331 0.608625 8
0 0.502929 0.175837 0.00993163 0.0514402 0.658867 3
0 0.163509 0.115215 0.0117728 0.0544965 0.528467 64
0 0.560735 0.0727212 0.00779413 0.0414736 0.741985 63
0 0.439326 0.0598081 0.0105041 0.0366371 0.402236 41
0 0.235385 0.0498231 0.00890662 0.0351233 0.415489 70
0 0.41463 0.0581615 0.0134816 0.0336253 0.451156 71
0 0.526367 0.181802 0.0122259 0.0547292 0.744248 38
0 0.397027 0.0782854 0.0120042 0.0370973 0.389876 20
0 0.153611 0.125521 0.0114047 0.0469688 0.611539 67
0 0.482773 0.0523274 0.00956198 0.0382348 0.449453 22
