0 0.530373 0.65627 0.0312019 0.0999789 0.862071 4
0 0.530842 0.210139 0.00998284 0.053494 0.736678 88
0 0.0984972 0.218453 0.0167984 0.0565953 0.74332 124
0 0.76382 0.135058 0.0139817 0.0484073 0.725837 8
0 0.791973 0.13909 0.0107639 0.0445282 0.711154 132
0 0.692699 0.107932 0.00910664 0.0445054 0.679373 3
0 0.46663 0.0876519 0.008546 0.0407953 0.298251 89
0 0.389492 0.0803819 0.00765476 0.0371837 0.60687 20
0 0.492208 0.135391 0.0121585 0.050092 0.822147 41
0 0.187417 0.107578 0.0105406 0.0470033 0.324509 111
0 0.634358 0.106141 0.0100254 0.0413067 0.481588 131
0 0.592781 0.0925186 0.00825577 0.0427144 0.680682 22
0 0.419705 0.0771024 0.00980822 0.0409041 0.590395 109
0 0.541628 0.102665 0.00866636 0.0388804 0.497519 126
