0 0.481643 0.775248 0.0268501 0.106193 0.875644 4
0 0.0504843 0.267945 0.0183907 0.0564278 0.755455 93
0 0.699236 0.2515 0.0164946 0.0595903 0.736077 38
0 0.317513 0.192488 0.00997515 0.0506169 0.795492 20
0 0.816113 0.17476 0.0112479 0.0542109 0.737195 71
0 0.518801 0.272357 0.0168675 0.0601525 0.804368 88
0 0.158799 0.126056 0.0114417 0.0528111 0.490803 64
0 0.450444 0.122882 0.0125607 0.0424593 0.535603 89
0 0.540366 0.263233 0.0130315 0.0615409 0.771386 3
0 0.495485 0.0607365 0.00876834 0.0378915 0.656116 102
0 0.296742 0.120586 0.00815439 0.0407905 0.589067 110
0 0.523524 0.191763 0.0123394 0.0361675 0.303799 41
0 0.185666 0.11194 0.00928645 0.0447264 0.342789 111
0 0.170749 0.120775 0.0103976 0.0474316 0.374373 115
0 0.67181 0.0787308 0.00839914 0.0407436 0.517834 109
0 0.654182 0.133562 0.010235 0.0434049 0.825661 22
0 0.508918 0.165152 0.0149044 0.0666981 0.735851 8
