0 0.529144 0.655657 0.0310395 0.10203 0.85783 4
0 0.586093 0.209038 0.0145748 0.0544319 0.794671 88
0 0.541226 0.148163 0.0127209 0.0494472 0.776601 41
0 0.477201 0.0806746 0.0131774 0.0441681 0.531657 109
0 0.459938 0.0923191 0.0072113 0.0434702 0.602218 89
0 0.0849973 0.23499 0.0204989 0.0576751 0.844827 124
0 0.718476 0.140755 0.0146159 0.0500466 0.736702 8
0 0.40278 0.0899072 0.00871086 0.040397 0.372611 20
0 0.818566 0.14751 0.0132121 0.0490368 0.754134 132
0 0.684728 0.113151 0.0117201 0.0443018 0.490138 131
0 0.698078 0.117622 0.0107665 0.0464291 0.350729 3
0 0.590441 0.104236 0.0103353 0.0402109 0.489606 126
0 0.641245 0.0962833 0.0110396 0.0428819 0.650402 22
0 0.533391 0.0430324 0.00929864 0.0352178 0.258515 102
0 0.595736 0.0755874 0.00894349 0.0367244 0.455702 56
