0 0.515677 0.524222 0.0174439 0.0846793 0.811969 1
0 0.782114 0.568668 0.0253539 0.0893355 0.858953 2
0 0.553564 0.823681 0.0185671 0.076694 0.780093 4
0 0.833175 0.365953 0.0221375 0.0707673 0.857281 6
0 0.644696 0.377241 0.0147566 0.073081 0.799692 7
0 0.629189 0.282958 0.0163019 0.0617831 0.775376 10
0 0.596933 0.582177 0.0245139 0.0833493 0.763714 11
0 0.615301 0.560386 0.0166162 0.0901437 0.731283 3
0 0.389797 0.248838 0.0105632 0.0569189 0.692747 5
0 0.916422 0.283033 0.0204443 0.0576885 0.656135 8
0 0.153894 0.125229 0.0154964 0.0571669 0.534377 23
0 0.967811 0.535581 0.0310275 0.0848606 0.828259 20
0 0.671318 0.224192 0.0147088 0.0576098 0.739152 13
0 0.298409 0.0456743 0.0111171 0.0312987 0.27552 22
