0 0.374338 0.571963 0.0367223 0.0843741 0.864426 4
0 0.0913219 0.217973 0.016362 0.0549031 0.744704 124
0 0.380116 0.212444 0.0150395 0.0476187 0.712414 88
0 0.502511 0.0709358 0.00918624 0.0353082 0.380028 170
0 0.445488 0.0624714 0.0073665 0.030908 0.469427 168
0 0.357749 0.139618 0.0132103 0.0424778 0.737649 162
0 0.5887 0.0968898 0.0078949 0.0405895 0.610595 165
0 0.543344 0.157335 0.00974197 0.0457095 0.780033 3
0 0.431479 0.0830747 0.0124454 0.0320769 0.302955 150
0 0.379057 0.091192 0.0107911 0.0646926 0.601897 137
0 0.362966 0.0674125 0.00953461 0.036316 0.336903 172
0 0.358321 0.0673145 0.0121127 0.036597 0.317159 22
0 0.575516 0.168362 0.0124822 0.0430084 0.714297 132
