0 0.531432 0.652402 0.0304911 0.0985635 0.870986 4
0 0.116994 0.206756 0.0148821 0.0505729 0.655374 124
0 0.46133 0.0827691 0.00832844 0.039488 0.709966 89
0 0.481894 0.192406 0.00989205 0.051612 0.829304 88
0 0.797144 0.145176 0.0122985 0.0505909 0.763251 132
0 0.234399 0.0345972 0.0105804 0.0492374 0.4441 135
0 0.684091 0.102843 0.0119303 0.0496304 0.745939 3
0 0.530674 0.0406162 0.00864032 0.0359375 0.296257 102
0 0.405759 0.0752822 0.00651156 0.0398341 0.643551 20
0 0.482129 0.0771987 0.00766939 0.0415422 0.594219 22
0 0.496156 0.0772094 0.00802437 0.0388374 0.624152 56
0 0.417993 0.079101 0.00919752 0.0494812 0.695107 109
