0 0.499421 0.69023 0.024958 0.10114 0.832567 4
0 0.802094 0.191769 0.0141937 0.0560832 0.747368 38
0 0.61085 0.239436 0.0181044 0.0572934 0.754494 3
0 0.502708 0.270121 0.0138495 0.0621815 0.754613 11
0 0.558136 0.166678 0.0127401 0.0535669 0.394015 13
0 0.531202 0.0756248 0.00934207 0.0410203 0.634027 6
0 0.564982 0.163567 0.0114385 0.0549492 0.505612 8
0 0.444741 0.0891701 0.00693455 0.038251 0.691912 5
0 0.475625 0.08719 0.00846866 0.0474892 0.440477 55
0 0.337058 0.0870803 0.0120078 0.0411375 0.594663 1
0 0.523242 0.136102 0.0137458 0.0498474 0.68276 20
0 0.793769 0.0986914 0.0106326 0.0434641 0.602547 7
0 0.731558 0.096828 0.0119822 0.0354265 0.520773 56
0 0.766784 0.0936032 0.00892995 0.0470834 0.559131 41
