0 0.37954 0.74599 0.0272868 0.105707 0.852252 4
0 0.381834 0.164361 0.00921268 0.0422176 0.393404 20
0 0.57566 0.162834 0.010486 0.0558808 0.311573 41
0 0.547491 0.295653 0.0151214 0.0611886 0.816731 38
0 0.358882 0.29757 0.0157496 0.0662633 0.813128 3
0 0.158153 0.122035 0.0139006 0.0448416 0.301326 31
0 0.465624 0.172251 0.00948365 0.0507114 0.64567 8
0 0.125531 0.151636 0.0143914 0.0531622 0.531043 39
0 0.47517 0.199631 0.0138284 0.0480397 0.41756 34
0 0.384936 0.203463 0.0122384 0.0747951 0.607908 7
0 0.301984 0.396473 0.0152642 0.0519057 0.750905 11
0 0.491584 0.0508697 0.00913194 0.0390765 0.334433 22
0 0.230391 0.15025 0.0102285 0.0474088 0.676216 5
0 0.343175 0.170699 0.00890328 0.0517059 0.594067 13
0 0.34636 0.150142 0.00998745 0.0552667 0.328651 6
