0 0.500088 0.657583 0.0266789 0.0960314 0.840574 4
0 0.131324 0.198183 0.0145318 0.0537239 0.7844 124
0 0.487226 0.190526 0.0110066 0.0502092 0.796682 88
0 0.76783 0.104349 0.013059 0.0450866 0.741706 132
0 0.173767 0.108778 0.0174582 0.0625736 0.327507 127
0 0.436601 0.0827686 0.00743081 0.0399264 0.540063 136
0 0.489817 0.0726066 0.00871938 0.0434985 0.378585 126
0 0.505235 0.0593782 0.00878162 0.0343227 0.513643 150
0 0.539036 0.0604926 0.00926965 0.0388103 0.621324 137
0 0.162575 0.115414 0.0125038 0.0481946 0.297495 111
0 0.480203 0.0761052 0.0095245 0.0442572 0.548191 22
0 0.184695 0.0933259 0.01318 0.0752027 0.367447 156
0 0.469875 0.0688393 0.00952244 0.0369609 0.507783 154
0 0.654507 0.124566 0.0111514 0.0459564 0.717714 3
