0 0.446246 0.695745 0.0312699 0.0981812 0.861742 4
0 0.0674133 0.256409 0.0172572 0.0576078 0.812556 93
0 0.308561 0.167493 0.00974976 0.0479006 0.797392 20
0 0.536519 0.262002 0.0159966 0.0603565 0.795559 38
0 0.497301 0.050964 0.00837825 0.0379521 0.460999 102
0 0.366321 0.112028 0.00819483 0.043304 0.726515 89
0 0.440088 0.0961557 0.00879622 0.0444302 0.521453 56
0 0.476056 0.223632 0.0122186 0.0550327 0.645238 3
0 0.488768 0.251582 0.0139148 0.0580782 0.757758 88
0 0.478037 0.115786 0.00961685 0.0582011 0.681265 22
0 0.169033 0.122283 0.0129529 0.0490598 0.255617 64
0 0.564975 0.104698 0.00650431 0.0427021 0.379739 71
0 0.42959 0.146871 0.00897786 0.0453135 0.742851 41
0 0.396665 0.0919034 0.0070556 0.0365829 0.433972 110
