0 0.526849 0.669116 0.0266402 0.103805 0.829431 4
0 0.63403 0.216367 0.0153367 0.0550848 0.762631 88
0 0.706031 0.144756 0.010901 0.0491658 0.645556 3
0 0.587996 0.157666 0.0141852 0.0500472 0.805075 41
0 0.546413 0.0866841 0.0157472 0.0419597 0.668363 109
0 0.463927 0.105624 0.00840302 0.0427731 0.776967 89
0 0.0736926 0.258074 0.0213497 0.0605679 0.830304 124
0 0.502664 0.0904437 0.00828568 0.0396698 0.322361 110
0 0.668694 0.14758 0.0133225 0.0496082 0.735649 8
0 0.414995 0.116568 0.00830339 0.0408058 0.746368 20
0 0.65662 0.0952104 0.0123213 0.0455501 0.550349 56
0 0.638133 0.113784 0.00897293 0.0452046 0.649589 126
0 0.531873 0.0420546 0.00978212 0.0374629 0.287216 102
0 0.178162 0.114357 0.0126731 0.0523683 0.417614 111
0 0.684677 0.100808 0.0107889 0.043278 0.395598 22
