0 0.417257 0.54279 0.0235566 0.0862601 0.872563 4
0 0.0958169 0.21445 0.0175072 0.0557726 0.746323 124
0 0.345959 0.19915 0.0120103 0.0527201 0.736167 88
0 0.325269 0.0559183 0.0108024 0.03258 0.340696 22
0 0.17947 0.113546 0.0109909 0.0487154 0.351923 127
0 0.17004 0.113938 0.0119862 0.0480729 0.336314 111
0 0.428001 0.130805 0.00907539 0.0463791 0.577209 162
0 0.483499 0.0729873 0.00815697 0.0407721 0.567252 137
0 0.617083 0.135165 0.0111249 0.0632715 0.754799 132
0 0.496089 0.0363034 0.00902007 0.0445324 0.353914 170
0 0.508534 0.0953574 0.0109715 0.0408294 0.679434 150
0 0.643782 0.0763922 0.00911395 0.0392569 0.736552 165
0 0.287882 0.0432933 0.011761 0.0301185 0.318091 109
