0 0.489007 0.798762 0.0345014 0.111145 0.870518 4
0 0.0611508 0.253373 0.0179391 0.0590296 0.811305 93
0 0.618832 0.271091 0.0192405 0.0601195 0.799082 38
0 0.309485 0.118831 0.00844962 0.0430258 0.650333 110
0 0.624167 0.169501 0.0107569 0.0473753 0.507613 22
0 0.524955 0.191708 0.0103533 0.0329171 0.547905 41
0 0.48947 0.138597 0.00876255 0.0506331 0.719595 8
0 0.357995 0.222149 0.0120899 0.0560742 0.728079 20
0 0.76522 0.188909 0.0150558 0.0542512 0.752913 71
0 0.432308 0.271502 0.01614 0.0584449 0.783392 88
0 0.471309 0.17357 0.0116343 0.0537548 0.754074 75
0 0.158176 0.122594 0.00937969 0.046383 0.317001 64
0 0.453115 0.102993 0.00911077 0.0447384 0.545252 56
0 0.469136 0.0470325 0.00775661 0.0338166 0.386095 102
0 0.708486 0.101887 0.0124235 0.0449113 0.667074 109
0 0.444462 0.255859 0.0154985 0.0608429 0.779219 3
0 0.416469 0.124605 0.00877053 0.0440395 0.711316 89
0 0.186131 0.113256 0.0100841 0.0421276 0.308149 111
