0 0.529867 0.655572 0.0231486 0.0976034 0.855366 4
0 0.116108 0.207371 0.0163935 0.0525815 0.619193 124
0 0.754794 0.12257 0.0104241 0.0473737 0.741921 8
0 0.692434 0.105951 0.00905507 0.0458015 0.696465 3
0 0.463692 0.082906 0.00939913 0.0394308 0.617844 89
0 0.40927 0.0753022 0.00768099 0.0400914 0.555285 109
0 0.502161 0.0780297 0.00938921 0.0419352 0.301383 56
0 0.795271 0.14136 0.0129533 0.0505208 0.759326 132
0 0.486765 0.197949 0.00979754 0.0528613 0.775269 88
0 0.160902 0.113513 0.0115105 0.0475516 0.407058 111
0 0.452583 0.114304 0.0088892 0.0479713 0.417519 41
0 0.484373 0.100483 0.011252 0.0385344 0.618292 126
0 0.546084 0.0849 0.00778414 0.0388214 0.475139 22
