0 0.496855 0.755896 0.0279341 0.107256 0.861508 4
0 0.116363 0.204853 0.0147458 0.053085 0.62879 124
0 0.523347 0.210608 0.0143255 0.0564582 0.766163 88
0 0.719658 0.213403 0.0186906 0.0569192 0.832039 132
0 0.178193 0.112128 0.0148737 0.0547899 0.587318 111
0 0.494015 0.070333 0.00903619 0.0406695 0.407654 89
0 0.496326 0.0968902 0.0102939 0.04583 0.714158 136
0 0.477747 0.0972492 0.00937726 0.0396934 0.426197 126
0 0.480141 0.0895682 0.00897884 0.0378431 0.339318 142
0 0.628022 0.154883 0.00993983 0.0506706 0.671053 3
0 0.537088 0.0668139 0.00903594 0.0349732 0.586951 109
0 0.746467 0.0387006 0.0110371 0.0416164 0.336427 56
0 0.16116 0.113217 0.0105356 0.0475286 0.573716 127
