0 0.529636 0.500043 0.0166238 0.0841793 0.815721 1
0 0.790075 0.534662 0.0248869 0.0858692 0.809309 2
0 0.533737 0.893625 0.0248995 0.121124 0.811983 4
0 0.877867 0.346195 0.0244513 0.0724864 0.796284 6
0 0.635858 0.366286 0.0160781 0.0713602 0.817671 7
0 0.588576 0.302219 0.0129066 0.0623122 0.765446 10
0 0.595632 0.554114 0.0208309 0.0827769 0.800157 11
0 0.389656 0.248362 0.0101908 0.0566156 0.699981 5
0 0.959782 0.300113 0.0225351 0.0686085 0.642186 8
0 0.1445 0.132034 0.0122368 0.0512395 0.422994 23
0 0.692605 0.226355 0.0223017 0.0528364 0.745299 13
0 0.154418 0.122829 0.0134017 0.0470857 0.489784 31
0 0.334731 0.044594 0.0109884 0.0302289 0.323382 22
0 0.589079 0.527712 0.0184198 0.0799252 0.757051 3
0 0.986971 0.475199 0.0256505 0.0738954 0.676237 20
