0 0.43685 0.703231 0.0266085 0.102583 0.849913 4
0 0.0472962 0.271166 0.0205354 0.0600624 0.809739 93
0 0.35927 0.130299 0.016124 0.0432544 0.732361 20
0 0.531927 0.114253 0.0103024 0.0477513 0.716714 8
0 0.170416 0.117238 0.0113405 0.0485944 0.305213 64
0 0.375964 0.0854124 0.0121856 0.0461857 0.525062 56
0 0.438786 0.206459 0.0111835 0.0560029 0.77431 38
0 0.327764 0.0884106 0.00811351 0.0442272 0.550197 89
0 0.536604 0.0786913 0.00632375 0.0352121 0.429345 71
0 0.505265 0.0606524 0.0111168 0.0495212 0.462811 109
0 0.536099 0.21826 0.0108525 0.0533589 0.697565 88
0 0.602778 0.111627 0.00844332 0.0467335 0.680892 75
0 0.152874 0.127359 0.0088284 0.0458267 0.325891 111
0 0.453672 0.0977072 0.00857655 0.043459 0.685833 22
0 0.437527 0.108126 0.00963631 0.0532459 0.420588 41
0 0.546079 0.186252 0.00949256 0.0521375 0.749874 3
