0 0.431898 0.707485 0.0267277 0.103781 0.878213 4
0 0.289827 0.215965 0.0164128 0.0559342 0.814055 38
0 0.357001 0.253949 0.012159 0.0591759 0.788787 88
0 0.0236324 0.291072 0.0238133 0.062586 0.832264 93
0 0.345267 0.117722 0.0132079 0.0420348 0.369504 71
0 0.480965 0.204901 0.0100094 0.0547606 0.825816 3
0 0.506607 0.14479 0.0126724 0.0454703 0.684066 8
0 0.233873 0.0968102 0.011542 0.0410249 0.598319 89
0 0.22452 0.146855 0.0139468 0.0437537 0.739917 20
0 0.487307 0.0369858 0.0102717 0.0429762 0.357068 75
0 0.458028 0.133154 0.00925964 0.0453921 0.764288 70
0 0.260984 0.085023 0.00869387 0.0354605 0.653238 56
0 0.164314 0.117302 0.0124262 0.0490429 0.356611 64
0 0.517352 0.073668 0.00724786 0.0390543 0.65021 41
0 0.68031 0.0983443 0.00951773 0.0432973 0.67019 22
0 0.511522 0.11108 0.0135831 0.0406814 0.523627 63
