0 0.42293 0.629601 0.0309077 0.0976955 0.854026 4
0 0.431379 0.208889 0.0118267 0.0547236 0.796398 11
0 0.595521 0.173116 0.0115438 0.0521771 0.792276 38
0 0.553319 0.0931856 0.00916392 0.0454064 0.711051 8
0 0.0351329 0.262372 0.0201601 0.0564904 0.732294 65
0 0.506469 0.194439 0.0152962 0.0557682 0.797479 3
0 0.15227 0.115656 0.0183206 0.0591747 0.459055 64
0 0.579501 0.0771205 0.00844549 0.0401635 0.541611 63
0 0.465147 0.104464 0.0122968 0.0444211 0.606913 1
0 0.484498 0.070129 0.012003 0.0558157 0.47632 5
0 0.566985 0.0587521 0.00755793 0.0375812 0.613076 41
0 0.311984 0.0498915 0.0115426 0.0525767 0.768052 13
