0 0.432818 0.708215 0.026665 0.103679 0.867893 4
0 0.299435 0.207363 0.0130768 0.0565264 0.487011 38
0 0.359784 0.250281 0.0176257 0.0570288 0.822839 88
0 0.0260149 0.285933 0.0223391 0.0636135 0.828624 93
0 0.31264 0.122097 0.00862668 0.0415901 0.639893 71
0 0.471058 0.198481 0.0102486 0.052008 0.627712 3
0 0.210389 0.141907 0.014257 0.0464773 0.691153 20
0 0.430213 0.112079 0.0102971 0.0452733 0.737554 70
0 0.260743 0.0969897 0.0108782 0.0441151 0.632475 56
0 0.521027 0.0756258 0.0108304 0.0417129 0.542643 41
0 0.674471 0.0922922 0.0089208 0.0433909 0.590627 22
0 0.47958 0.101763 0.0105536 0.0438871 0.607559 63
0 0.371805 0.0827183 0.0130349 0.0349985 0.458908 72
0 0.164452 0.117352 0.0127531 0.0501605 0.345889 64
0 0.471673 0.145526 0.0122952 0.0490175 0.603584 8
