0 0.497659 0.65956 0.0316452 0.0975259 0.865521 4
0 0.115742 0.207133 0.0159338 0.0539122 0.619745 124
0 0.482144 0.174636 0.00972309 0.0497002 0.82983 88
0 0.629619 0.146605 0.0108793 0.0504095 0.766821 3
0 0.416258 0.0617734 0.00918579 0.0425148 0.584871 136
0 0.682362 0.0745172 0.0141109 0.0299875 0.462173 132
0 0.478209 0.069041 0.00791235 0.0342695 0.576015 20
0 0.160521 0.120313 0.0160296 0.0577764 0.622412 111
0 0.557845 0.0673467 0.0109753 0.0325615 0.343823 126
0 0.571216 0.0925114 0.00962969 0.0369601 0.661654 22
0 0.492381 0.0602781 0.00711838 0.032846 0.710647 109
0 0.636915 0.0604022 0.012497 0.0368564 0.578954 137
0 0.536853 0.0763842 0.00840044 0.0341472 0.471457 150
