0 0.521662 0.813781 0.0648913 0.113542 0.9024 4
0 0.719262 0.250161 0.0126106 0.0588973 0.786237 88
0 0.160607 0.12357 0.0168428 0.0604264 0.666729 64
0 0.755832 0.243346 0.0125713 0.0616722 0.754426 3
0 0.674027 0.176502 0.0121344 0.0532742 0.727543 41
0 0.623279 0.104053 0.011708 0.0441298 0.577456 109
0 0.540106 0.0959862 0.00749791 0.0385632 0.309944 110
0 0.422257 0.213274 0.0126217 0.0571328 0.780742 20
0 0.489717 0.128849 0.00635459 0.0456892 0.679168 89
0 0.529959 0.0483955 0.00899162 0.0386776 0.408018 102
0 0.703257 0.151758 0.0164253 0.0584013 0.544808 126
0 0.774149 0.114199 0.011121 0.0466864 0.343055 22
0 0.0223934 0.306858 0.0246077 0.0653516 0.839264 124
0 0.810509 0.141099 0.0106927 0.0525027 0.641142 56
0 0.57159 0.16586 0.0106161 0.052131 0.774548 8
0 0.173857 0.119966 0.0150932 0.0537958 0.465334 115
0 0.184335 0.109712 0.0127995 0.0550008 0.51891 111
0 0.177066 0.112833 0.0138748 0.0556882 0.292807 127
0 0.817787 0.163363 0.0189117 0.0453815 0.643038 38
