0 0.486484 0.500403 0.0268146 0.0821683 0.818804 1
0 0.781678 0.466407 0.0185503 0.0844824 0.796892 2
0 0.539392 0.853267 0.0287312 0.101896 0.75952 4
0 0.856594 0.312838 0.020536 0.0666379 0.705612 6
0 0.620297 0.359731 0.0217676 0.0728193 0.836624 7
0 0.586057 0.290939 0.018418 0.0591216 0.804499 10
0 0.546702 0.545367 0.0244821 0.0846055 0.844551 11
0 0.366639 0.246838 0.0146893 0.0507995 0.717399 5
0 0.915029 0.292075 0.0147239 0.0637454 0.714311 8
0 0.153071 0.128172 0.0158689 0.0531737 0.544331 31
0 0.5078 0.534651 0.0181706 0.0858179 0.758097 3
0 0.845073 0.419436 0.0244376 0.0794523 0.833308 20
0 0.929356 0.367128 0.0181187 0.0648158 0.510551 34
0 0.743952 0.225612 0.0154359 0.0524695 0.760396 13
0 0.134882 0.125085 0.0183936 0.0787169 0.723544 23
