0 0.41836 0.652766 0.0308662 0.097495 0.867392 4
0 0.352625 0.201268 0.0108601 0.0554524 0.762827 11
0 0.074957 0.218527 0.0167335 0.0552473 0.680709 65
0 0.645255 0.059239 0.00824114 0.0396002 0.654048 8
0 0.478786 0.171611 0.0120048 0.0526448 0.77165 3
0 0.162561 0.112965 0.0121098 0.0539736 0.56262 64
0 0.367268 0.0918604 0.0100515 0.0428227 0.695103 41
0 0.616295 0.154786 0.012022 0.0510653 0.771686 38
0 0.226262 0.109832 0.0106603 0.0449781 0.364425 20
0 0.478546 0.0618028 0.00755901 0.0383412 0.554727 22
0 0.277111 0.0691615 0.0126915 0.0389863 0.300805 71
0 0.215574 0.0685664 0.0100659 0.0380219 0.512049 70
0 0.503658 0.0624361 0.00877651 0.0354586 0.563925 73
0 0.408548 0.0574229 0.00810881 0.0354064 0.34178 72
