0 0.500166 0.657334 0.0268461 0.0958506 0.835116 4
0 0.131426 0.19813 0.0140969 0.0534168 0.778006 124
0 0.487152 0.190439 0.0112651 0.0506482 0.793664 88
0 0.765561 0.103408 0.0102612 0.0460731 0.653839 132
0 0.427634 0.0685968 0.00795806 0.0380992 0.295072 20
0 0.17402 0.109273 0.0167001 0.0623589 0.314566 127
0 0.437338 0.0820536 0.00730448 0.0396848 0.498736 136
0 0.492052 0.0727546 0.00901346 0.0429162 0.585598 126
0 0.506601 0.0581058 0.00839545 0.0364514 0.567154 150
0 0.542768 0.0588355 0.0113772 0.042225 0.434521 137
0 0.162236 0.115262 0.0115778 0.0498385 0.402643 111
0 0.482314 0.0768697 0.00884457 0.0440352 0.610585 22
0 0.18266 0.0982828 0.0144716 0.0738118 0.34585 156
0 0.472657 0.0670887 0.00915623 0.0384235 0.399451 154
0 0.650769 0.125406 0.0121775 0.0459459 0.53761 3
