0 0.18565 0.581117 0.0372237 0.0852571 0.875933 4
0 0.0541329 0.255943 0.0214677 0.0591335 0.801035 124
0 0.189181 0.333091 0.0160862 0.0651143 0.821354 88
0 0.291076 0.187018 0.0140423 0.0611293 0.678859 162
0 0.499751 0.235001 0.0136855 0.0503205 0.691437 3
0 0.711085 0.252815 0.018468 0.0565263 0.853828 132
0 0.185164 0.0934747 0.0147027 0.0738407 0.33818 156
0 0.505996 0.0422601 0.00856231 0.03802 0.477543 171
0 0.521455 0.124575 0.0101942 0.0444179 0.72718 170
0 0.552929 0.164207 0.0107849 0.0515983 0.776958 165
0 0.361284 0.122477 0.00903775 0.042466 0.739052 172
0 0.412418 0.120829 0.0102066 0.0445071 0.743574 20
0 0.377996 0.0941792 0.00874875 0.0364998 0.29407 168
0 0.427075 0.133397 0.0102825 0.0444916 0.630865 150
0 0.282869 0.164541 0.0110836 0.0466675 0.662613 137
