0 0.498804 0.694532 0.0252781 0.0953241 0.831085 4
0 0.78931 0.184883 0.0125789 0.0545477 0.703951 38
0 0.636042 0.229255 0.0120827 0.0595753 0.777156 3
0 0.50636 0.238225 0.012165 0.0589992 0.76538 11
0 0.565286 0.158609 0.0146369 0.0493704 0.763326 8
0 0.566882 0.108499 0.00991065 0.0470647 0.523075 20
0 0.596726 0.148868 0.01433 0.0477516 0.634023 13
0 0.72667 0.0804154 0.0144581 0.0440594 0.642178 41
0 0.455713 0.0641402 0.00734584 0.0318505 0.499088 5
0 0.514641 0.0675003 0.00982981 0.0435826 0.456892 6
0 0.682139 0.118982 0.00875963 0.0460802 0.60097 56
0 0.388495 0.0652419 0.0102255 0.0304766 0.730545 1
