0 0.482252 0.77567 0.0303991 0.110343 0.875783 4
0 0.0421455 0.276028 0.0204531 0.0603471 0.798648 93
0 0.730227 0.213421 0.0143346 0.0559708 0.781662 38
0 0.332069 0.175143 0.0126395 0.0493641 0.813593 20
0 0.828384 0.151653 0.0117128 0.0512965 0.70749 71
0 0.549311 0.264233 0.0162827 0.0605351 0.657067 88
0 0.160056 0.125758 0.0125079 0.0575383 0.553746 64
0 0.497742 0.117462 0.00923936 0.0437401 0.289879 89
0 0.586771 0.25862 0.0147894 0.0603226 0.782921 3
0 0.184389 0.113159 0.0104026 0.0496284 0.310941 111
0 0.173108 0.123067 0.0126281 0.0529787 0.321571 115
0 0.506277 0.155372 0.0103012 0.052951 0.73398 8
0 0.561427 0.113761 0.00876884 0.0403268 0.669009 56
0 0.318875 0.122517 0.00942564 0.0403333 0.746365 110
0 0.563919 0.170824 0.0103783 0.0522082 0.711993 41
0 0.63021 0.083325 0.0117273 0.0402323 0.307598 109
0 0.525805 0.172194 0.0125386 0.0550158 0.505393 126
0 0.181093 0.11183 0.0125591 0.0488407 0.311264 123
0 0.517748 0.0542413 0.00871162 0.0408097 0.472405 102
0 0.00944453 0.283178 0.0188891 0.0560453 0.816836 124
