0 0.520882 0.484162 0.0171184 0.0770052 0.793253 1
0 0.730328 0.545342 0.017536 0.0866478 0.767712 2
0 0.586186 0.518021 0.0181947 0.0844712 0.673336 3
0 0.496232 0.882153 0.0341395 0.117153 0.857933 4
0 0.366531 0.215215 0.0093228 0.0498389 0.78176 5
0 0.699559 0.393797 0.0186628 0.0733678 0.702733 6
0 0.598574 0.368122 0.0162299 0.0715551 0.78988 7
0 0.64351 0.261971 0.0152894 0.0576113 0.7505 8
0 0.562534 0.236441 0.0116917 0.0570621 0.755106 10
0 0.573614 0.555721 0.016997 0.0829967 0.534396 11
0 0.786153 0.359675 0.0199237 0.0754485 0.782307 12
0 0.850319 0.248982 0.0214208 0.0631088 0.805674 14
0 0.487621 0.0516208 0.0103315 0.0436116 0.262847 16
0 0.704773 0.353935 0.0158873 0.0602029 0.67132 20
