0 0.495006 0.522547 0.013109 0.0829151 0.793779 1
0 0.80649 0.563799 0.02534 0.0873546 0.867648 2
0 0.552368 0.83185 0.0233133 0.0603967 0.697801 4
0 0.799905 0.374221 0.0237499 0.0729421 0.714937 6
0 0.647107 0.379021 0.0121695 0.0698326 0.803115 7
0 0.656552 0.273474 0.0101724 0.0581148 0.757322 10
0 0.57457 0.576666 0.0206381 0.0781995 0.530904 11
0 0.585279 0.546088 0.0164327 0.0786027 0.581444 3
0 0.389351 0.249113 0.00996892 0.0559041 0.740112 5
0 0.879184 0.276801 0.0214143 0.0606468 0.789504 8
0 0.153657 0.127809 0.0158006 0.0561678 0.696294 23
0 0.976364 0.537466 0.0395878 0.0801156 0.833602 9
0 0.949983 0.532464 0.0288046 0.0876084 0.833461 20
0 0.669789 0.223872 0.0139251 0.0594832 0.725206 13
0 0.279546 0.0432085 0.00896009 0.0384159 0.359392 22
