0 0.427011 0.718683 0.0352647 0.109996 0.869656 4
0 0.421413 0.235951 0.0118186 0.0579601 0.78061 11
0 0.504374 0.080655 0.00898237 0.0412812 0.652074 20
0 0.647409 0.195455 0.00965061 0.0568572 0.661825 38
0 0.166674 0.0972301 0.0183334 0.0656529 0.438111 64
0 0.493832 0.120472 0.0129504 0.0507523 0.639842 8
0 0.0105401 0.300149 0.0208276 0.0649569 0.856592 65
0 0.628834 0.0682783 0.00927251 0.0392492 0.521066 41
0 0.445223 0.0911468 0.00972929 0.0406864 0.721594 5
0 0.533768 0.216515 0.0135184 0.0556326 0.778447 3
0 0.434168 0.0588899 0.00987336 0.0414783 0.608349 22
0 0.410627 0.104557 0.0113825 0.0485072 0.695003 55
0 0.637949 0.0938629 0.00956758 0.0415733 0.376441 63
0 0.547524 0.0877726 0.0092591 0.0421658 0.512996 56
