0 0.501861 0.875325 0.0293129 0.123394 0.832611 4
0 0.71826 0.264673 0.0163902 0.0636443 0.761118 88
0 0.160419 0.122047 0.0152044 0.0592061 0.46841 64
0 0.756148 0.243604 0.0144951 0.0609903 0.788221 3
0 0.521053 0.0465103 0.0102413 0.0369812 0.255302 102
0 0.64066 0.195516 0.0191903 0.0534848 0.761027 126
0 0.604249 0.205247 0.0155741 0.0588994 0.808256 41
0 0.507575 0.183431 0.00953786 0.0566883 0.7746 8
0 0.649222 0.132238 0.0128438 0.0480047 0.535245 109
0 0.73123 0.0977567 0.0118754 0.041935 0.491536 22
0 0.497989 0.13281 0.00865466 0.0449388 0.258964 89
0 0.184513 0.0976774 0.013242 0.0673725 0.396201 127
0 0.518642 0.103476 0.00785027 0.0379096 0.661188 110
0 0.783142 0.154566 0.0148041 0.0454859 0.284805 71
0 0.407344 0.23594 0.0128935 0.0566781 0.775627 20
0 0.173368 0.117818 0.0144983 0.049592 0.307969 115
0 0.184807 0.108192 0.0112333 0.0494524 0.42497 111
0 0.75459 0.149708 0.0152355 0.0450067 0.491306 56
