0 0.418664 0.654435 0.0307608 0.0960357 0.869515 4
0 0.360079 0.207383 0.0126572 0.057058 0.770123 11
0 0.0747121 0.218546 0.0169543 0.0557282 0.723695 65
0 0.643311 0.0588419 0.00684611 0.0381385 0.70144 8
0 0.468517 0.171817 0.00816081 0.0546868 0.766641 3
0 0.162012 0.113657 0.0126641 0.0551025 0.646739 64
0 0.551827 0.0668565 0.0128758 0.0482497 0.574528 63
0 0.396501 0.0862766 0.0138027 0.0398684 0.632054 41
0 0.601403 0.166669 0.0119222 0.0564194 0.474386 38
0 0.268746 0.101968 0.0145173 0.0428108 0.55959 20
0 0.478062 0.0599984 0.00851692 0.0403249 0.603404 22
0 0.214376 0.0673725 0.00870099 0.0390491 0.364384 70
0 0.308893 0.070183 0.00952349 0.03929 0.666057 71
0 0.498086 0.0606052 0.00994221 0.037625 0.371142 73
