0 0.489003 0.515515 0.0209424 0.0856881 0.803821 1
0 0.824389 0.560813 0.0179325 0.0938197 0.814579 2
0 0.514443 0.88487 0.0270329 0.10988 0.799112 4
0 0.753157 0.398894 0.0285747 0.0752459 0.847068 6
0 0.648739 0.375315 0.0133675 0.0774862 0.757588 7
0 0.925156 0.492861 0.0360232 0.0888053 0.421795 12
0 0.681062 0.219396 0.0152016 0.0594741 0.684843 13
0 0.677024 0.278593 0.0120213 0.0563539 0.466441 10
0 0.558441 0.573916 0.0128406 0.0717747 0.703248 11
0 0.550183 0.546104 0.0273427 0.0693821 0.766667 3
0 0.389864 0.24784 0.0103049 0.0571614 0.702776 5
0 0.806437 0.268441 0.0197028 0.0561183 0.69777 8
0 0.932595 0.491256 0.0210896 0.0862249 0.498736 9
0 0.14897 0.127979 0.0138197 0.0490768 0.603903 23
0 0.915407 0.497531 0.0254185 0.0833746 0.539975 20
