0 0.530188 0.656784 0.0313129 0.0993425 0.864071 4
0 0.543435 0.210274 0.0108032 0.0539757 0.738477 88
0 0.0972782 0.223106 0.0184482 0.0550704 0.7077 124
0 0.758659 0.135715 0.0117656 0.0507313 0.748695 8
0 0.7935 0.140222 0.0104823 0.0426095 0.693462 132
0 0.602404 0.0946875 0.0110336 0.0435576 0.529555 22
0 0.692599 0.108719 0.00991516 0.0454397 0.672631 3
0 0.465369 0.0890709 0.00768665 0.0416938 0.35185 89
0 0.392902 0.0812051 0.00597092 0.0376319 0.7214 20
0 0.502911 0.139951 0.00952218 0.048828 0.76409 41
0 0.426586 0.0769912 0.00969763 0.039979 0.31144 109
0 0.533772 0.0447473 0.00885544 0.0342663 0.278204 102
0 0.186631 0.107284 0.0105406 0.0479312 0.399366 111
0 0.646195 0.107784 0.0143298 0.0434533 0.606678 131
