0 0.420371 0.638235 0.0313779 0.0979755 0.879052 4
0 0.426996 0.204922 0.0140766 0.0552612 0.533078 11
0 0.0758877 0.218287 0.0161637 0.0521493 0.703035 65
0 0.544965 0.044166 0.00845324 0.0417977 0.484121 56
0 0.478808 0.0499704 0.0116547 0.0396733 0.378307 22
0 0.647888 0.0488637 0.00965182 0.0375069 0.494278 8
0 0.514751 0.183134 0.0131574 0.0632445 0.778478 3
0 0.163867 0.120182 0.0141212 0.0534388 0.455855 64
0 0.561457 0.0668509 0.0068229 0.0399355 0.543958 63
0 0.481366 0.0580155 0.0136088 0.0356396 0.543313 41
