0 0.489108 0.51657 0.0208676 0.0843661 0.822367 1
0 0.827627 0.561903 0.0282488 0.087589 0.832385 2
0 0.534096 0.871127 0.0170015 0.114997 0.58542 4
0 0.775333 0.385469 0.0317945 0.0750029 0.798944 6
0 0.648125 0.37776 0.0127395 0.0736429 0.787156 7
0 0.675479 0.222645 0.0127516 0.0597503 0.365268 13
0 0.674334 0.272523 0.0171895 0.0573626 0.774077 10
0 0.560839 0.572571 0.0179241 0.0824537 0.654682 11
0 0.554619 0.540722 0.0227959 0.0802557 0.668761 3
0 0.389515 0.249252 0.0103076 0.0568711 0.733796 5
0 0.83794 0.273984 0.0238468 0.0564266 0.725929 8
0 0.154909 0.130508 0.0137201 0.0495715 0.577223 23
0 0.944402 0.519856 0.044026 0.0954782 0.843622 12
