0 0.530856 0.652646 0.0303646 0.0984587 0.869166 4
0 0.116515 0.20629 0.0144978 0.0505188 0.599889 124
0 0.527764 0.211906 0.0118812 0.055329 0.750377 88
0 0.165577 0.117537 0.0191913 0.062459 0.382926 127
0 0.709554 0.192203 0.0111352 0.0528224 0.809556 132
0 0.179193 0.0989251 0.0191369 0.0631095 0.306322 111
0 0.562226 0.0589301 0.00828921 0.0407174 0.412372 20
0 0.522072 0.104514 0.0096412 0.0473634 0.599248 89
0 0.54512 0.0687153 0.00799942 0.0218151 0.466344 22
0 0.488134 0.0779108 0.00626418 0.034428 0.414223 126
0 0.459137 0.0990207 0.00848363 0.0439972 0.746888 136
0 0.584817 0.0503027 0.00887502 0.0368287 0.407468 56
0 0.645886 0.112994 0.0127879 0.0440183 0.716343 3
0 0.522465 0.0533452 0.0114106 0.0511111 0.308649 109
0 0.50531 0.0612848 0.0118116 0.0401661 0.429173 137
