0 0.489466 0.794499 0.0352865 0.108345 0.871539 4
0 0.0677934 0.248254 0.0201762 0.0578637 0.773716 93
0 0.6045 0.289492 0.0160823 0.0636273 0.810439 38
0 0.441843 0.260314 0.0183443 0.0713102 0.789857 3
0 0.317495 0.119668 0.0106053 0.0432062 0.773043 110
0 0.61537 0.168939 0.0144464 0.048276 0.803665 22
0 0.525354 0.188801 0.0111781 0.0394359 0.453244 41
0 0.693839 0.0990812 0.0101028 0.0454651 0.593207 109
0 0.488885 0.136745 0.0109165 0.0484873 0.753267 8
0 0.41235 0.247954 0.0120429 0.059304 0.758443 20
0 0.673663 0.178487 0.0122849 0.0536644 0.67797 71
0 0.468147 0.0486789 0.00812028 0.0387596 0.467907 102
0 0.5013 0.184455 0.0118763 0.0535979 0.477007 75
0 0.496911 0.107144 0.00851358 0.0429393 0.441671 56
0 0.427584 0.133144 0.00803598 0.0457602 0.527198 89
