0 0.509844 0.844898 0.0287883 0.11737 0.865579 4
0 0.814153 0.166161 0.0177307 0.0384725 0.336239 38
0 0.718762 0.275966 0.014501 0.0645341 0.770278 88
0 0.15936 0.118902 0.0162539 0.0630569 0.469336 64
0 0.751532 0.248281 0.0152769 0.0609252 0.764712 3
0 0.521563 0.0452909 0.00963917 0.0391445 0.355629 102
0 0.398322 0.229406 0.012421 0.0578869 0.783906 20
0 0.59867 0.184428 0.0170378 0.0474294 0.610174 126
0 0.576558 0.198036 0.0125128 0.0535446 0.745489 41
0 0.500462 0.179431 0.0129394 0.0544148 0.408689 8
0 0.733765 0.155285 0.0138317 0.0495695 0.640364 56
0 0.645904 0.140484 0.00863514 0.0502037 0.787883 109
0 0.725787 0.100045 0.0110494 0.0424063 0.433072 22
0 0.488341 0.134569 0.0088198 0.0467535 0.744417 89
0 0.183814 0.0951322 0.0142506 0.0723577 0.504668 127
0 0.514985 0.10255 0.00799176 0.0422005 0.336329 110
0 0.820755 0.152598 0.0136481 0.0431434 0.531437 71
