0 0.495833 0.755108 0.030864 0.109352 0.867693 4
0 0.116426 0.204791 0.0145282 0.0530907 0.670994 124
0 0.52335 0.211205 0.0157831 0.055283 0.778367 88
0 0.719827 0.213653 0.0187747 0.0562984 0.842152 132
0 0.178745 0.110073 0.0139363 0.0576585 0.446882 111
0 0.511389 0.0599605 0.00772969 0.044185 0.349802 89
0 0.159792 0.11502 0.0107785 0.0503294 0.613789 127
0 0.495318 0.0988393 0.0100668 0.0455192 0.745938 136
0 0.478334 0.0968454 0.0089941 0.0381866 0.414782 126
0 0.554902 0.0601553 0.01026 0.0451596 0.578146 20
0 0.542065 0.0501638 0.0102322 0.0654299 0.522065 22
0 0.73759 0.0415852 0.0114804 0.0387395 0.36567 56
0 0.482833 0.0743074 0.00960455 0.0302677 0.49691 142
0 0.626824 0.152535 0.0104907 0.0504773 0.630872 3
