0 0.530723 0.65233 0.0306066 0.0979236 0.868777 4
0 0.115974 0.205447 0.0154699 0.0526419 0.55147 124
0 0.513309 0.199054 0.0105242 0.0546113 0.782612 88
0 0.786408 0.141863 0.0124999 0.0490187 0.786336 132
0 0.409953 0.0974059 0.013421 0.0423137 0.660811 136
0 0.519701 0.0791463 0.010791 0.0518944 0.508059 22
0 0.495068 0.0723419 0.00815678 0.0360149 0.648744 56
0 0.165077 0.118729 0.0164769 0.0577071 0.441254 127
0 0.18232 0.109807 0.0113412 0.046268 0.299412 111
0 0.417329 0.0709069 0.0114814 0.0352807 0.441402 109
0 0.688561 0.101231 0.00880705 0.0439115 0.401671 3
