0 0.496357 0.658896 0.0309971 0.0976466 0.884141 4
0 0.114873 0.206949 0.0150128 0.0533581 0.672439 124
0 0.483229 0.176493 0.0105354 0.04962 0.816765 88
0 0.628839 0.150011 0.0106224 0.0486096 0.772754 3
0 0.417897 0.0615493 0.0081261 0.0427167 0.628046 136
0 0.162803 0.123574 0.0125669 0.0541658 0.389021 111
0 0.574536 0.0913938 0.00931435 0.0423742 0.372439 22
0 0.490894 0.0435453 0.00959892 0.0303214 0.327509 109
0 0.540952 0.0702116 0.0085399 0.0399811 0.492014 150
0 0.180008 0.111944 0.0158545 0.0516587 0.31729 127
0 0.642127 0.061745 0.0111088 0.0412667 0.469838 137
0 0.588888 0.0759572 0.00837345 0.0410899 0.482595 126
0 0.470926 0.0625505 0.0066981 0.0328714 0.490726 20
