0 0.417491 0.770542 0.0250352 0.103288 0.833534 4
0 0.71519 0.269789 0.0102975 0.0596321 0.747251 38
0 0.396682 0.288129 0.0218524 0.060883 0.775869 3
0 0.297962 0.429251 0.0232924 0.070492 0.822202 11
0 0.445794 0.218526 0.0118965 0.0557154 0.758017 8
0 0.122327 0.219954 0.0148002 0.0528912 0.648426 1
0 0.495515 0.0583041 0.00947441 0.0388861 0.365821 22
0 0.26623 0.238014 0.0177912 0.0555853 0.760956 20
0 0.420974 0.17892 0.0151743 0.0475378 0.727398 56
0 0.245843 0.235815 0.0173509 0.0579024 0.75548 13
0 0.451982 0.176673 0.0101473 0.0433092 0.42865 7
0 0.121268 0.166361 0.0145832 0.0531294 0.545743 39
0 0.553075 0.151668 0.0126035 0.0455034 0.769248 41
0 0.395224 0.143965 0.0119105 0.0437186 0.701746 6
0 0.142021 0.138944 0.0108364 0.048702 0.526882 31
0 0.287497 0.157864 0.0104059 0.0420348 0.613474 5
