0 0.530064 0.650586 0.0302738 0.0962278 0.867592 4
0 0.115746 0.204909 0.0149746 0.0526626 0.623259 124
0 0.514931 0.198062 0.0133579 0.0531813 0.798482 88
0 0.165108 0.116797 0.0173021 0.0616485 0.374113 127
0 0.455365 0.0729427 0.00994082 0.0373199 0.561261 126
0 0.40428 0.062197 0.00714957 0.0358362 0.676115 136
0 0.393377 0.0897234 0.00921783 0.0449498 0.68237 137
0 0.44189 0.0588338 0.00844231 0.0364828 0.616439 109
0 0.685137 0.10033 0.00774511 0.0463899 0.382631 3
0 0.177987 0.107088 0.0164654 0.0585263 0.288884 139
0 0.178259 0.0953087 0.0192995 0.0746946 0.347767 111
0 0.506962 0.0705398 0.00836366 0.0379406 0.532611 20
0 0.516463 0.0477217 0.00855716 0.0458612 0.371649 22
