0 0.418408 0.653009 0.0301913 0.0983043 0.867293 4
0 0.400897 0.205329 0.0121089 0.0512001 0.661864 11
0 0.074875 0.218177 0.0168751 0.0552095 0.702984 65
0 0.562046 0.152196 0.0127439 0.0484256 0.754395 3
0 0.162271 0.114542 0.0126866 0.053119 0.606973 64
0 0.391029 0.0843239 0.0123134 0.0394286 0.50891 41
0 0.662455 0.125656 0.0112165 0.0483575 0.675567 38
0 0.226387 0.122398 0.0120895 0.0452565 0.544883 20
0 0.270759 0.0817542 0.00931214 0.0400992 0.411549 71
0 0.586729 0.0772028 0.0122772 0.0373389 0.50975 63
0 0.667694 0.0659204 0.0108831 0.0415095 0.653957 8
0 0.531033 0.0859579 0.0133371 0.0517497 0.624934 22
0 0.514197 0.0710022 0.00786956 0.0390751 0.48158 73
0 0.428289 0.0689312 0.00819546 0.0371011 0.605907 72
0 0.245334 0.058794 0.00853591 0.0378834 0.475333 70
