0 0.427351 0.681489 0.0327154 0.106311 0.857581 4
0 0.424349 0.225882 0.013497 0.0574081 0.495091 11
0 0.5057 0.0710952 0.00927051 0.0427224 0.662073 20
0 0.640869 0.184712 0.00954157 0.0540529 0.801289 38
0 0.504716 0.112673 0.0105339 0.0463209 0.6498 8
0 0.0174868 0.287956 0.0208511 0.0637597 0.812454 65
0 0.518808 0.207859 0.0140414 0.0586689 0.779342 3
0 0.616607 0.0888935 0.010837 0.0425853 0.598135 63
0 0.609451 0.065843 0.00938149 0.0409357 0.253906 41
0 0.459997 0.0885041 0.00964743 0.0405549 0.594174 5
0 0.417879 0.106664 0.00960042 0.0460364 0.698364 1
0 0.388615 0.0919699 0.00957651 0.0371442 0.532715 13
0 0.523389 0.077206 0.0104096 0.0416346 0.482382 56
