0 0.432976 0.70528 0.0263574 0.103255 0.862783 4
0 0.610961 0.210463 0.0159607 0.0543691 0.810092 88
0 0.0430773 0.273043 0.0199726 0.0607371 0.77651 93
0 0.592047 0.179149 0.00942739 0.0515194 0.751715 3
0 0.354887 0.150823 0.0118437 0.0480402 0.746467 20
0 0.523192 0.108592 0.0117593 0.04674 0.361006 8
0 0.36541 0.0832687 0.00685596 0.0398888 0.524401 89
0 0.617275 0.0972103 0.00818329 0.044864 0.590247 75
0 0.455451 0.209131 0.0123251 0.0528474 0.783659 38
0 0.556668 0.0625351 0.00729866 0.0316975 0.287156 22
0 0.510333 0.0432635 0.0090298 0.0386676 0.363497 102
0 0.57125 0.0796052 0.00922368 0.0388513 0.487443 71
0 0.491654 0.0730806 0.00808757 0.0352719 0.534133 41
0 0.42362 0.0795284 0.0134149 0.0405216 0.576923 56
