0 0.501414 0.505432 0.0153524 0.0765934 0.751582 1
0 0.760954 0.555741 0.0261311 0.0847132 0.831599 2
0 0.497791 0.882843 0.0318607 0.117235 0.829115 4
0 0.743084 0.4382 0.0168566 0.0794797 0.807783 6
0 0.605899 0.373181 0.0117867 0.077376 0.762636 7
0 0.712966 0.256191 0.0144928 0.0578007 0.724013 8
0 0.85065 0.409789 0.0219571 0.0721815 0.799878 12
0 0.963788 0.317045 0.0240106 0.0662411 0.627115 14
0 0.801617 0.427414 0.021696 0.0765879 0.827025 20
0 0.640217 0.212847 0.0130136 0.0570209 0.627782 13
0 0.627817 0.259618 0.0135796 0.0619952 0.708239 10
0 0.555372 0.572008 0.0274082 0.0719939 0.742013 11
0 0.546691 0.541986 0.0256431 0.0651766 0.587116 3
