0 0.417937 0.543721 0.0237715 0.0876131 0.871459 4
0 0.0995682 0.213862 0.0158405 0.0533852 0.696446 124
0 0.179851 0.113009 0.0111954 0.0512566 0.354732 127
0 0.170881 0.114002 0.0124344 0.050125 0.301156 111
0 0.412048 0.125745 0.0112658 0.0414359 0.728288 162
0 0.593479 0.148151 0.0162261 0.0556176 0.598038 132
0 0.614137 0.0777447 0.0127359 0.0432428 0.61272 165
0 0.393616 0.0636524 0.00848207 0.038996 0.676591 20
0 0.468146 0.0959652 0.0130693 0.0356628 0.730256 150
0 0.371343 0.17727 0.0129217 0.0494364 0.770363 88
0 0.457971 0.0724369 0.0103158 0.0371659 0.592686 137
0 0.340738 0.0455578 0.00864185 0.0335008 0.31692 22
0 0.431227 0.0518993 0.00736704 0.0293629 0.353478 168
0 0.512054 0.0535631 0.00922257 0.0390554 0.505292 170
