0 0.496271 0.659205 0.0311924 0.0973475 0.883065 4
0 0.114984 0.206709 0.0151175 0.054361 0.66512 124
0 0.48649 0.179164 0.00899763 0.0466427 0.789448 88
0 0.62902 0.152707 0.0111734 0.0497517 0.802878 3
0 0.420832 0.061937 0.00871315 0.0418638 0.663583 136
0 0.160739 0.121469 0.0149213 0.0583503 0.434512 111
0 0.566339 0.0963537 0.0085947 0.0449425 0.570222 22
0 0.536841 0.0675436 0.00841106 0.0399604 0.410478 150
0 0.630784 0.0602868 0.00897446 0.0388288 0.425278 137
0 0.590222 0.0783533 0.0100224 0.0419157 0.558662 126
0 0.466956 0.0639455 0.00740735 0.0354354 0.575389 20
0 0.680389 0.0859528 0.00905132 0.0423451 0.749336 132
0 0.521113 0.0570101 0.00833791 0.0384477 0.563678 109
0 0.567195 0.0440304 0.00735219 0.034047 0.355368 153
0 0.181466 0.108422 0.0132464 0.0501149 0.292935 127
0 0.482768 0.0432354 0.00810932 0.0349332 0.384131 154
