0 0.527189 0.670838 0.0263424 0.100569 0.83198 4
0 0.640338 0.216789 0.0112642 0.0548759 0.675636 88
0 0.707464 0.148383 0.0113389 0.0480089 0.694806 3
0 0.593778 0.157698 0.00912851 0.0493854 0.807985 41
0 0.551456 0.0863965 0.0149064 0.0433443 0.443886 109
0 0.466442 0.106996 0.00908937 0.0430234 0.664387 89
0 0.0721705 0.2599 0.0236648 0.0600428 0.830508 124
0 0.504635 0.0918655 0.00859594 0.0395053 0.671804 110
0 0.663769 0.148558 0.015332 0.0489266 0.721621 8
0 0.416515 0.122325 0.00844752 0.0410143 0.788126 20
0 0.663601 0.0970451 0.00945148 0.0434739 0.556545 56
0 0.642648 0.114708 0.00969194 0.0456285 0.66706 126
0 0.531468 0.0421224 0.00965573 0.0370893 0.304295 102
