0 0.394953 0.759176 0.02795 0.10969 0.862202 4
0 0.685049 0.267264 0.0112455 0.0612976 0.759049 38
0 0.36657 0.280143 0.0134134 0.0619299 0.774757 3
0 0.286141 0.406964 0.0200549 0.0763881 0.822008 11
0 0.430299 0.211317 0.0101898 0.0559925 0.656351 8
0 0.0966705 0.227702 0.0166379 0.0502511 0.43278 1
0 0.490821 0.0542273 0.00906105 0.0367247 0.346128 22
0 0.221751 0.235819 0.0150624 0.0558045 0.758158 20
0 0.378328 0.170861 0.0121909 0.0398487 0.636431 56
0 0.203557 0.240799 0.0213864 0.0594149 0.732009 13
0 0.415202 0.171363 0.0105883 0.0396155 0.519587 7
0 0.121278 0.162523 0.0146084 0.0520043 0.530112 39
0 0.525602 0.143114 0.0128913 0.0438857 0.76649 41
0 0.251446 0.162369 0.0113909 0.0532888 0.509637 55
0 0.358356 0.140696 0.0143414 0.0442027 0.643533 6
