0 0.501135 0.655833 0.0306266 0.0986586 0.848302 4
0 0.121502 0.202409 0.0149393 0.0550179 0.748028 124
0 0.48661 0.188288 0.0116741 0.051392 0.771608 88
0 0.790829 0.0981062 0.0106363 0.0417317 0.672078 132
0 0.509365 0.0599071 0.0108798 0.0392773 0.554764 150
0 0.183367 0.0984514 0.0120009 0.0634079 0.296185 156
0 0.455362 0.0743446 0.00825876 0.037679 0.620828 154
0 0.68165 0.116926 0.00899448 0.0444687 0.785293 3
0 0.17242 0.11601 0.0165548 0.0516101 0.374177 111
0 0.431557 0.0698323 0.0118305 0.0605433 0.449057 136
0 0.477806 0.0737889 0.00921303 0.0461911 0.62772 22
0 0.518312 0.0409007 0.00949338 0.0382943 0.415222 137
