0 0.0550343 0.273912 0.0186708 0.0614617 0.744815 1
0 0.380305 0.748293 0.028764 0.101863 0.871828 4
0 0.376519 0.233851 0.011429 0.0622337 0.724547 7
0 0.301056 0.397414 0.0144355 0.0497792 0.587466 11
0 0.42507 0.193793 0.0116964 0.0491486 0.39367 20
0 0.687357 0.184004 0.015602 0.0530417 0.765551 41
0 0.484876 0.321112 0.0175803 0.0639834 0.835953 38
0 0.361176 0.356191 0.0176341 0.0731157 0.80129 3
0 0.208404 0.171872 0.0109482 0.047948 0.728316 5
0 0.438176 0.150233 0.0126052 0.0474382 0.638885 6
0 0.562708 0.207675 0.00982374 0.0540781 0.766473 34
0 0.134331 0.140018 0.0141109 0.0576979 0.5911 39
0 0.156242 0.121229 0.0153339 0.0516173 0.335004 31
0 0.53675 0.184046 0.0166738 0.0519172 0.771225 8
0 0.397762 0.183706 0.0106714 0.0524686 0.489066 13
