0 0.518002 0.481786 0.0162887 0.081215 0.775752 1
0 0.734452 0.551372 0.0205875 0.0855007 0.811333 2
0 0.55401 0.517596 0.0178109 0.0722129 0.546495 3
0 0.496724 0.883236 0.0331165 0.117785 0.85835 4
0 0.371 0.221627 0.0106524 0.049125 0.768218 5
0 0.720758 0.412167 0.0197677 0.0805035 0.587241 6
0 0.604499 0.37604 0.0122065 0.0744267 0.768832 7
0 0.662906 0.255604 0.0154896 0.0599195 0.776306 8
0 0.556438 0.562976 0.0214565 0.0831363 0.726345 11
0 0.799375 0.376619 0.0244881 0.0741816 0.808262 12
0 0.88718 0.264949 0.0221593 0.0656573 0.758443 14
0 0.73911 0.379607 0.0154868 0.0706626 0.714426 20
0 0.616463 0.195129 0.0147317 0.0514761 0.79964 13
0 0.491046 0.0509028 0.00891844 0.041133 0.510961 16
0 0.583861 0.245039 0.0121906 0.0582532 0.725355 10
