0 0.531576 0.653173 0.0303635 0.0997778 0.87107 4
0 0.11729 0.207626 0.0153813 0.0501114 0.620268 124
0 0.462017 0.0825926 0.00932376 0.0428687 0.665834 89
0 0.481798 0.192622 0.00990632 0.0520454 0.825457 88
0 0.419564 0.0801469 0.0113872 0.0524861 0.553604 41
0 0.797615 0.146902 0.0115207 0.0506083 0.746852 132
0 0.234486 0.0375042 0.00944425 0.044653 0.338516 135
0 0.683262 0.102495 0.0111701 0.049684 0.761759 3
0 0.531259 0.0396409 0.00908944 0.0373601 0.313468 102
0 0.447086 0.0826176 0.0087882 0.0393285 0.358461 126
0 0.404207 0.0744277 0.00644197 0.0403742 0.520097 20
0 0.486372 0.0777744 0.00839504 0.0394899 0.359482 22
