0 0.487486 0.7993 0.0351845 0.109929 0.87042 4
0 0.0614589 0.254185 0.0160952 0.0587313 0.786372 93
0 0.60623 0.287103 0.0159585 0.0630088 0.835139 38
0 0.442702 0.262521 0.0177109 0.0692841 0.810599 3
0 0.317447 0.121652 0.0079881 0.0415097 0.776952 110
0 0.615426 0.171238 0.014911 0.0499437 0.796003 22
0 0.524779 0.19093 0.010887 0.0407646 0.447402 41
0 0.486201 0.139884 0.0111305 0.0477414 0.647737 8
0 0.417746 0.248117 0.013054 0.0572837 0.804496 20
0 0.69292 0.186561 0.0099706 0.0519561 0.784503 71
0 0.467377 0.0475834 0.0102079 0.0424604 0.509531 102
0 0.437258 0.133894 0.00741342 0.045236 0.738177 89
0 0.502567 0.186796 0.0120467 0.0526161 0.753471 75
0 0.480058 0.105594 0.00850585 0.0429046 0.483206 56
