0 0.49794 0.7572 0.0262427 0.105005 0.849669 4
0 0.116183 0.205605 0.0149128 0.051602 0.540881 124
0 0.523341 0.211388 0.0146934 0.0549888 0.755983 88
0 0.720604 0.214752 0.0175262 0.0534389 0.783328 132
0 0.178522 0.11209 0.014187 0.0505832 0.480797 111
0 0.498218 0.0938681 0.011406 0.0456853 0.680068 136
0 0.539929 0.0422287 0.00937106 0.0437315 0.352923 22
0 0.623353 0.156012 0.0121078 0.0522808 0.719128 3
0 0.4789 0.087185 0.0125635 0.0559068 0.639888 126
0 0.517405 0.050458 0.00897849 0.055472 0.32017 137
0 0.516429 0.0573823 0.00769895 0.0421445 0.318581 20
