0 0.403854 0.904029 0.0315304 0.113485 0.827554 4
0 0.0402773 0.60624 0.0270704 0.0895424 0.819498 38
0 0.0807761 0.369296 0.023072 0.0730652 0.765764 20
0 0.138001 0.21345 0.0155184 0.0594435 0.734263 70
0 0.436325 0.190401 0.0111809 0.0544637 0.705041 73
0 0.294858 0.225812 0.0143355 0.0537078 0.773951 71
0 0.340396 0.411696 0.0167432 0.0780977 0.832503 3
0 0.549517 0.149323 0.019701 0.0527813 0.762586 63
0 0.458916 0.411172 0.0203308 0.0727457 0.850202 11
0 0.257284 0.180605 0.0144641 0.0462323 0.724655 72
0 0.469471 0.218943 0.0119173 0.0582545 0.771774 41
0 0.572648 0.241177 0.0163602 0.0609921 0.802894 8
0 0.66999 0.224899 0.0135875 0.059031 0.779959 22
0 0.417377 0.154508 0.0100505 0.051959 0.732438 56
0 0.159147 0.117825 0.0136395 0.0472893 0.303653 64
