0 0.444829 0.694884 0.0322352 0.0986598 0.868152 4
0 0.0494794 0.272155 0.0201118 0.060964 0.791057 93
0 0.33538 0.137837 0.0123146 0.044538 0.719327 20
0 0.520721 0.112548 0.00903457 0.0436867 0.723319 8
0 0.381955 0.089063 0.0112247 0.0399679 0.618739 56
0 0.440035 0.220286 0.0128539 0.0544649 0.773125 38
0 0.546007 0.0857496 0.00902252 0.0418406 0.623222 71
0 0.51519 0.0654209 0.00888446 0.0402872 0.372906 109
0 0.15447 0.127314 0.0102937 0.0477515 0.367975 111
0 0.475789 0.0977107 0.00990486 0.046329 0.450221 22
0 0.526374 0.19515 0.0114232 0.0478906 0.418167 3
0 0.437474 0.0845312 0.00816002 0.037466 0.558488 110
0 0.518605 0.223735 0.0114626 0.0528928 0.68904 88
0 0.58992 0.116729 0.00932255 0.0441786 0.708996 75
0 0.413907 0.123786 0.00967394 0.0421365 0.685168 41
0 0.496831 0.0461468 0.00741936 0.0337268 0.389332 102
0 0.336425 0.0952058 0.00885274 0.0386532 0.426647 89
