0 0.449056 0.749741 0.0282566 0.108887 0.846494 4
0 0.282617 0.240391 0.0128313 0.0584538 0.781055 38
0 0.378343 0.295495 0.0138577 0.0652269 0.790475 88
0 0.00673141 0.313766 0.0134628 0.0618335 0.791867 93
0 0.260258 0.186753 0.0151319 0.0532686 0.743237 20
0 0.52334 0.183904 0.0109074 0.05381 0.528124 70
0 0.365848 0.0986366 0.0102849 0.0410206 0.671131 56
0 0.289672 0.13703 0.00991433 0.0440705 0.637398 72
0 0.432364 0.149121 0.0108346 0.0483821 0.782719 71
0 0.318855 0.1009 0.01197 0.0434604 0.49401 89
0 0.516727 0.229542 0.014226 0.0602612 0.741249 3
0 0.163264 0.116744 0.0155897 0.0573693 0.309774 64
0 0.566049 0.101371 0.00974407 0.0458714 0.691583 63
0 0.760081 0.12574 0.0136939 0.0435484 0.631394 22
0 0.593941 0.183054 0.0128832 0.0544694 0.756454 8
0 0.547242 0.130048 0.00931269 0.0484535 0.54774 41
