0 0.501701 0.686447 0.0256083 0.0983044 0.840285 4
0 0.718225 0.229272 0.0172933 0.0594287 0.781531 38
0 0.516505 0.263008 0.0141433 0.0625338 0.744425 3
0 0.423537 0.320974 0.012607 0.0661461 0.747337 11
0 0.586786 0.122269 0.013144 0.0435003 0.777451 56
0 0.418463 0.200075 0.0153387 0.0606302 0.724879 13
0 0.641232 0.126803 0.0144679 0.0442723 0.637613 7
0 0.663659 0.151317 0.0173743 0.0482501 0.766118 41
0 0.438065 0.116374 0.0108947 0.0455502 0.657239 55
0 0.395667 0.116025 0.0103367 0.0404256 0.690851 5
0 0.420567 0.15657 0.00996761 0.0483079 0.454335 20
0 0.513445 0.108662 0.0110864 0.0442781 0.663143 6
0 0.508308 0.186883 0.0103489 0.056668 0.76148 8
0 0.213621 0.142113 0.00917314 0.0453085 0.607192 1
