0 0.48776 0.798507 0.0352053 0.109979 0.873282 4
0 0.0620905 0.254266 0.0177863 0.0583687 0.785845 93
0 0.605069 0.28335 0.015754 0.0611558 0.826641 38
0 0.443259 0.26297 0.0180489 0.0662428 0.754788 3
0 0.318732 0.121353 0.00737435 0.0418784 0.742916 110
0 0.615096 0.171166 0.0157528 0.0501069 0.807037 22
0 0.525139 0.190435 0.0105826 0.0441415 0.429882 41
0 0.486835 0.139612 0.0101046 0.0489091 0.706008 8
0 0.419214 0.24798 0.0126216 0.0531508 0.764667 20
0 0.697264 0.187278 0.0140448 0.0533017 0.716571 71
0 0.466546 0.0457304 0.0104163 0.0467682 0.522987 102
0 0.440925 0.133456 0.00980005 0.0465996 0.686455 89
0 0.501213 0.187688 0.0121481 0.054928 0.370835 75
0 0.147037 0.127721 0.0151944 0.0479059 0.383905 64
