0 0.462698 0.710967 0.0341175 0.102321 0.850039 4
0 0.751757 0.210577 0.0185862 0.0564047 0.769713 38
0 0.435017 0.244119 0.0134028 0.0626618 0.716338 3
0 0.361155 0.365825 0.0186669 0.0723995 0.833555 11
0 0.472664 0.170557 0.0113482 0.0579727 0.729665 8
0 0.149844 0.16503 0.0145998 0.0536374 0.589403 1
0 0.33073 0.165821 0.0110856 0.055973 0.743721 20
0 0.488495 0.115683 0.0112432 0.0462269 0.719169 56
0 0.30686 0.18172 0.0136137 0.0557056 0.708465 13
0 0.507313 0.120175 0.0129759 0.0451052 0.748177 7
0 0.599132 0.107783 0.0155254 0.045589 0.72791 41
0 0.451348 0.0888012 0.0111723 0.0487816 0.470563 6
0 0.331303 0.101573 0.00976817 0.0436333 0.645517 5
0 0.348566 0.105427 0.0124933 0.0499996 0.681738 55
