0 0.515885 0.482225 0.0164691 0.0830862 0.783077 1
0 0.735913 0.547874 0.0208283 0.0898292 0.818692 2
0 0.547418 0.522144 0.0190371 0.0791972 0.649936 3
0 0.496412 0.882932 0.0326331 0.118403 0.843316 4
0 0.372049 0.22585 0.00952826 0.0500457 0.778238 5
0 0.724748 0.417936 0.0154762 0.0778855 0.662276 6
0 0.604518 0.376614 0.0120623 0.0718728 0.764698 7
0 0.672355 0.254082 0.0153187 0.0587317 0.784211 8
0 0.555317 0.566422 0.0221376 0.0840792 0.726852 11
0 0.804776 0.381072 0.0182412 0.0709351 0.757207 12
0 0.901102 0.272089 0.0230458 0.06564 0.729807 14
0 0.747425 0.388556 0.0233878 0.0716319 0.721285 20
0 0.62137 0.200007 0.0147462 0.0549616 0.745941 13
0 0.492094 0.0508811 0.00818377 0.0423043 0.414711 16
0 0.591518 0.248513 0.0126183 0.0586459 0.73861 10
