0 0.5276 0.653563 0.0311132 0.0974018 0.858572 4
0 0.606032 0.20951 0.0147555 0.053912 0.781748 88
0 0.558155 0.149878 0.00922451 0.0494649 0.75934 41
0 0.508343 0.0814012 0.0126968 0.0402422 0.558136 109
0 0.458 0.0966003 0.00863075 0.042754 0.670781 89
0 0.0823936 0.240825 0.0195727 0.0601703 0.806167 124
0 0.70066 0.135227 0.014219 0.0634057 0.376323 8
0 0.406072 0.0961431 0.00853259 0.0399102 0.724443 20
0 0.60581 0.105449 0.00925922 0.040964 0.673191 126
0 0.177762 0.11279 0.0138361 0.0523665 0.423595 111
0 0.834701 0.154812 0.0148276 0.0494594 0.802052 132
0 0.614238 0.081319 0.00873159 0.0429357 0.499125 56
0 0.485034 0.0848859 0.00967067 0.0368131 0.448516 110
0 0.656468 0.0971917 0.0129136 0.0438151 0.713662 22
0 0.690915 0.119088 0.00901966 0.0333705 0.412258 131
