0 0.42041 0.635046 0.0304027 0.0961591 0.877163 4
0 0.443004 0.207351 0.0128172 0.05405 0.82755 11
0 0.52529 0.194082 0.0126244 0.0560943 0.50568 38
0 0.0730623 0.227175 0.0216944 0.057531 0.754364 65
0 0.508514 0.194807 0.0119444 0.0551228 0.752178 3
0 0.513296 0.0725528 0.0103332 0.0554936 0.358966 56
0 0.50882 0.0798091 0.0104821 0.0449757 0.574206 1
0 0.607717 0.0664124 0.00902513 0.0400287 0.689014 8
0 0.482688 0.0580041 0.00643454 0.0358835 0.616222 20
0 0.532552 0.0641918 0.0080363 0.0377926 0.585649 22
0 0.163828 0.112846 0.0112167 0.0542997 0.401863 64
0 0.541518 0.0581887 0.00793845 0.0388728 0.647984 41
