0 0.44603 0.695881 0.031489 0.0986886 0.852329 4
0 0.0618335 0.262987 0.0175769 0.0581547 0.787495 93
0 0.30647 0.15923 0.0101026 0.0504399 0.77972 20
0 0.486157 0.10857 0.00913003 0.0457908 0.66761 8
0 0.508764 0.25762 0.0156905 0.0639226 0.747623 38
0 0.417087 0.143019 0.0116735 0.0463346 0.713242 41
0 0.496333 0.0491707 0.00876341 0.0381933 0.508683 102
0 0.543664 0.0785683 0.00901998 0.0415252 0.664946 109
0 0.5579 0.118321 0.01129 0.0673593 0.767043 75
0 0.177087 0.117174 0.0141939 0.0574414 0.468266 64
0 0.16285 0.117094 0.0108652 0.050275 0.325835 111
0 0.359085 0.109386 0.00935701 0.0426892 0.706227 89
0 0.426458 0.0957422 0.0107555 0.0443547 0.52459 56
0 0.488362 0.218036 0.0126238 0.0542078 0.69654 3
0 0.408149 0.0911669 0.00866954 0.037193 0.606882 110
