0 0.499361 0.691378 0.0250402 0.0987874 0.841364 4
0 0.68492 0.203082 0.0215307 0.0501271 0.740261 38
0 0.561732 0.257619 0.0171846 0.0616303 0.817926 3
0 0.448977 0.298767 0.0172266 0.0641641 0.827839 11
0 0.656444 0.106273 0.0143941 0.0431053 0.700301 56
0 0.474663 0.18671 0.0154036 0.0583562 0.549713 13
0 0.721239 0.130314 0.0134588 0.0456231 0.563383 41
0 0.52749 0.0892437 0.00914205 0.0462762 0.365682 6
0 0.527702 0.177325 0.0111697 0.0559565 0.751603 8
0 0.514776 0.0395253 0.0082332 0.0367556 0.312122 22
0 0.421028 0.107248 0.00800117 0.042767 0.755813 5
0 0.467251 0.103663 0.0103895 0.0457629 0.620569 55
0 0.265614 0.111149 0.00838871 0.041475 0.627653 1
0 0.470705 0.147633 0.0110731 0.0442168 0.352513 20
