0 0.114676 0.326119 0.021482 0.0672131 0.804437 1
0 0.420354 0.773576 0.0310122 0.10743 0.86575 4
0 0.402184 0.258482 0.0143066 0.0652282 0.795784 7
0 0.289576 0.420339 0.0161379 0.0755977 0.797281 11
0 0.458849 0.221298 0.0102592 0.0558832 0.70035 20
0 0.581855 0.229349 0.0119399 0.0563177 0.771108 34
0 0.769081 0.219685 0.0167471 0.0602771 0.758796 41
0 0.473737 0.316014 0.0167372 0.06349 0.821474 38
0 0.516617 0.16298 0.0137565 0.0491686 0.715296 6
0 0.374125 0.394515 0.0182401 0.0767059 0.810557 3
0 0.482603 0.0610562 0.00896784 0.036963 0.397195 22
0 0.664871 0.203579 0.0156384 0.0525909 0.694676 8
0 0.189398 0.185163 0.0120773 0.0495547 0.628561 5
0 0.441371 0.204783 0.0105733 0.0553788 0.69043 13
0 0.0812969 0.237022 0.0237544 0.0567077 0.270446 10
