0 0.500229 0.847539 0.0283992 0.1152 0.855101 4
0 0.00674463 0.319216 0.0134893 0.0566774 0.754435 93
0 0.754557 0.2135 0.0136696 0.0568937 0.761372 38
0 0.809036 0.153342 0.0164609 0.0505593 0.606024 71
0 0.597752 0.278644 0.0134824 0.0607973 0.777388 88
0 0.161231 0.125221 0.0132212 0.0565884 0.536077 64
0 0.644478 0.262228 0.0219805 0.0575475 0.815478 3
0 0.521271 0.0477115 0.0091595 0.0376586 0.28565 102
0 0.184573 0.110327 0.0103355 0.0476891 0.349274 111
0 0.444625 0.13838 0.00890277 0.0470178 0.731543 89
0 0.374539 0.196704 0.0109 0.0509504 0.641051 20
0 0.467804 0.160353 0.0105715 0.0507564 0.773328 8
0 0.516801 0.149205 0.0103331 0.0454379 0.69496 126
0 0.494454 0.097256 0.00870314 0.0395664 0.473858 110
0 0.599309 0.164788 0.0158028 0.0520806 0.718556 109
0 0.684188 0.110538 0.0124097 0.0438598 0.460831 22
0 0.486551 0.175579 0.0122888 0.0527479 0.700507 41
0 0.57476 0.179971 0.0186349 0.051635 0.522179 56
0 0.174338 0.119732 0.0147386 0.0536753 0.327905 115
