0 0.531218 0.653252 0.0304711 0.0984468 0.867536 4
0 0.117704 0.206913 0.0149496 0.0520019 0.645032 124
0 0.461734 0.0822214 0.00864652 0.0429547 0.645906 89
0 0.415844 0.0740697 0.00906458 0.0370649 0.540875 109
0 0.481496 0.192779 0.0106452 0.052005 0.826188 88
0 0.503488 0.0781771 0.0104337 0.0401769 0.54707 22
0 0.427871 0.094121 0.00913747 0.044162 0.550402 41
0 0.164741 0.12257 0.0134472 0.0538954 0.355168 111
0 0.797616 0.147492 0.0126795 0.0516852 0.786449 132
0 0.529372 0.0411432 0.00857964 0.0349772 0.335535 102
0 0.180521 0.11517 0.0142608 0.0502751 0.292002 127
0 0.234877 0.0400348 0.00839682 0.0395136 0.277894 135
0 0.486807 0.0763863 0.0121328 0.0485382 0.511766 56
0 0.688351 0.104168 0.0122002 0.0469837 0.656237 3
