0 0.483702 0.828028 0.0318507 0.110877 0.873331 4
0 0.282539 0.362668 0.0169615 0.0738378 0.823944 38
0 0.263462 0.195104 0.0106442 0.0547624 0.76103 20
0 0.499041 0.177659 0.0113064 0.0468574 0.60964 71
0 0.556433 0.187242 0.00938975 0.0552705 0.773961 8
0 0.759148 0.227589 0.0133113 0.0586676 0.722188 22
0 0.557921 0.364728 0.0145486 0.0737416 0.752274 88
0 0.610166 0.117154 0.0134186 0.0440023 0.755074 63
0 0.562261 0.308377 0.0120253 0.0622002 0.720534 3
0 0.717995 0.206301 0.0146637 0.052588 0.763897 41
0 0.393763 0.219247 0.0122171 0.0561905 0.777254 70
0 0.161768 0.114408 0.0144118 0.047069 0.332131 64
0 0.52041 0.0452037 0.00832218 0.0349308 0.421781 75
0 0.391973 0.125111 0.00901194 0.0421269 0.650313 72
0 0.012956 0.299763 0.0251932 0.0678787 0.838901 93
0 0.520433 0.11316 0.0124002 0.0412086 0.693959 56
0 0.157907 0.114629 0.0178048 0.0500401 0.336232 94
0 0.504787 0.125248 0.010949 0.0435208 0.69955 89
