0 0.529135 0.653198 0.0307017 0.0987287 0.862141 4
0 0.115621 0.207128 0.0165194 0.053603 0.652913 124
0 0.4613 0.0836988 0.00929047 0.0412666 0.461868 89
0 0.512829 0.199621 0.0119397 0.0538613 0.745786 88
0 0.790661 0.141303 0.0113003 0.050678 0.543587 132
0 0.685961 0.102015 0.00854397 0.0439685 0.731886 3
0 0.415412 0.0742262 0.00968027 0.0384289 0.432645 109
0 0.164435 0.120059 0.0192262 0.0604963 0.377285 127
0 0.484133 0.103031 0.010475 0.0458969 0.599735 136
0 0.180289 0.112021 0.0162567 0.0488629 0.303757 111
0 0.493475 0.082677 0.0122301 0.0466433 0.336577 22
