0 0.489509 0.798269 0.0347454 0.110569 0.875432 4
0 0.0613687 0.252576 0.0174941 0.0593588 0.784405 93
0 0.618234 0.270928 0.017643 0.0605093 0.787969 38
0 0.312609 0.11913 0.0084631 0.0432274 0.776129 110
0 0.623653 0.174212 0.0102366 0.0380772 0.464283 22
0 0.52506 0.191184 0.0105863 0.0334966 0.54747 41
0 0.487766 0.136536 0.00896289 0.0501716 0.769967 8
0 0.364932 0.224422 0.0155036 0.054077 0.765177 20
0 0.760621 0.189596 0.0124027 0.0527895 0.709039 71
0 0.432832 0.270391 0.0155461 0.0606097 0.777446 88
0 0.472497 0.17353 0.0112301 0.0536344 0.700901 75
0 0.158447 0.122163 0.00960073 0.0465477 0.411169 64
0 0.452962 0.102397 0.00874999 0.0443346 0.505153 56
0 0.464462 0.0451523 0.00789655 0.0337954 0.272266 102
0 0.707336 0.100493 0.0134075 0.044653 0.620172 109
0 0.443786 0.255027 0.016374 0.0588245 0.725002 3
0 0.421686 0.124723 0.0096592 0.0446008 0.786223 89
0 0.170019 0.121192 0.0115872 0.0461194 0.287219 115
