0 0.419359 0.653855 0.0309241 0.0976814 0.872354 4
0 0.366426 0.211306 0.0118084 0.0548319 0.75563 11
0 0.0750757 0.218205 0.0164183 0.0536769 0.69254 65
0 0.641736 0.0579804 0.00801144 0.0391113 0.639362 8
0 0.469136 0.173403 0.0121143 0.052101 0.79855 3
0 0.162027 0.11292 0.0124467 0.0562136 0.673078 64
0 0.557337 0.0728553 0.00679843 0.0400801 0.701227 63
0 0.406921 0.0811085 0.0156135 0.0409004 0.671364 41
0 0.586269 0.171508 0.0133666 0.0556122 0.777114 38
0 0.291036 0.0941068 0.0101008 0.0373267 0.626636 20
0 0.477596 0.0599197 0.00866261 0.0411126 0.554101 22
0 0.328405 0.0719223 0.00895576 0.0384421 0.500183 71
0 0.54654 0.0588416 0.00816892 0.0398557 0.265421 56
0 0.214366 0.0687 0.00959102 0.0380997 0.418694 70
0 0.422053 0.0522792 0.00812909 0.0356373 0.302417 72
