0 0.475555 0.827532 0.029582 0.116503 0.855052 4
0 0.295101 0.321331 0.0172828 0.0696345 0.813421 38
0 0.572014 0.185172 0.0108269 0.0550744 0.734922 8
0 0.747337 0.190208 0.0136272 0.0512881 0.649791 22
0 0.519106 0.353091 0.0141445 0.0711799 0.78753 88
0 0.627996 0.127062 0.0118544 0.0472657 0.722685 63
0 0.595655 0.297775 0.016139 0.0647536 0.793827 3
0 0.666081 0.187858 0.0124734 0.0548667 0.711567 41
0 0.411203 0.241866 0.0143834 0.0615687 0.767035 70
0 0.517982 0.045443 0.00903769 0.0396086 0.401698 75
0 0.37426 0.132895 0.0162167 0.0359905 0.674018 72
0 0.0250007 0.288824 0.0190493 0.0630184 0.801958 93
0 0.519547 0.138867 0.012286 0.0526303 0.640295 89
0 0.481776 0.206422 0.0183489 0.0490088 0.771811 71
0 0.242623 0.188906 0.0136597 0.0536228 0.720339 20
0 0.161906 0.118019 0.0141026 0.0470811 0.424297 64
