0 0.499387 0.690378 0.0252261 0.101415 0.83578 4
0 0.798609 0.192368 0.0153372 0.0546828 0.779729 38
0 0.609071 0.239858 0.0165712 0.0580031 0.825235 3
0 0.499782 0.271895 0.0184201 0.0622372 0.808264 11
0 0.553302 0.166864 0.0137326 0.0525813 0.563368 13
0 0.530467 0.0756995 0.0091739 0.0413268 0.681359 6
0 0.563367 0.163771 0.0106229 0.0537305 0.647372 8
0 0.44346 0.0894642 0.0068862 0.0391395 0.746968 5
0 0.475732 0.087213 0.0090291 0.046337 0.488436 55
0 0.334407 0.087847 0.0115532 0.0426504 0.710297 1
0 0.521767 0.136526 0.013131 0.0497798 0.756399 20
0 0.792542 0.0990563 0.0116048 0.0443815 0.577932 7
0 0.728806 0.09494 0.00961634 0.034483 0.591981 56
0 0.767698 0.0949254 0.00862274 0.0468937 0.613628 41
