0 0.403762 0.902387 0.0316856 0.114546 0.849505 4
0 0.0384631 0.605636 0.0260296 0.0886941 0.810195 38
0 0.106876 0.382546 0.0234451 0.0744527 0.81303 20
0 0.175782 0.214895 0.0165406 0.0568215 0.646155 70
0 0.435135 0.193945 0.011175 0.0600884 0.460889 73
0 0.314709 0.233325 0.014782 0.0557194 0.709931 71
0 0.339299 0.421098 0.017273 0.0792062 0.806677 3
0 0.554681 0.148284 0.0119185 0.0513917 0.769508 63
0 0.473062 0.395554 0.0152777 0.0736654 0.811961 11
0 0.294812 0.171558 0.0135774 0.0451294 0.764574 72
0 0.48659 0.22311 0.0156178 0.0565861 0.757333 41
0 0.639535 0.227817 0.0129695 0.0571859 0.785406 22
0 0.584065 0.243434 0.0164469 0.0621377 0.821464 8
0 0.169107 0.10763 0.0109837 0.0468129 0.302163 64
