0 0.417652 0.5431 0.0240706 0.0864475 0.86674 4
0 0.0958726 0.21495 0.0167333 0.0547122 0.740109 124
0 0.347737 0.202673 0.0115137 0.0532318 0.644176 88
0 0.326747 0.0588283 0.0100304 0.0349733 0.501911 22
0 0.179309 0.112835 0.0115398 0.0501757 0.340244 127
0 0.169267 0.113596 0.0129892 0.0482554 0.310599 111
0 0.432131 0.130905 0.0133771 0.0458154 0.714052 162
0 0.484647 0.0727563 0.00676368 0.0384653 0.571516 137
0 0.42807 0.0522465 0.00895106 0.0316742 0.273559 168
0 0.621164 0.134836 0.0128199 0.063316 0.695794 132
0 0.496567 0.0376005 0.00866063 0.0434201 0.399841 170
0 0.514447 0.0936844 0.00879062 0.038807 0.499502 150
