0 0.530716 0.652794 0.0312617 0.0981066 0.865881 4
0 0.116142 0.205559 0.0151849 0.0525432 0.566288 124
0 0.51338 0.198929 0.0103442 0.0544376 0.765756 88
0 0.778568 0.134564 0.0139815 0.0331788 0.568025 132
0 0.517468 0.072297 0.0112586 0.0329755 0.310685 22
0 0.165541 0.119658 0.0166223 0.0583053 0.329686 127
0 0.418179 0.0700349 0.009946 0.0320791 0.523563 109
0 0.690741 0.0999824 0.0103864 0.0417488 0.735569 3
0 0.486913 0.0795349 0.00873235 0.0371827 0.720421 20
0 0.4716 0.0813796 0.00813281 0.0376433 0.619323 126
0 0.40427 0.0639199 0.0065595 0.0341255 0.539779 136
0 0.500426 0.0648771 0.0117241 0.0415741 0.466412 56
