0 0.455241 0.904453 0.0330357 0.14185 0.809095 4
0 0.533818 0.291844 0.0161926 0.0554652 0.468754 11
0 0.0128998 0.297824 0.0249869 0.0612841 0.836022 65
0 0.162081 0.113342 0.0126273 0.0521249 0.674266 64
0 0.583993 0.319009 0.0181332 0.0632011 0.762849 38
0 0.682584 0.130809 0.0107058 0.0480127 0.753217 8
0 0.514381 0.101876 0.0105231 0.0435093 0.483438 56
0 0.588344 0.154425 0.0101214 0.0497997 0.695966 22
0 0.317126 0.215213 0.0149619 0.0551972 0.793118 20
0 0.34829 0.10673 0.00976467 0.0447478 0.491171 70
0 0.419945 0.112455 0.0100345 0.0399989 0.617168 72
0 0.491595 0.164073 0.0106384 0.0513022 0.787176 73
0 0.58563 0.0971186 0.0102385 0.0440671 0.482284 63
0 0.52122 0.299868 0.0221137 0.0440004 0.504321 3
0 0.374608 0.151783 0.0111767 0.0414103 0.392744 71
