0 0.446802 0.742062 0.028402 0.114027 0.857182 4
0 0.277364 0.23728 0.0139601 0.0561756 0.719937 38
0 0.372984 0.287115 0.0134361 0.0622986 0.729276 88
0 0.00930659 0.310892 0.0185729 0.0590354 0.822227 93
0 0.264601 0.185461 0.0115426 0.0529429 0.701005 20
0 0.515818 0.179059 0.0113382 0.0537506 0.717806 70
0 0.347699 0.091731 0.0120561 0.0425605 0.610636 56
0 0.2956 0.126712 0.0092811 0.0414251 0.484147 72
0 0.421048 0.140763 0.0101593 0.0463311 0.708479 71
0 0.510321 0.22763 0.0118339 0.0561953 0.646659 3
0 0.163099 0.118112 0.0137787 0.0544853 0.354312 64
0 0.555134 0.0959829 0.00831369 0.0452742 0.689931 63
0 0.585197 0.17868 0.0130074 0.0530112 0.756194 8
0 0.543291 0.127514 0.00850118 0.0464658 0.742935 41
0 0.496851 0.0438237 0.0075237 0.0349538 0.411835 75
0 0.747359 0.120021 0.00968355 0.0435054 0.521122 22
