0 0.530415 0.651991 0.03023 0.0976807 0.859387 4
0 0.115923 0.205066 0.015537 0.052602 0.60356 124
0 0.521565 0.201291 0.0119795 0.0538943 0.746942 88
0 0.164954 0.116722 0.0169726 0.0621496 0.41527 127
0 0.680139 0.102712 0.00971781 0.0434581 0.737997 3
0 0.0131825 0.287767 0.0213223 0.0609037 0.810027 140
0 0.736386 0.166753 0.0106943 0.0493317 0.82058 132
0 0.562605 0.0807425 0.00778701 0.0373684 0.730911 89
0 0.461178 0.0779114 0.0060338 0.0390035 0.67604 126
0 0.533957 0.0638781 0.0099872 0.0404817 0.594665 20
0 0.509411 0.0432062 0.00923456 0.040917 0.475251 22
0 0.179602 0.0919107 0.019909 0.0762287 0.46145 111
0 0.545262 0.0650934 0.00941779 0.0340582 0.581169 56
0 0.480453 0.0551191 0.00842419 0.0360309 0.569713 109
0 0.416085 0.0947542 0.0125895 0.0464849 0.613165 136
