0 0.427113 0.717511 0.0354598 0.112022 0.884328 4
0 0.421525 0.234868 0.0114116 0.058116 0.772837 11
0 0.50486 0.0795249 0.00898199 0.0414901 0.672043 20
0 0.646979 0.193925 0.00951932 0.0552637 0.76659 38
0 0.16622 0.098635 0.0183332 0.0662809 0.479317 64
0 0.493876 0.119062 0.0132121 0.0518908 0.669535 8
0 0.0112833 0.299388 0.0224148 0.0648194 0.814271 65
0 0.627369 0.0676802 0.00901235 0.0395878 0.436172 41
0 0.446122 0.0913095 0.0099665 0.0410869 0.658039 5
0 0.532709 0.215813 0.0124277 0.0560421 0.778452 3
0 0.435351 0.0596136 0.0103247 0.0416159 0.505165 22
0 0.409575 0.104546 0.0122803 0.0470997 0.575169 55
0 0.634777 0.0934038 0.00881774 0.0419266 0.378508 63
0 0.545001 0.0866183 0.00815792 0.0426021 0.627372 56
