0 0.527249 0.721146 0.0276823 0.105732 0.846422 4
0 0.676739 0.230052 0.0121277 0.0574441 0.445814 88
0 0.722172 0.185306 0.0120352 0.056076 0.738902 3
0 0.628859 0.159307 0.0125602 0.0560936 0.724228 41
0 0.578787 0.0924144 0.012543 0.0430039 0.656285 109
0 0.481787 0.116328 0.0089227 0.0445152 0.761305 89
0 0.0484134 0.276498 0.0171356 0.0596002 0.777078 124
0 0.171184 0.121377 0.0129794 0.0502077 0.452033 115
0 0.703862 0.128666 0.0128641 0.0262154 0.549016 131
0 0.519007 0.0979065 0.00940606 0.0409796 0.692713 110
0 0.52878 0.044698 0.00853809 0.0361437 0.41586 102
