0 0.488734 0.514641 0.0221789 0.0864202 0.798352 1
0 0.822432 0.564262 0.0196114 0.0881602 0.865351 2
0 0.502067 0.885536 0.0286931 0.113673 0.779522 4
0 0.739996 0.410962 0.0169474 0.0792311 0.817148 6
0 0.642912 0.375813 0.0176133 0.075104 0.801343 7
0 0.785558 0.265688 0.0185479 0.0591697 0.796755 8
0 0.912015 0.470517 0.0218737 0.0757993 0.819241 12
0 0.890936 0.48653 0.027837 0.0850149 0.818549 20
0 0.682394 0.218641 0.0145196 0.0585573 0.666449 13
0 0.676123 0.282145 0.0137884 0.0626025 0.479799 10
0 0.559534 0.574593 0.0124462 0.0695766 0.693687 11
0 0.550413 0.545505 0.0281912 0.0708875 0.764135 3
0 0.389304 0.248187 0.0111811 0.0566247 0.734681 5
0 0.233528 0.0505006 0.00857007 0.0376823 0.476269 22
0 0.137151 0.134582 0.018095 0.0557981 0.465079 23
