0 0.433992 0.55612 0.0226529 0.091479 0.852026 4
0 0.100865 0.214434 0.0157656 0.0529964 0.737108 124
0 0.404598 0.196667 0.0139459 0.0488256 0.688176 88
0 0.379232 0.0716456 0.0123372 0.0379398 0.444484 22
0 0.65991 0.121575 0.0097386 0.045033 0.729757 132
0 0.179764 0.0987885 0.0146507 0.0793649 0.437302 127
0 0.52765 0.0572048 0.00826807 0.0392474 0.44215 137
0 0.168785 0.111255 0.0141278 0.0533037 0.384305 111
0 0.416392 0.0547245 0.00891196 0.0370067 0.541702 20
0 0.554619 0.0809214 0.00944837 0.0386515 0.644524 150
0 0.683481 0.0657981 0.00841211 0.0363283 0.659929 165
0 0.461164 0.125865 0.00985139 0.045451 0.706719 162
0 0.501397 0.0547461 0.0129052 0.0510482 0.304444 153
0 0.641995 0.119179 0.0103744 0.0456721 0.750218 3
0 0.430925 0.0457539 0.0107688 0.0421033 0.344279 168
0 0.263597 0.0504276 0.012275 0.0291258 0.382972 154
0 0.281321 0.0501315 0.0110403 0.0343281 0.446665 109
