0 0.509259 0.490828 0.0188735 0.074902 0.767841 1
0 0.744902 0.552458 0.025262 0.0888576 0.850711 2
0 0.497628 0.884202 0.0316563 0.115291 0.841411 4
0 0.735893 0.435454 0.019512 0.0850337 0.82257 6
0 0.604833 0.374357 0.0126679 0.0766781 0.777835 7
0 0.693204 0.252749 0.0144493 0.0573416 0.768174 8
0 0.825432 0.397985 0.02406 0.074609 0.839186 12
0 0.932262 0.290834 0.0239429 0.0653784 0.813511 14
0 0.774899 0.411158 0.0232157 0.0743167 0.811353 20
0 0.630855 0.205867 0.0148065 0.0544278 0.813833 13
0 0.494452 0.052333 0.00913003 0.0412872 0.414536 16
0 0.6101 0.255735 0.0144468 0.0612676 0.798656 10
0 0.549399 0.55471 0.0298948 0.0966775 0.265579 21
0 0.553213 0.568651 0.0275595 0.0782706 0.582412 11
0 0.547324 0.537534 0.0262068 0.0634788 0.352764 3
