0 0.500115 0.785367 0.0258756 0.115027 0.840934 4
0 0.272177 0.404213 0.0190778 0.0758876 0.825994 38
0 0.263681 0.198595 0.016238 0.0516339 0.729762 20
0 0.460667 0.170508 0.00982466 0.0497127 0.705536 71
0 0.56437 0.192431 0.0108791 0.0568802 0.76465 8
0 0.478459 0.108419 0.0115562 0.0457241 0.66047 56
0 0.798307 0.246735 0.019228 0.0606134 0.703967 22
0 0.550725 0.380384 0.0170027 0.0682865 0.706206 88
0 0.611262 0.115603 0.0113152 0.0463394 0.727299 63
0 0.519197 0.311975 0.0125176 0.0637965 0.758263 3
0 0.705258 0.200927 0.0137292 0.0566936 0.75079 41
0 0.321514 0.194359 0.0136109 0.0536007 0.758837 70
0 0.3636 0.126839 0.00849218 0.0410398 0.717979 72
0 0.162378 0.115418 0.012161 0.0469903 0.362803 64
0 0.522311 0.043529 0.00844841 0.0366945 0.308477 75
0 0.453287 0.116316 0.00965236 0.0425853 0.639245 89
