0 0.42307 0.629416 0.0308986 0.0978778 0.846058 4
0 0.431434 0.208593 0.0117153 0.0556793 0.813771 11
0 0.590783 0.172859 0.0121844 0.0523389 0.777095 38
0 0.556164 0.0929526 0.0113142 0.0429734 0.734677 8
0 0.0368803 0.258967 0.0207598 0.0550234 0.534265 65
0 0.506408 0.194399 0.0152017 0.0562224 0.804369 3
0 0.14991 0.116229 0.019137 0.0619862 0.479015 64
0 0.467488 0.10297 0.00894438 0.0430026 0.736397 1
0 0.48378 0.0697172 0.0109206 0.0542303 0.451316 5
0 0.565332 0.0565121 0.00900129 0.0385639 0.442945 41
0 0.308548 0.0478241 0.0107354 0.0510726 0.384652 13
0 0.152164 0.108591 0.0234876 0.0667726 0.428119 67
