0 0.465441 0.775014 0.0288515 0.116889 0.852923 4
0 0.313468 0.251985 0.013707 0.0584532 0.8115 38
0 0.787678 0.130705 0.00995204 0.0476243 0.560664 22
0 0.40936 0.305551 0.0145147 0.0605185 0.768703 88
0 0.00735766 0.312923 0.0147153 0.0658968 0.799609 93
0 0.241283 0.180037 0.0140411 0.0496312 0.687145 20
0 0.610538 0.10902 0.012168 0.0448671 0.586526 63
0 0.53508 0.20537 0.0126062 0.0579442 0.735466 70
0 0.437519 0.126338 0.0127728 0.0446131 0.675194 56
0 0.298574 0.155155 0.0108998 0.0413347 0.489155 72
0 0.613049 0.18345 0.0103076 0.0556214 0.651362 8
0 0.481072 0.169876 0.012079 0.0489765 0.744671 71
0 0.510388 0.0462233 0.00976613 0.04138 0.266486 75
0 0.407624 0.128791 0.0143222 0.0416672 0.632917 89
0 0.571724 0.138018 0.00879269 0.0476241 0.618262 41
0 0.548057 0.245133 0.0153664 0.057713 0.74719 3
