0 0.421059 0.655096 0.0315154 0.0950578 0.856373 4
0 0.475975 0.203767 0.0180639 0.0523148 0.823757 11
0 0.0759035 0.218305 0.0156643 0.0538323 0.700652 65
0 0.635559 0.128804 0.00857461 0.0375094 0.653773 3
0 0.162974 0.115118 0.01225 0.0528107 0.590637 64
0 0.691236 0.12446 0.0120788 0.0395477 0.553919 38
0 0.256752 0.130014 0.00863558 0.044149 0.748443 20
0 0.602445 0.0997263 0.0114408 0.0394286 0.336435 22
0 0.693685 0.0691661 0.00851962 0.0425472 0.647445 8
0 0.337929 0.0829286 0.00945409 0.0404975 0.70345 71
0 0.50644 0.0841918 0.00904287 0.0352374 0.68195 56
0 0.539725 0.0781944 0.00762164 0.0346305 0.404769 73
0 0.458207 0.0720226 0.0085228 0.0320001 0.573731 72
0 0.476025 0.0749925 0.0123392 0.0419193 0.392957 41
0 0.518668 0.0381236 0.0085729 0.0388889 0.349563 75
0 0.572824 0.0817981 0.0100563 0.0401576 0.429929 63
0 0.302584 0.0586109 0.00908057 0.033707 0.52214 70
