0 0.527344 0.753157 0.0261673 0.106491 0.841952 4
0 0.692745 0.238404 0.0165312 0.0587341 0.792419 88
0 0.73247 0.208532 0.0125575 0.0565342 0.788942 3
0 0.647186 0.164562 0.015831 0.0506915 0.786585 41
0 0.592003 0.0959487 0.013398 0.0458157 0.563972 109
0 0.427176 0.172404 0.0101059 0.0486518 0.647856 20
0 0.486149 0.122083 0.0100575 0.0446277 0.788322 89
0 0.0406535 0.287994 0.0221204 0.0571545 0.780989 124
0 0.759478 0.125558 0.0128082 0.047694 0.5716 56
0 0.607335 0.158171 0.0140629 0.0532344 0.784364 8
0 0.170696 0.122127 0.0137139 0.0513778 0.400597 115
0 0.183428 0.0972658 0.0148611 0.0616763 0.283849 127
0 0.685932 0.136313 0.0105335 0.0478398 0.68979 126
0 0.704657 0.130591 0.0136058 0.0236478 0.399292 131
0 0.526708 0.0973649 0.0090319 0.0398825 0.492479 110
0 0.740176 0.113192 0.0123034 0.0443413 0.447585 22
