0 0.436005 0.703783 0.0266625 0.101588 0.853364 4
0 0.0460688 0.271443 0.0181308 0.0605332 0.802153 93
0 0.369531 0.131148 0.0126769 0.037751 0.819898 20
0 0.52921 0.113624 0.00880232 0.0463119 0.723774 8
0 0.166369 0.118273 0.0120299 0.0490755 0.379368 64
0 0.383579 0.0877228 0.0147502 0.0420899 0.618964 56
0 0.441698 0.204516 0.015548 0.0555329 0.809696 38
0 0.328175 0.087099 0.00848611 0.0422325 0.633832 89
0 0.55305 0.182521 0.0083449 0.0461181 0.352374 3
0 0.536333 0.0813171 0.00797402 0.0395606 0.507618 71
0 0.432946 0.0876694 0.0123266 0.0299669 0.475387 110
0 0.514123 0.0682267 0.00884031 0.0377016 0.421467 109
0 0.548319 0.216982 0.012688 0.0544757 0.436337 88
0 0.602975 0.111841 0.00873534 0.045607 0.708962 75
