0 0.489022 0.795902 0.0346683 0.107789 0.872039 4
0 0.0632907 0.251083 0.0162046 0.0597673 0.776791 93
0 0.60639 0.288355 0.0170058 0.0642961 0.807957 38
0 0.442192 0.261265 0.0173322 0.0720652 0.764083 3
0 0.317521 0.119862 0.00928357 0.0434774 0.74626 110
0 0.615658 0.169531 0.0152911 0.0510204 0.804495 22
0 0.525191 0.188852 0.0108274 0.0427496 0.498285 41
0 0.697271 0.0998652 0.00834694 0.0455462 0.36455 109
0 0.488069 0.138576 0.0113057 0.0475855 0.59629 8
0 0.414224 0.24821 0.00971495 0.061029 0.745878 20
0 0.679658 0.181749 0.0145327 0.0549092 0.755656 71
0 0.467518 0.0492133 0.00956148 0.0390336 0.527977 102
0 0.48948 0.101351 0.0103683 0.0349586 0.279991 56
0 0.431514 0.133006 0.0078721 0.0453705 0.75668 89
0 0.502172 0.18623 0.00969254 0.0531795 0.392401 75
