0 0.463748 0.871036 0.0319145 0.127165 0.851083 4
0 0.545045 0.273484 0.0177804 0.0456086 0.607788 11
0 0.0235202 0.282974 0.0214644 0.0566735 0.833933 65
0 0.162151 0.113599 0.0128544 0.0513957 0.607818 64
0 0.607115 0.285453 0.0145903 0.0594881 0.773474 38
0 0.685661 0.120291 0.0109931 0.0481842 0.747356 8
0 0.51596 0.0975422 0.00983629 0.0424645 0.663649 56
0 0.589306 0.14602 0.0105343 0.0488872 0.671338 22
0 0.379794 0.140967 0.0101088 0.0450836 0.744387 71
0 0.55312 0.265635 0.0125875 0.0527319 0.544065 3
0 0.316677 0.200598 0.014082 0.0490448 0.805548 20
0 0.347862 0.1002 0.00889543 0.0423544 0.499869 70
0 0.426886 0.10669 0.0101672 0.0363374 0.325277 72
0 0.496321 0.154468 0.0106204 0.0485818 0.731638 73
0 0.580261 0.0921257 0.00974528 0.0427055 0.56598 63
