0 0.432763 0.708662 0.0266157 0.104627 0.86395 4
0 0.303762 0.205404 0.0153303 0.0559018 0.821438 38
0 0.36272 0.25162 0.0195435 0.0549107 0.7597 88
0 0.0258646 0.283566 0.0210318 0.0619939 0.837699 93
0 0.311537 0.122714 0.00886513 0.042569 0.669705 71
0 0.470144 0.198157 0.0112337 0.0515706 0.676004 3
0 0.209223 0.142424 0.0135923 0.0463351 0.61793 20
0 0.424361 0.106351 0.0110218 0.0452597 0.376576 70
0 0.26416 0.0986629 0.0100188 0.0430743 0.41727 56
0 0.675418 0.0914849 0.0105823 0.0450957 0.435231 22
0 0.472293 0.0997537 0.0105404 0.0423419 0.583171 63
0 0.164487 0.117315 0.0131783 0.0501085 0.287676 64
0 0.465626 0.146289 0.00964282 0.0498334 0.448602 8
0 0.493842 0.0406456 0.00848557 0.0338973 0.351163 75
0 0.239916 0.112726 0.0156584 0.0397623 0.445561 89
0 0.377826 0.081951 0.00963608 0.0374121 0.305621 72
