0 0.499883 0.691566 0.0254886 0.0983694 0.843466 4
0 0.691789 0.20847 0.0126825 0.0553036 0.737071 38
0 0.548099 0.261019 0.0180669 0.0617492 0.824554 3
0 0.438376 0.308633 0.0125093 0.0662356 0.79081 11
0 0.63226 0.11314 0.0144723 0.0422338 0.719436 56
0 0.456385 0.192639 0.0119614 0.0565588 0.380362 13
0 0.700739 0.145716 0.012081 0.0474971 0.34269 41
0 0.522208 0.0974306 0.00904188 0.0453336 0.659282 6
0 0.52027 0.182194 0.0120415 0.0557771 0.787892 8
0 0.510916 0.0389807 0.00859909 0.0383408 0.456627 22
0 0.413662 0.111586 0.00856425 0.0424007 0.780969 5
0 0.246071 0.120791 0.0128861 0.0434136 0.747047 1
0 0.461485 0.10851 0.00802425 0.0447029 0.689114 55
0 0.702152 0.126038 0.0108146 0.0611161 0.353154 7
