0 0.488023 0.513623 0.0208137 0.0856624 0.78924 1
0 0.806375 0.558436 0.018921 0.0915235 0.823376 2
0 0.499293 0.884666 0.0318741 0.116027 0.816675 4
0 0.729279 0.432658 0.0169902 0.0830702 0.828934 6
0 0.628474 0.374057 0.0135478 0.071778 0.784531 7
0 0.759843 0.264292 0.0180382 0.0579487 0.77724 8
0 0.886324 0.451389 0.0237742 0.0790196 0.750362 12
0 0.862724 0.46212 0.0239275 0.0785687 0.743927 20
0 0.672291 0.218795 0.0143871 0.0572701 0.712949 13
0 0.66011 0.277711 0.0155909 0.0614247 0.767459 10
0 0.55997 0.571018 0.0144317 0.0745873 0.656621 11
0 0.549777 0.543342 0.0274878 0.0696911 0.789637 3
0 0.385075 0.246398 0.0131029 0.0530243 0.773941 5
0 0.22011 0.056942 0.00880817 0.0365933 0.491512 22
