0 0.500168 0.657597 0.0275682 0.0962166 0.836823 4
0 0.124442 0.192863 0.0143758 0.0538091 0.677865 124
0 0.487626 0.190464 0.0105512 0.0503559 0.796017 88
0 0.157718 0.118939 0.0138208 0.057833 0.57601 111
0 0.612651 0.137609 0.012266 0.0462235 0.74646 3
0 0.505049 0.083993 0.0113183 0.0406288 0.655052 22
0 0.730597 0.105149 0.0122772 0.0447444 0.700504 132
0 0.487179 0.0610797 0.00789932 0.039681 0.609456 150
0 0.436309 0.0729443 0.0104228 0.0471828 0.660409 20
0 0.184213 0.0888998 0.0159182 0.0834197 0.324329 156
0 0.516708 0.0674106 0.00920404 0.0560849 0.481128 126
0 0.558149 0.0554532 0.00938346 0.0444041 0.419788 137
