0 0.418251 0.65473 0.0307803 0.0970573 0.867406 4
0 0.355579 0.204312 0.0118182 0.0546976 0.792538 11
0 0.074622 0.218566 0.0166371 0.0559376 0.731226 65
0 0.643961 0.0591144 0.00694485 0.039064 0.652586 8
0 0.470372 0.171393 0.0106497 0.0512034 0.788519 3
0 0.162213 0.114574 0.0123134 0.0523715 0.584865 64
0 0.385741 0.089759 0.0161888 0.0418819 0.640094 41
0 0.609749 0.164489 0.0116965 0.0524439 0.780685 38
0 0.250904 0.106131 0.0137836 0.0418664 0.408539 20
0 0.478354 0.0608586 0.00785462 0.0400291 0.627556 22
0 0.216314 0.0685483 0.0129404 0.041042 0.383415 70
0 0.296941 0.0706691 0.0111397 0.0376379 0.644478 71
