0 0.433193 0.711262 0.0269905 0.103263 0.870795 4
0 0.372778 0.197394 0.0167958 0.0529962 0.743556 38
0 0.480322 0.245539 0.0123595 0.0589619 0.761203 88
0 0.0417601 0.275253 0.0204679 0.0621074 0.785069 93
0 0.470374 0.0783921 0.00725168 0.0374197 0.57275 63
0 0.524635 0.185486 0.0118657 0.0543747 0.591905 3
0 0.526035 0.0916899 0.0110901 0.0404295 0.379674 72
0 0.490719 0.126869 0.0103266 0.0480746 0.749372 8
0 0.387659 0.0864074 0.0113997 0.0419759 0.633609 56
0 0.301069 0.0779057 0.0119629 0.0399605 0.678768 89
0 0.165214 0.120199 0.0131252 0.0533726 0.46307 64
0 0.417345 0.113187 0.0118434 0.043023 0.66135 71
0 0.700075 0.0831126 0.0150279 0.0393601 0.424241 22
0 0.25835 0.158351 0.0166244 0.0476374 0.818844 20
0 0.506585 0.0784898 0.0108453 0.0371112 0.425879 75
