0 0.49686 0.75551 0.0284739 0.108698 0.859156 4
0 0.116486 0.204664 0.014657 0.0532166 0.664841 124
0 0.523416 0.210458 0.0151164 0.055657 0.776827 88
0 0.719689 0.213219 0.0187031 0.0566369 0.836393 132
0 0.17812 0.111295 0.0152202 0.055326 0.600092 111
0 0.512329 0.0598424 0.00897818 0.0414517 0.376673 89
0 0.160321 0.114543 0.0104289 0.0471062 0.565994 127
0 0.496262 0.0985416 0.0093372 0.0451982 0.749353 136
0 0.477755 0.0974278 0.00886682 0.0384716 0.443337 126
0 0.552714 0.0601289 0.0114894 0.0435811 0.545087 20
0 0.541437 0.0492859 0.0105972 0.0650663 0.447159 22
0 0.482403 0.0749252 0.00836439 0.0304205 0.492015 142
0 0.62713 0.154742 0.0114311 0.0526549 0.691224 3
0 0.540391 0.0591766 0.00956891 0.0458311 0.306184 109
