0 0.511347 0.49452 0.0190027 0.0783349 0.847903 1
0 0.796795 0.493791 0.0191523 0.0866374 0.824736 2
0 0.53842 0.872519 0.0264396 0.110648 0.755034 4
0 0.867362 0.324133 0.0252006 0.0734715 0.763467 6
0 0.6314 0.359765 0.0144025 0.0719195 0.781456 7
0 0.589051 0.295807 0.0179315 0.0583132 0.784651 10
0 0.565247 0.546331 0.0340071 0.0810428 0.827402 11
0 0.381294 0.247343 0.0128949 0.0536795 0.691373 5
0 0.940511 0.300085 0.019454 0.0611245 0.703392 8
0 0.152552 0.127153 0.0168397 0.0528971 0.565154 31
0 0.536625 0.535993 0.0179912 0.0808556 0.791238 3
0 0.875628 0.435703 0.0259167 0.080601 0.799915 20
0 0.966846 0.386883 0.0255178 0.070826 0.739671 34
0 0.739115 0.224303 0.011981 0.0585173 0.699233 13
