0 0.478612 0.777433 0.0293906 0.107383 0.854633 4
0 0.0483995 0.282312 0.0174491 0.058653 0.792996 93
0 0.737091 0.18947 0.0139262 0.0527378 0.76466 38
0 0.346826 0.156734 0.00859801 0.0496369 0.658355 20
0 0.820744 0.140112 0.0101512 0.0511462 0.711218 71
0 0.535604 0.269627 0.0149483 0.0580302 0.800492 88
0 0.161103 0.12747 0.0136642 0.056935 0.625017 64
0 0.601187 0.25965 0.0131792 0.0616811 0.666743 3
0 0.173738 0.123407 0.0141354 0.0529951 0.459742 115
0 0.55947 0.125007 0.0121733 0.039289 0.431231 56
0 0.536991 0.154757 0.011678 0.0501525 0.748212 41
0 0.505894 0.154126 0.0106485 0.0485322 0.732698 126
0 0.184445 0.111544 0.0104584 0.0508306 0.472853 111
0 0.489938 0.156243 0.0109853 0.0524618 0.732728 8
0 0.43688 0.113282 0.0111203 0.037556 0.723664 89
0 0.567626 0.103746 0.00804996 0.0278608 0.307791 109
0 0.183349 0.10592 0.0128527 0.055871 0.392742 127
0 0.352854 0.110213 0.0104897 0.0387365 0.414403 110
0 0.593006 0.0956192 0.0120624 0.0348063 0.54305 22
