0 0.507646 0.821309 0.0302194 0.108921 0.861718 4
0 0.00391526 0.328252 0.00783053 0.0553946 0.492059 93
0 0.779717 0.197237 0.0155894 0.0460818 0.745466 38
0 0.819398 0.155766 0.0135619 0.0502619 0.645854 71
0 0.628176 0.278808 0.0136893 0.0580282 0.743304 88
0 0.161459 0.124426 0.0133725 0.0575684 0.587069 64
0 0.675575 0.267436 0.0220553 0.0590466 0.804599 3
0 0.521153 0.0480578 0.00943187 0.0373494 0.370681 102
0 0.378145 0.204801 0.0103045 0.0499596 0.758341 20
0 0.526011 0.153741 0.0122191 0.04814 0.555378 126
0 0.624575 0.173663 0.0170495 0.0679431 0.412273 109
0 0.695303 0.111614 0.0126951 0.045977 0.612585 22
0 0.501512 0.182623 0.0150283 0.0544249 0.752754 41
0 0.174083 0.11919 0.0145966 0.055229 0.252811 115
0 0.183387 0.102525 0.0131074 0.060473 0.378351 127
0 0.47715 0.164426 0.0122806 0.0528821 0.738191 8
0 0.184201 0.108514 0.010896 0.0532963 0.395843 111
0 0.451731 0.141592 0.0112477 0.0466278 0.647285 89
0 0.628525 0.179429 0.0109104 0.0590555 0.341584 56
