0 0.432274 0.709639 0.0262009 0.100632 0.881679 4
0 0.418962 0.203702 0.0102018 0.0544793 0.770098 38
0 0.556588 0.219618 0.0162972 0.0538202 0.435421 88
0 0.0421039 0.274447 0.0204679 0.0590007 0.764405 93
0 0.565103 0.177968 0.00958341 0.0491243 0.345333 3
0 0.16511 0.118331 0.0129569 0.0538066 0.352876 64
0 0.302257 0.162832 0.0153996 0.0483658 0.784445 20
0 0.529415 0.043206 0.00919704 0.0364854 0.449542 102
0 0.518076 0.106122 0.0139575 0.0564233 0.717611 8
0 0.605383 0.0854894 0.0202004 0.0400173 0.275535 75
0 0.174408 0.109235 0.0119204 0.0594367 0.281019 104
0 0.495924 0.0717236 0.00802994 0.0347745 0.606184 63
0 0.43226 0.0650147 0.00817912 0.0384368 0.62627 56
0 0.377717 0.0732265 0.00992314 0.0389673 0.636662 89
