0 0.530572 0.653987 0.0301507 0.0975759 0.864375 4
0 0.117404 0.207096 0.0149752 0.0532497 0.712153 124
0 0.701197 0.107708 0.0107755 0.0454308 0.487644 8
0 0.690165 0.104759 0.0100662 0.0437316 0.581667 3
0 0.458827 0.0857193 0.0121163 0.0467027 0.548406 89
0 0.416773 0.0731378 0.00878191 0.0392647 0.764639 109
0 0.48115 0.1937 0.0105694 0.052799 0.820343 88
0 0.513404 0.0795113 0.00909643 0.0413112 0.696751 22
0 0.431989 0.0990485 0.00892951 0.0437858 0.756653 41
0 0.16168 0.121536 0.0126906 0.0557877 0.566319 111
0 0.798177 0.149846 0.0119619 0.0529238 0.719981 132
0 0.529252 0.042005 0.0084342 0.0351156 0.396487 102
0 0.180707 0.114876 0.0134072 0.0510525 0.506467 127
0 0.235213 0.0425009 0.00795449 0.037471 0.383128 135
0 0.490104 0.0785758 0.0114642 0.0477087 0.630714 131
