0 0.488888 0.798207 0.0340576 0.110123 0.873562 4
0 0.0614503 0.253756 0.0170681 0.0584237 0.788635 93
0 0.618238 0.271077 0.0181325 0.0596618 0.815178 38
0 0.320009 0.120821 0.00798451 0.0430556 0.755995 110
0 0.622353 0.172465 0.0115932 0.0518507 0.793679 22
0 0.52462 0.191923 0.0112814 0.0346537 0.504187 41
0 0.482935 0.132169 0.00902163 0.0489099 0.512132 8
0 0.392945 0.230893 0.013674 0.0554135 0.786851 20
0 0.737285 0.190546 0.0118957 0.0544145 0.729423 71
0 0.439177 0.131542 0.00758699 0.0466255 0.779321 89
0 0.442741 0.261652 0.01733 0.0696489 0.805791 88
0 0.481298 0.177374 0.00982037 0.0572661 0.618814 75
0 0.154656 0.123676 0.00914561 0.0491517 0.289412 64
0 0.453174 0.103715 0.00889031 0.0445836 0.643023 56
0 0.459061 0.0456314 0.00900246 0.0370704 0.532013 102
0 0.702512 0.100508 0.00930792 0.0461093 0.446127 109
