0 0.50044 0.657294 0.0274175 0.09609 0.839984 4
0 0.123607 0.192904 0.0126755 0.0546201 0.67606 124
0 0.487642 0.190071 0.0104302 0.0510995 0.798024 88
0 0.158123 0.118536 0.0136758 0.0581618 0.599286 111
0 0.614258 0.136349 0.0123039 0.0458721 0.750989 3
0 0.503743 0.0833453 0.00978804 0.0406918 0.541004 22
0 0.732476 0.104953 0.0118105 0.0448897 0.707056 132
0 0.486857 0.0609419 0.00763356 0.0400495 0.618778 150
0 0.435982 0.0729255 0.0103404 0.0473133 0.680149 20
0 0.184433 0.088528 0.0158362 0.0811848 0.26419 156
0 0.515642 0.0670831 0.00977173 0.0558263 0.417093 126
0 0.556633 0.0542022 0.0111029 0.0469053 0.506949 137
0 0.177848 0.109635 0.0163421 0.0613929 0.417578 127
0 0.531964 0.0393759 0.00972789 0.0345889 0.31966 109
