0 0.404855 0.899659 0.0305001 0.113602 0.844916 4
0 0.0367308 0.602088 0.0369838 0.0770776 0.854738 38
0 0.137046 0.398618 0.0265688 0.074317 0.845194 20
0 0.220906 0.205601 0.0151062 0.0553871 0.671262 70
0 0.436302 0.203808 0.0122822 0.0554062 0.727475 73
0 0.332807 0.248727 0.0150475 0.057971 0.699841 71
0 0.337539 0.421045 0.0164061 0.0750749 0.815112 3
0 0.562343 0.14368 0.0108809 0.0498823 0.737484 63
0 0.487774 0.374205 0.0130906 0.0697549 0.746275 11
0 0.334645 0.161909 0.0172354 0.0425156 0.578901 72
0 0.452944 0.152671 0.0146888 0.0514701 0.784601 56
0 0.505254 0.226338 0.0113407 0.0582026 0.768543 41
0 0.605866 0.231188 0.0133702 0.0601667 0.631558 22
0 0.595958 0.239146 0.0120129 0.064375 0.683537 8
