0 0.444465 0.696388 0.0287374 0.099069 0.864282 4
0 0.0782185 0.24157 0.0221179 0.0585742 0.798634 93
0 0.329245 0.186465 0.0108698 0.0498713 0.808009 20
0 0.57504 0.259765 0.0164812 0.0623252 0.789222 38
0 0.494996 0.0512526 0.00724071 0.0388481 0.52489 102
0 0.453987 0.263996 0.0145611 0.0578625 0.731388 88
0 0.467872 0.111843 0.00999104 0.0460473 0.676967 8
0 0.575883 0.0921791 0.0103046 0.0410799 0.485076 109
0 0.163783 0.121376 0.012715 0.0523896 0.392531 64
0 0.457759 0.163243 0.0098904 0.0480792 0.727775 41
0 0.386051 0.12017 0.00738923 0.0414353 0.770169 89
0 0.519581 0.143682 0.00894114 0.0485271 0.780645 75
0 0.445909 0.245014 0.0108376 0.0608882 0.684064 3
0 0.48006 0.0966272 0.0096392 0.0433366 0.560368 56
0 0.50252 0.137919 0.0100646 0.0457872 0.676116 22
