0 0.420434 0.651583 0.0310682 0.0970765 0.864952 4
0 0.390135 0.216541 0.0131295 0.0551228 0.784465 11
0 0.0765369 0.218118 0.0173392 0.0518313 0.727242 65
0 0.643219 0.0521471 0.00855134 0.040651 0.641121 8
0 0.488815 0.174998 0.0134828 0.0517911 0.748629 3
0 0.163183 0.11427 0.0120706 0.0532216 0.643729 64
0 0.558503 0.0727571 0.00665913 0.0388927 0.559941 63
0 0.417795 0.0680171 0.00931266 0.0389488 0.675568 41
0 0.549914 0.179142 0.0155562 0.0522795 0.811194 38
0 0.35349 0.0829076 0.0103895 0.0381183 0.390537 20
0 0.478135 0.0556503 0.00798019 0.0385055 0.48411 22
0 0.382322 0.0653077 0.0101296 0.0354612 0.563742 71
0 0.545015 0.0491163 0.00936381 0.0472192 0.266891 56
