0 0.379588 0.746485 0.0270321 0.104772 0.855785 4
0 0.552663 0.156398 0.00985349 0.0516304 0.735872 41
0 0.569366 0.282582 0.0108208 0.0609161 0.78181 38
0 0.355662 0.280858 0.013846 0.0617913 0.770057 3
0 0.12746 0.157067 0.0147839 0.0558071 0.507929 39
0 0.39184 0.212134 0.0098101 0.0554482 0.706484 7
0 0.300192 0.373464 0.0159853 0.0722062 0.713584 11
0 0.236295 0.144092 0.0113326 0.0454177 0.333902 5
0 0.357811 0.161869 0.0142721 0.0447033 0.751514 20
0 0.416542 0.215294 0.0128532 0.0519014 0.456692 34
0 0.333562 0.141379 0.0103839 0.0475019 0.631807 6
0 0.428024 0.178714 0.0121722 0.0473134 0.620137 8
0 0.308302 0.17424 0.01528 0.0472484 0.50034 13
0 0.0473223 0.233993 0.0179847 0.068428 0.658704 1
0 0.0589055 0.225986 0.0149766 0.0613134 0.565641 55
