0 0.493305 0.59333 0.0230644 0.0966194 0.849032 4
0 0.115708 0.205629 0.0197506 0.0535295 0.535194 124
0 0.487541 0.189126 0.0107436 0.0530544 0.78585 88
0 0.182645 0.0928098 0.0148231 0.0749185 0.485336 156
0 0.171716 0.112425 0.0177446 0.0537059 0.312925 111
0 0.433598 0.0521139 0.00763728 0.0369484 0.61843 20
0 0.520465 0.0486683 0.00999212 0.0515007 0.522826 137
0 0.46403 0.0906002 0.0128359 0.0478651 0.713322 136
0 0.485597 0.0692934 0.0106889 0.0549437 0.730933 150
0 0.705236 0.108889 0.0103507 0.044635 0.798841 3
