0 0.511518 0.74112 0.0260156 0.106737 0.84529 4
0 0.116402 0.206582 0.0144628 0.0502284 0.594389 124
0 0.522611 0.211172 0.0145317 0.0551069 0.767813 88
0 0.720072 0.214229 0.0187603 0.0552159 0.841548 132
0 0.177884 0.10995 0.0162901 0.0552837 0.502389 111
0 0.507356 0.0658295 0.00768229 0.0374768 0.71421 89
0 0.159487 0.118131 0.0147503 0.0552299 0.675146 127
0 0.519453 0.0557087 0.00908731 0.0544546 0.598072 137
0 0.491865 0.0975224 0.00899858 0.0424699 0.696768 136
0 0.623057 0.144733 0.0106967 0.050517 0.573044 3
0 0.479803 0.0970229 0.00767199 0.0397292 0.673829 126
0 0.561775 0.0597723 0.00991656 0.0521607 0.702847 20
0 0.706918 0.042814 0.00892881 0.0391812 0.620501 56
