0 0.469674 0.7813 0.0320677 0.109366 0.869333 4
0 0.329158 0.258021 0.0140363 0.060501 0.782077 38
0 0.798614 0.136582 0.0112754 0.0484549 0.468214 22
0 0.425656 0.313506 0.0146975 0.0644787 0.722688 88
0 0.563499 0.250733 0.0136967 0.0615541 0.776834 3
0 0.00841748 0.308001 0.016835 0.0657078 0.693453 93
0 0.234378 0.176555 0.0104267 0.0517203 0.704145 20
0 0.16317 0.120192 0.0146453 0.0477632 0.324188 64
0 0.619718 0.103033 0.0122437 0.0450847 0.485163 63
0 0.531292 0.212025 0.0143555 0.0593285 0.765304 70
0 0.585254 0.14103 0.0102525 0.0492834 0.647277 41
0 0.468857 0.127226 0.0118125 0.0445249 0.625887 56
0 0.335848 0.141995 0.0145183 0.0399581 0.703693 72
0 0.610415 0.179371 0.0143218 0.0547118 0.679817 8
0 0.507456 0.179921 0.010699 0.0510407 0.735047 71
0 0.513201 0.0460185 0.00998561 0.0400977 0.291084 75
0 0.437879 0.134114 0.0102269 0.0469783 0.733788 89
