0 0.530967 0.652315 0.0309182 0.0975708 0.864307 4
0 0.116302 0.205837 0.0144715 0.0514178 0.629909 124
0 0.526581 0.211072 0.0117783 0.0565127 0.659556 88
0 0.164958 0.117475 0.0198153 0.0629158 0.378244 127
0 0.658578 0.109326 0.00843519 0.0434656 0.658732 3
0 0.715972 0.185826 0.0133718 0.0523464 0.773331 132
0 0.492048 0.0614826 0.00852588 0.0338475 0.378968 109
0 0.445987 0.100009 0.00947739 0.0444492 0.731123 136
0 0.179039 0.0984292 0.0196691 0.0662414 0.269353 111
0 0.560432 0.0614477 0.00881748 0.031431 0.308002 56
0 0.551066 0.0508672 0.00925204 0.0283114 0.329721 20
0 0.542961 0.0755833 0.0087911 0.0275703 0.421637 89
