0 0.469387 0.777829 0.0282328 0.107516 0.883535 4
0 0.310005 0.295311 0.0142041 0.0643318 0.801569 38
0 0.584204 0.186554 0.010884 0.0522132 0.7678 8
0 0.725987 0.145523 0.0143812 0.0458722 0.719614 22
0 0.467961 0.360025 0.0145507 0.0725136 0.774298 88
0 0.57542 0.288878 0.0140894 0.0663661 0.540857 3
0 0.512724 0.0443425 0.010423 0.0423375 0.452295 75
0 0.025174 0.291405 0.0182119 0.060105 0.797071 93
0 0.461381 0.205677 0.0132934 0.0485665 0.399594 71
0 0.221021 0.18119 0.00990356 0.0525067 0.735131 20
0 0.162218 0.118103 0.0143397 0.0471003 0.425589 64
0 0.61044 0.11761 0.0109504 0.043282 0.702943 63
0 0.496528 0.13228 0.0150435 0.0583627 0.628189 56
0 0.332976 0.134057 0.0102471 0.0418477 0.695302 72
0 0.147437 0.12285 0.012865 0.0588567 0.424093 11
0 0.468744 0.228001 0.0185535 0.0598379 0.693281 70
