0 0.530333 0.655267 0.0242466 0.0969249 0.86291 4
0 0.117165 0.207176 0.0153786 0.0532818 0.639213 124
0 0.746582 0.122526 0.0155495 0.0451114 0.785579 8
0 0.692434 0.106064 0.00890217 0.0454019 0.671 3
0 0.462347 0.0831037 0.00971931 0.0395838 0.649325 89
0 0.41057 0.0756856 0.00859947 0.038622 0.720118 109
0 0.797762 0.143783 0.0117261 0.0488631 0.758489 132
0 0.484227 0.196278 0.0103935 0.0527635 0.760189 88
0 0.478805 0.099578 0.00933596 0.0401892 0.635666 126
0 0.541779 0.0845719 0.00894152 0.0394702 0.60648 22
0 0.529903 0.0886989 0.00806179 0.0422456 0.679942 131
0 0.497375 0.0780127 0.00823892 0.0428062 0.347184 56
0 0.159917 0.113962 0.0107464 0.0480575 0.482329 111
