0 0.0456118 0.25301 0.0171191 0.0569485 0.806075 1
0 0.377329 0.744497 0.0284441 0.103782 0.851539 4
0 0.300684 0.397784 0.015374 0.0483494 0.509305 11
0 0.414465 0.182444 0.0110989 0.0547409 0.630512 20
0 0.649525 0.174387 0.0140875 0.0506335 0.376202 41
0 0.507991 0.31675 0.0165833 0.0652301 0.841719 38
0 0.356166 0.338761 0.0174461 0.0718371 0.812574 3
0 0.215396 0.164674 0.00909386 0.0455126 0.731341 5
0 0.157175 0.121438 0.014675 0.0504017 0.525811 31
0 0.497452 0.175058 0.0145664 0.0479888 0.757676 8
0 0.388861 0.172981 0.00813001 0.0498514 0.736931 13
0 0.12999 0.142902 0.0157348 0.0602081 0.565329 39
0 0.407815 0.140303 0.00829277 0.0387197 0.677919 6
0 0.548993 0.20181 0.0137313 0.0530583 0.7136 34
