0 0.378974 0.745371 0.026805 0.10515 0.856559 4
0 0.396716 0.168902 0.0116756 0.0484667 0.73089 20
0 0.591162 0.165075 0.0156511 0.0512007 0.788548 41
0 0.538543 0.30275 0.0126937 0.0644001 0.808067 38
0 0.356358 0.308881 0.014021 0.066189 0.800193 3
0 0.15806 0.121335 0.0144516 0.0479761 0.386684 31
0 0.480382 0.167389 0.0121343 0.0459541 0.775252 8
0 0.352159 0.173695 0.00987101 0.0503462 0.299849 13
0 0.125541 0.149892 0.0166491 0.0542508 0.584165 39
0 0.503906 0.201624 0.0147499 0.0519146 0.639507 34
0 0.366341 0.141981 0.0115361 0.0363751 0.433765 6
0 0.381378 0.213468 0.0114635 0.0541911 0.764194 7
0 0.302128 0.397767 0.0146916 0.0494049 0.639759 11
0 0.491563 0.0524787 0.0092034 0.0385885 0.30725 22
0 0.226005 0.153719 0.0120731 0.0469299 0.563852 5
