0 0.524456 0.669668 0.0228745 0.100878 0.834042 4
0 0.116612 0.206542 0.014895 0.053397 0.705582 124
0 0.523835 0.212886 0.0155411 0.0566267 0.736008 88
0 0.165293 0.119351 0.0202934 0.0589475 0.353012 127
0 0.711415 0.207024 0.0131003 0.0561816 0.809502 132
0 0.564308 0.06953 0.00974344 0.0322769 0.556276 20
0 0.491103 0.104485 0.012931 0.0456407 0.765422 89
0 0.479936 0.0949744 0.00920264 0.0450372 0.706511 136
0 0.629588 0.125976 0.0116748 0.0451039 0.761964 3
0 0.510786 0.0661597 0.0092405 0.0428044 0.572244 137
0 0.545572 0.0711491 0.00906582 0.0209989 0.507787 22
0 0.181851 0.10781 0.012391 0.0504905 0.310688 111
0 0.604978 0.0549354 0.0109187 0.0462293 0.669854 56
