0 0.426172 0.652072 0.0329921 0.0970969 0.862255 4
0 0.428439 0.219794 0.0118251 0.0588157 0.737627 11
0 0.628312 0.176239 0.0119467 0.0524391 0.772514 38
0 0.522214 0.104244 0.0115838 0.0480523 0.770047 8
0 0.02572 0.276669 0.0232268 0.0616287 0.836486 65
0 0.509696 0.200308 0.0105302 0.056373 0.722987 3
0 0.601321 0.0844785 0.0125213 0.0417476 0.571245 63
0 0.47019 0.0834871 0.010418 0.0421486 0.624983 5
0 0.435343 0.111082 0.0114644 0.0440963 0.638984 1
0 0.358921 0.0763942 0.00820071 0.0400739 0.63284 13
0 0.503248 0.0675402 0.0118236 0.0426541 0.572231 56
0 0.163992 0.0974448 0.0170575 0.0655902 0.527249 64
0 0.592216 0.0627326 0.00896219 0.0416059 0.535092 41
0 0.468781 0.0784805 0.0128168 0.0497505 0.307629 22
