0 0.423547 0.885594 0.0352469 0.115212 0.86858 4
0 0.162829 0.112795 0.0136017 0.0541636 0.676129 64
0 0.505362 0.389111 0.0236011 0.0704936 0.376736 38
0 0.67433 0.15386 0.011794 0.0529046 0.289214 8
0 0.507798 0.110577 0.00986751 0.0463237 0.765133 56
0 0.584357 0.172216 0.0111132 0.0517256 0.761778 22
0 0.310475 0.251591 0.0151717 0.057728 0.800983 20
0 0.344165 0.122146 0.00990604 0.043258 0.732494 70
0 0.405728 0.122378 0.01027 0.0421489 0.729824 72
0 0.481371 0.179842 0.011096 0.0540503 0.779411 73
0 0.362605 0.179412 0.010906 0.0469415 0.75361 71
0 0.462139 0.350445 0.0223827 0.0482116 0.671307 3
0 0.592783 0.109075 0.0105539 0.0468187 0.720878 63
0 0.546656 0.166414 0.0105571 0.050715 0.793487 41
0 0.506952 0.330316 0.0150392 0.0316584 0.419018 11
