0 0.50029 0.656444 0.026462 0.0966287 0.84359 4
0 0.123851 0.194401 0.0152467 0.0516083 0.603141 124
0 0.487438 0.18891 0.0115096 0.0529933 0.774592 88
0 0.158862 0.116086 0.0141373 0.0556003 0.580936 111
0 0.627674 0.13187 0.0112354 0.0474608 0.76741 3
0 0.744785 0.10401 0.0103629 0.0439742 0.699839 132
0 0.431355 0.0680574 0.00758743 0.0398811 0.554619 20
0 0.178346 0.108623 0.0177637 0.0643313 0.369235 127
0 0.529686 0.0391808 0.00978559 0.0386268 0.449904 109
0 0.505066 0.0714224 0.00960824 0.03603 0.458415 126
0 0.439287 0.0776258 0.00817537 0.0406312 0.324453 136
0 0.495893 0.0808652 0.00861928 0.0380002 0.539194 22
0 0.479182 0.065234 0.0106053 0.037955 0.335035 154
