0 0.379646 0.746682 0.0270208 0.104397 0.856668 4
0 0.552056 0.155935 0.00981191 0.0520467 0.611277 41
0 0.570936 0.282347 0.0131276 0.0616582 0.78741 38
0 0.354778 0.279344 0.0133113 0.0618607 0.772181 3
0 0.12737 0.15786 0.0145623 0.0544742 0.473011 39
0 0.392645 0.212444 0.0104041 0.0551363 0.739798 7
0 0.300499 0.371369 0.0153876 0.0709775 0.708154 11
0 0.236426 0.143583 0.0109123 0.0452434 0.26764 5
0 0.356216 0.161509 0.01406 0.0451595 0.592862 20
0 0.412697 0.21495 0.0132972 0.053199 0.672672 34
0 0.332528 0.140409 0.0107057 0.0465722 0.585831 6
0 0.424628 0.179207 0.0130123 0.0482558 0.613776 8
0 0.302691 0.175644 0.0147093 0.0442905 0.542165 13
0 0.0472623 0.235082 0.0190813 0.0660979 0.597354 1
