0 0.110096 0.324315 0.0227273 0.0642012 0.819082 1
0 0.420293 0.773739 0.0304217 0.107059 0.872611 4
0 0.400133 0.257525 0.0140889 0.0654047 0.655086 7
0 0.290386 0.418791 0.0163582 0.0767122 0.783483 11
0 0.45657 0.218415 0.0120881 0.0576343 0.809929 20
0 0.579286 0.22751 0.0135807 0.0569363 0.763681 34
0 0.764606 0.218288 0.0139712 0.0577737 0.723518 41
0 0.47221 0.315846 0.0152798 0.0630533 0.781661 38
0 0.511848 0.162605 0.0169944 0.049378 0.737249 6
0 0.373058 0.390316 0.0175742 0.0727879 0.816724 3
0 0.482791 0.0607923 0.00901244 0.0369459 0.350031 22
0 0.657045 0.20192 0.0198771 0.0528578 0.810678 8
0 0.190515 0.184182 0.0115685 0.0489335 0.618091 5
0 0.437546 0.204404 0.0103579 0.0556166 0.764675 13
0 0.0724881 0.238345 0.0208732 0.0555911 0.574073 10
