0 0.52195 0.672218 0.0249499 0.095441 0.843615 4
0 0.116611 0.206626 0.0149171 0.0541328 0.690805 124
0 0.523484 0.213293 0.0143489 0.0564464 0.718698 88
0 0.712833 0.208881 0.0131485 0.0561673 0.810506 132
0 0.56398 0.0711241 0.0103936 0.0304505 0.586238 20
0 0.485685 0.10124 0.0128862 0.0476407 0.45037 89
0 0.482349 0.0965783 0.0101911 0.0482909 0.525008 136
0 0.62815 0.127535 0.0104326 0.0446567 0.751736 3
0 0.510156 0.0664318 0.00861092 0.0432112 0.51393 137
0 0.546331 0.0720151 0.00934868 0.0197669 0.433302 22
0 0.182775 0.106461 0.0111842 0.0511915 0.3139 111
0 0.488852 0.100053 0.0102101 0.05219 0.435557 126
