0 0.379786 0.747885 0.0271941 0.105439 0.85628 4
0 0.587207 0.276559 0.0128422 0.0599636 0.765841 38
0 0.345473 0.272852 0.014229 0.0611214 0.749871 3
0 0.123834 0.15347 0.0166179 0.0696035 0.383685 39
0 0.302236 0.350339 0.0172528 0.0661528 0.798628 11
0 0.231569 0.147725 0.011323 0.0390577 0.456796 5
0 0.391352 0.202331 0.0139355 0.0696153 0.647002 8
0 0.246546 0.19357 0.0127593 0.054234 0.612809 13
0 0.0602808 0.240732 0.0182789 0.0522445 0.667717 1
0 0.490865 0.05292 0.00875645 0.0371006 0.295426 22
0 0.542824 0.150199 0.0101929 0.0497796 0.749026 41
0 0.377059 0.219286 0.0144697 0.0552139 0.460371 7
0 0.323025 0.169399 0.0175951 0.0437242 0.613127 20
0 0.104561 0.20293 0.0132932 0.0516834 0.622476 55
