0 0.462933 0.842471 0.035032 0.120741 0.858148 4
0 0.56098 0.273785 0.0215815 0.0475006 0.821181 11
0 0.0363829 0.269101 0.0243377 0.0590084 0.784382 65
0 0.16229 0.114405 0.013196 0.0539455 0.625673 64
0 0.623531 0.255463 0.013444 0.0581466 0.79013 38
0 0.687984 0.110724 0.0102169 0.0461638 0.739809 8
0 0.517514 0.0945117 0.0100591 0.0421875 0.673319 56
0 0.589056 0.137779 0.00972945 0.0463893 0.757505 22
0 0.382725 0.130557 0.0102163 0.0405304 0.815774 71
0 0.576429 0.24067 0.0155148 0.0436942 0.609421 3
0 0.312189 0.187316 0.0129411 0.0498286 0.744575 20
0 0.345906 0.0931341 0.00845283 0.0386246 0.7899 70
0 0.548569 0.130376 0.00978826 0.0451696 0.469881 41
0 0.433031 0.101223 0.00901553 0.0347449 0.465919 72
