0 0.422748 0.63169 0.0309888 0.0987576 0.858054 4
0 0.431307 0.208745 0.0116691 0.0558909 0.792335 11
0 0.582502 0.175103 0.00887686 0.0519265 0.767933 38
0 0.56333 0.0906672 0.0111331 0.0401505 0.451042 8
0 0.0428487 0.25425 0.0226335 0.0601928 0.80458 65
0 0.506228 0.195364 0.0149638 0.0558353 0.813001 3
0 0.152244 0.117317 0.015223 0.0628685 0.571172 64
0 0.473411 0.0969673 0.0094504 0.0461061 0.255986 1
0 0.482171 0.0667545 0.0114709 0.0479057 0.293841 5
0 0.298341 0.0449217 0.0111645 0.0456186 0.366782 13
0 0.491144 0.0666318 0.0118177 0.0619205 0.319442 56
0 0.169732 0.104377 0.0118905 0.0504266 0.399588 67
0 0.489018 0.0628043 0.0168127 0.0682563 0.313982 22
0 0.558348 0.0553149 0.00754967 0.0340124 0.375639 41
