0 0.297753 0.544737 0.0239392 0.0638103 0.828301 4
0 0.0434336 0.270084 0.0218191 0.0601221 0.793552 124
0 0.162094 0.374929 0.0146904 0.0670807 0.800568 88
0 0.556056 0.263012 0.0220363 0.052858 0.769688 3
0 0.778208 0.284635 0.0210664 0.0580107 0.840774 132
0 0.184629 0.0932317 0.0151785 0.0744518 0.322615 156
0 0.508985 0.0406773 0.00912209 0.0416643 0.406517 171
0 0.439777 0.147936 0.0108956 0.052249 0.711295 150
0 0.254809 0.185496 0.0144154 0.0513634 0.771285 137
0 0.546662 0.139689 0.0115839 0.0448887 0.750503 170
0 0.543074 0.196937 0.0112522 0.0474941 0.661744 165
0 0.374349 0.0912671 0.00939067 0.044547 0.258274 109
0 0.386406 0.135869 0.00952899 0.0417366 0.633661 172
0 0.357087 0.0970943 0.0120316 0.0535382 0.520325 168
0 0.304848 0.197492 0.0143275 0.0529529 0.781756 162
0 0.426398 0.135158 0.01062 0.0478041 0.430253 20
