0 0.421071 0.634894 0.0309763 0.0962773 0.882668 4
0 0.436843 0.210169 0.0106329 0.0547334 0.795336 11
0 0.539137 0.185548 0.0129532 0.0531108 0.761478 38
0 0.0675911 0.231383 0.0213767 0.0583182 0.812156 65
0 0.50609 0.195892 0.014402 0.0549933 0.794452 3
0 0.157884 0.11742 0.0130962 0.0511107 0.4735 64
0 0.597265 0.071476 0.00891596 0.0419216 0.532519 8
0 0.511041 0.0671825 0.0121586 0.054726 0.522284 56
0 0.54279 0.0624559 0.00899156 0.0507423 0.498742 63
0 0.501363 0.0860498 0.0117109 0.0451084 0.615344 1
