0 0.431876 0.707946 0.0266985 0.102968 0.886196 4
0 0.443673 0.207797 0.0123626 0.0556487 0.802524 38
0 0.612545 0.210776 0.0180274 0.0564451 0.824091 88
0 0.0418275 0.273489 0.0200675 0.0591027 0.78625 93
0 0.586666 0.17698 0.0118153 0.0520857 0.749224 3
0 0.327816 0.16135 0.00926937 0.0523947 0.70966 20
0 0.527385 0.103021 0.0110015 0.0556001 0.342383 8
0 0.391899 0.0755628 0.00663538 0.03904 0.652942 89
0 0.591787 0.0887865 0.01112 0.038378 0.455245 71
0 0.526058 0.0941597 0.00895395 0.0428915 0.548465 63
0 0.165739 0.119377 0.0130301 0.0507062 0.47823 64
0 0.585742 0.0709073 0.00919317 0.0345786 0.447323 22
0 0.553021 0.0665675 0.00856164 0.0345108 0.587819 41
0 0.610476 0.0900019 0.0138132 0.039164 0.357807 75
0 0.147997 0.124248 0.0131534 0.0557436 0.328722 104
0 0.452828 0.0662473 0.00894604 0.039051 0.540949 56
