0 0.49227 0.516926 0.0204569 0.0812426 0.843567 1
0 0.78311 0.557612 0.0267965 0.0840246 0.840461 2
0 0.498182 0.883661 0.031431 0.116722 0.821603 4
0 0.73059 0.437942 0.0216304 0.0815431 0.832698 6
0 0.612195 0.374508 0.016807 0.0711147 0.746156 7
0 0.73564 0.260778 0.0159181 0.0579756 0.681225 8
0 0.868103 0.430215 0.0248412 0.0779128 0.837716 12
0 0.993854 0.347344 0.0122919 0.0622386 0.52927 14
0 0.832968 0.444748 0.0232543 0.0773273 0.824834 20
0 0.656441 0.216764 0.0103663 0.0575225 0.732197 13
0 0.643255 0.266744 0.0145311 0.0586186 0.705143 10
0 0.556903 0.56394 0.0180734 0.0896367 0.698666 11
0 0.547994 0.543118 0.0252968 0.0673615 0.682753 3
0 0.379603 0.241558 0.0108449 0.0531631 0.717007 5
0 0.21035 0.0627629 0.010269 0.0422654 0.402686 22
