0 0.527072 0.670325 0.0261641 0.102001 0.829958 4
0 0.637566 0.216302 0.0117156 0.0551183 0.763391 88
0 0.706741 0.146526 0.011101 0.0473248 0.682183 3
0 0.591038 0.157546 0.0102301 0.0495888 0.811318 41
0 0.548529 0.0862185 0.0147662 0.0420654 0.517448 109
0 0.464921 0.106071 0.00881106 0.0422079 0.730242 89
0 0.0729728 0.259638 0.0228723 0.0597289 0.825068 124
0 0.503729 0.0914263 0.00855389 0.0386663 0.61465 110
0 0.665654 0.148088 0.0157321 0.0486435 0.718981 8
0 0.415794 0.119651 0.00865094 0.0440937 0.773065 20
0 0.65961 0.0965858 0.0101163 0.0470844 0.518813 56
0 0.640583 0.113149 0.00919692 0.0469144 0.524592 126
0 0.531735 0.0420161 0.00964041 0.0371606 0.328432 102
0 0.178208 0.113836 0.0127452 0.0509066 0.342334 111
0 0.686342 0.100593 0.0115901 0.0431092 0.423645 22
