0 0.432942 0.710014 0.0267488 0.102687 0.869783 4
0 0.332434 0.19469 0.0122626 0.053482 0.775835 38
0 0.411888 0.257994 0.0176435 0.0560996 0.726758 88
0 0.0367146 0.274253 0.0217687 0.0608283 0.771459 93
0 0.343871 0.12312 0.0114855 0.0435742 0.50958 71
0 0.488029 0.191215 0.00968103 0.0520573 0.673125 3
0 0.223426 0.149756 0.0129959 0.047898 0.668879 20
0 0.698323 0.0872762 0.0132882 0.0397135 0.468618 22
0 0.462952 0.085255 0.0101527 0.0413144 0.536076 63
0 0.164527 0.11505 0.0128383 0.0533525 0.282853 64
0 0.463266 0.140397 0.00984799 0.0496753 0.62419 8
0 0.241203 0.1015 0.00996037 0.0425882 0.594932 89
0 0.576817 0.0781622 0.0114735 0.0390327 0.539757 41
0 0.429794 0.0844544 0.0114938 0.0445784 0.388285 72
0 0.316449 0.102627 0.0105683 0.0438309 0.536354 56
