0 0.498603 0.790144 0.0263344 0.113998 0.836169 4
0 0.27628 0.400824 0.024094 0.0785465 0.834709 38
0 0.265994 0.20005 0.0138206 0.0490532 0.728198 20
0 0.466746 0.170702 0.0118229 0.0481433 0.738848 71
0 0.56347 0.191351 0.0111212 0.0563067 0.777695 8
0 0.484808 0.108027 0.0121143 0.0429882 0.583675 56
0 0.792951 0.241847 0.0123765 0.0584028 0.724222 22
0 0.559031 0.381274 0.0192464 0.0710531 0.838795 88
0 0.61001 0.115362 0.0103487 0.0462184 0.697714 63
0 0.525477 0.312958 0.0193865 0.0648063 0.832864 3
0 0.712967 0.205799 0.0126726 0.0548405 0.778448 41
0 0.332875 0.194765 0.0177967 0.0552096 0.824706 70
0 0.368836 0.125829 0.0105941 0.0421249 0.642074 72
0 0.162307 0.115411 0.01236 0.0477148 0.407769 64
0 0.522016 0.0430608 0.00920321 0.0368045 0.339067 75
0 0.460522 0.116962 0.00936966 0.0432828 0.655216 89
