0 0.496123 0.658594 0.0324918 0.0974976 0.870655 4
0 0.116042 0.207597 0.0165157 0.0532254 0.627894 124
0 0.489727 0.192663 0.0115996 0.0519842 0.7615 88
0 0.621626 0.157837 0.0108157 0.0489458 0.783067 3
0 0.477842 0.0763459 0.0106154 0.0468642 0.579103 126
0 0.506403 0.064995 0.00984726 0.0441443 0.511798 137
0 0.1772 0.112767 0.0145973 0.0492368 0.335751 111
0 0.490884 0.0721951 0.0091294 0.0415692 0.622387 20
0 0.434742 0.0767788 0.00752894 0.0404514 0.59625 136
0 0.185655 0.110262 0.0105953 0.0445466 0.28062 127
0 0.542054 0.0461526 0.00772107 0.0358572 0.414379 109
0 0.525864 0.0590161 0.0118302 0.0352429 0.336747 22
0 0.676013 0.139818 0.00998834 0.0439044 0.393666 132
