0 0.43191 0.708399 0.0265736 0.103179 0.882353 4
0 0.437018 0.207509 0.00945861 0.0559287 0.731548 38
0 0.601512 0.212002 0.0141398 0.0547733 0.752817 88
0 0.0415937 0.273485 0.0197882 0.0586679 0.790557 93
0 0.580324 0.178409 0.0137769 0.053083 0.736196 3
0 0.322365 0.163781 0.014161 0.0486753 0.838801 20
0 0.527233 0.10939 0.00957238 0.0464882 0.413173 8
0 0.389933 0.0746902 0.00678008 0.0390792 0.659129 89
0 0.573041 0.093845 0.0109035 0.0339457 0.606657 71
0 0.516256 0.0710803 0.00894092 0.030388 0.607754 63
0 0.164586 0.117133 0.012504 0.0531913 0.375187 64
0 0.587563 0.067275 0.00877864 0.0343934 0.361254 22
0 0.562382 0.0618948 0.00810172 0.0297005 0.282433 41
0 0.609916 0.0881831 0.00893745 0.0391555 0.321647 75
