0 0.422133 0.635522 0.0303543 0.0970638 0.86097 4
0 0.431359 0.209805 0.0121477 0.0546098 0.80144 11
0 0.556609 0.181745 0.010855 0.0531313 0.803724 38
0 0.057975 0.241463 0.0196249 0.0582053 0.784898 65
0 0.506299 0.196721 0.0140443 0.0547299 0.805102 3
0 0.157495 0.116682 0.0148571 0.0479972 0.552754 64
0 0.169624 0.108923 0.0103479 0.0396825 0.34204 67
0 0.556803 0.0720952 0.009784 0.0392352 0.595038 63
0 0.58439 0.0787126 0.0102325 0.0435297 0.731348 8
0 0.490054 0.0792739 0.0133294 0.0651035 0.644412 1
0 0.544 0.0575845 0.00702451 0.0389206 0.606941 41
0 0.504971 0.0694326 0.0102284 0.0551908 0.691544 56
