0 0.496334 0.799876 0.0275762 0.115016 0.862014 4
0 0.278505 0.390112 0.0192201 0.0737676 0.830293 38
0 0.266942 0.201121 0.0131465 0.0471629 0.761251 20
0 0.475194 0.170464 0.0147327 0.0513366 0.739146 71
0 0.56203 0.191408 0.0103342 0.0558078 0.755233 8
0 0.494312 0.10903 0.0150736 0.0457342 0.78294 56
0 0.785639 0.239417 0.0133284 0.0584219 0.625768 22
0 0.566535 0.382394 0.0145077 0.0716812 0.802576 88
0 0.608566 0.1158 0.0102102 0.0456065 0.65394 63
0 0.532591 0.312764 0.0134507 0.0648131 0.775617 3
0 0.71872 0.208794 0.0122283 0.0496965 0.761054 41
0 0.346668 0.198566 0.0129599 0.0543238 0.78933 70
0 0.16211 0.115123 0.012546 0.0480562 0.395502 64
0 0.521342 0.0427128 0.00925999 0.037193 0.35416 75
0 0.469862 0.117477 0.0114804 0.0397751 0.626226 89
