0 0.529566 0.496003 0.0167443 0.0808647 0.769369 1
0 0.79702 0.52596 0.0224273 0.0862385 0.805725 2
0 0.530651 0.894186 0.024338 0.118738 0.815559 4
0 0.878106 0.345008 0.0240119 0.0746401 0.766817 6
0 0.63787 0.36615 0.0145451 0.0721151 0.805354 7
0 0.582732 0.306889 0.0151744 0.063808 0.795385 10
0 0.595634 0.551764 0.0253398 0.0836767 0.826288 11
0 0.38946 0.249559 0.0103858 0.0553632 0.726321 5
0 0.968808 0.30702 0.0179219 0.0604385 0.566038 8
0 0.14534 0.132983 0.0130911 0.0464226 0.452038 23
0 0.702941 0.225564 0.0201015 0.0543459 0.802252 13
0 0.154605 0.123822 0.0136028 0.046773 0.400709 31
0 0.578138 0.527965 0.0175479 0.0855978 0.763446 3
0 0.9631 0.471903 0.0331788 0.0822728 0.853856 20
0 0.995507 0.434972 0.00812918 0.0614671 0.582928 34
