0 0.489874 0.558345 0.0214461 0.0869316 0.838224 4
0 0.115454 0.207113 0.019196 0.0497808 0.636637 124
0 0.493631 0.183093 0.0106783 0.0525816 0.796814 88
0 0.183081 0.0913192 0.0150954 0.075705 0.389435 156
0 0.430748 0.0500591 0.00738907 0.0394388 0.614482 20
0 0.706627 0.0994368 0.00825698 0.0408681 0.775463 3
0 0.172316 0.113248 0.0180755 0.0546007 0.283676 111
0 0.525913 0.0607853 0.0110509 0.0350016 0.500637 150
0 0.487571 0.0795779 0.0121708 0.077412 0.603489 22
0 0.778623 0.0774727 0.00854155 0.0402343 0.545064 132
0 0.553781 0.066202 0.0084074 0.0396059 0.537514 136
