0 0.493583 0.87323 0.0349438 0.121107 0.870346 4
0 0.0234558 0.296646 0.0208374 0.0625363 0.839841 93
0 0.712835 0.20188 0.0103018 0.0566541 0.782588 38
0 0.810183 0.140471 0.0119587 0.0484287 0.580464 71
0 0.54255 0.280266 0.0146404 0.0618917 0.789422 88
0 0.160851 0.126551 0.0141859 0.0567943 0.604925 64
0 0.63178 0.262762 0.0112519 0.0608708 0.763226 3
0 0.174162 0.120795 0.0139754 0.053019 0.301683 115
0 0.521633 0.0477453 0.00910492 0.0399589 0.450913 102
0 0.538429 0.154482 0.019801 0.0509208 0.729304 56
0 0.184055 0.109954 0.0116797 0.051708 0.42052 111
0 0.430818 0.130529 0.00906385 0.0456162 0.767033 89
0 0.358998 0.173202 0.00887715 0.0466389 0.784974 20
0 0.468572 0.15602 0.0092069 0.0497597 0.768343 8
0 0.646806 0.104489 0.0101452 0.0444476 0.60776 22
0 0.505047 0.143625 0.0117867 0.040079 0.723482 126
0 0.446957 0.0946474 0.00820481 0.0380725 0.382706 110
0 0.183291 0.10178 0.0136739 0.0618928 0.338847 127
0 0.522213 0.132007 0.00937529 0.0372959 0.613843 41
