0 0.530376 0.652284 0.030154 0.0982807 0.86237 4
0 0.115944 0.205142 0.0151231 0.0520868 0.622754 124
0 0.521757 0.202323 0.0124295 0.0534842 0.75742 88
0 0.165049 0.116776 0.0168225 0.0617661 0.31268 127
0 0.678847 0.104161 0.0110317 0.0436464 0.752974 3
0 0.0133284 0.287786 0.020949 0.0618021 0.811758 140
0 0.734794 0.169836 0.0106694 0.051503 0.788066 132
0 0.560785 0.0821072 0.00856501 0.0402796 0.669695 89
0 0.464296 0.0780389 0.00981309 0.0389846 0.664627 126
0 0.535491 0.0625176 0.0126009 0.0398778 0.327733 20
0 0.508098 0.0449169 0.00878321 0.0407185 0.542269 22
0 0.179088 0.0920075 0.0189909 0.0774119 0.253409 111
0 0.54659 0.0659837 0.0100734 0.037724 0.275828 56
0 0.482727 0.0557541 0.00861991 0.0379989 0.507039 109
0 0.41912 0.0968013 0.0107962 0.044499 0.547524 136
0 0.421018 0.0869426 0.0121959 0.0621895 0.352252 137
