0 0.418201 0.653654 0.0307978 0.0966669 0.867077 4
0 0.354029 0.203014 0.0113915 0.0553679 0.774051 11
0 0.07483 0.218547 0.0168599 0.0559079 0.717747 65
0 0.644839 0.0593159 0.00772279 0.0401646 0.590266 8
0 0.474095 0.170457 0.0113863 0.052705 0.622559 3
0 0.162683 0.11461 0.011973 0.0515678 0.588369 64
0 0.375695 0.0906587 0.0115526 0.0446798 0.590333 41
0 0.613715 0.15955 0.0111254 0.0526028 0.824737 38
0 0.238642 0.10992 0.0140208 0.0445955 0.65875 20
0 0.478379 0.061068 0.00774784 0.0397669 0.610263 22
0 0.286957 0.0694207 0.0116222 0.0378941 0.567993 71
0 0.215803 0.0690609 0.0111901 0.041062 0.447281 70
