0 0.303782 0.365887 0.0222563 0.0659426 0.810459 1
0 0.474776 0.831175 0.0251372 0.104854 0.83148 4
0 0.531646 0.315462 0.0160846 0.0685905 0.787425 7
0 0.357744 0.24606 0.0200536 0.0548537 0.679809 10
0 0.398211 0.472224 0.0254545 0.0866516 0.809276 11
0 0.832748 0.216114 0.0150345 0.0523997 0.650027 8
0 0.154405 0.122073 0.0163246 0.0514496 0.50379 31
0 0.631417 0.279554 0.0167383 0.0625525 0.77858 20
0 0.703964 0.273302 0.0191735 0.062684 0.810117 34
0 0.917047 0.306867 0.023769 0.0724033 0.828627 41
0 0.607788 0.317326 0.0151597 0.063359 0.76617 38
0 0.666947 0.187809 0.0129363 0.0506787 0.729019 6
0 0.218988 0.212813 0.0103287 0.0465582 0.778964 5
0 0.613707 0.202816 0.0171428 0.0528984 0.827903 13
0 0.135169 0.128752 0.0184198 0.0696879 0.500023 23
