0 0.521067 0.788689 0.0242725 0.110687 0.859639 4
0 0.712148 0.245298 0.0120676 0.0577817 0.746371 88
0 0.156043 0.125012 0.0122029 0.0533203 0.575309 64
0 0.748364 0.237006 0.0133071 0.0599036 0.737474 3
0 0.66769 0.171046 0.0120012 0.0516416 0.701028 41
0 0.611108 0.102361 0.0136118 0.0440315 0.471188 109
0 0.425186 0.198546 0.0125787 0.0527047 0.585452 20
0 0.488136 0.126662 0.00820576 0.0466899 0.776874 89
0 0.529901 0.0474677 0.00845998 0.0374356 0.393044 102
0 0.762972 0.115921 0.00942427 0.0452781 0.525881 22
0 0.0306326 0.299835 0.022644 0.0618649 0.820748 124
0 0.797919 0.14162 0.0138669 0.0486769 0.491093 56
0 0.585387 0.163373 0.0129526 0.0517427 0.780724 8
0 0.173716 0.121064 0.0145749 0.0533428 0.513224 115
0 0.184393 0.102906 0.0135168 0.0587183 0.486594 127
0 0.845198 0.168876 0.019639 0.0494987 0.414881 38
0 0.695643 0.147909 0.0112667 0.0486117 0.712071 126
0 0.706762 0.131256 0.00942809 0.0227397 0.413116 131
