0 0.531724 0.652878 0.030576 0.0987405 0.864449 4
0 0.117126 0.205155 0.0149116 0.0526791 0.660439 124
0 0.46139 0.0817282 0.00785526 0.041253 0.639522 89
0 0.483311 0.192468 0.0108912 0.0532787 0.8097 88
0 0.795952 0.143664 0.0116126 0.0503667 0.780805 132
0 0.497237 0.0758496 0.00955702 0.0424613 0.604944 56
0 0.435679 0.0795356 0.00708752 0.0374625 0.394182 126
0 0.652383 0.112713 0.012638 0.0456989 0.757892 136
0 0.686067 0.10061 0.0100098 0.0440571 0.449052 3
0 0.413991 0.0783156 0.0079038 0.039888 0.387525 109
