0 0.478925 0.82891 0.0299748 0.11009 0.863402 4
0 0.283455 0.358317 0.0152836 0.0738613 0.812007 38
0 0.262105 0.193629 0.0122587 0.05363 0.75152 20
0 0.555818 0.187015 0.00944017 0.05402 0.761296 8
0 0.753964 0.226559 0.0145339 0.0572962 0.739454 22
0 0.554745 0.361967 0.0155553 0.0721299 0.730886 88
0 0.613849 0.117917 0.0109383 0.0451298 0.783177 63
0 0.569197 0.307615 0.0184451 0.0620304 0.814385 3
0 0.71714 0.206086 0.0154722 0.0509692 0.763765 41
0 0.401595 0.222566 0.0141773 0.0588873 0.686509 70
0 0.161543 0.115075 0.0142242 0.0463304 0.456018 64
0 0.519711 0.045436 0.00850414 0.0359821 0.482764 75
0 0.392458 0.125369 0.00808627 0.041358 0.712076 72
0 0.016834 0.297475 0.0270693 0.0662558 0.685485 93
0 0.526604 0.114111 0.0115406 0.0446064 0.720582 56
0 0.508461 0.12578 0.00920134 0.0439254 0.742476 89
0 0.502403 0.180143 0.0102844 0.0439492 0.393667 71
