0 0.495524 0.794108 0.0258734 0.107659 0.863136 4
0 0.0935084 0.238617 0.0184443 0.0575578 0.776208 93
0 0.605199 0.281593 0.0152232 0.0628126 0.825831 38
0 0.443814 0.255325 0.0146674 0.0576821 0.545723 3
0 0.436071 0.267301 0.0141509 0.0604963 0.615219 88
0 0.144983 0.132472 0.0108632 0.0623929 0.536893 64
0 0.316827 0.119947 0.0108472 0.0430954 0.755826 110
0 0.646229 0.159962 0.0104291 0.0488284 0.704804 71
0 0.584584 0.174483 0.0144438 0.0510202 0.809561 22
0 0.419586 0.132871 0.00707788 0.0454641 0.749493 89
0 0.523859 0.179288 0.0111405 0.0495593 0.59463 41
0 0.176707 0.112641 0.0127561 0.0443562 0.311517 111
0 0.524899 0.120489 0.0092666 0.0557296 0.278132 56
0 0.663078 0.0972728 0.0110787 0.0464533 0.617379 109
0 0.167953 0.12248 0.0121335 0.0494364 0.381441 115
0 0.497089 0.123821 0.00945714 0.0475354 0.608302 8
0 0.401852 0.225012 0.0101017 0.057 0.330986 20
