0 0.531225 0.653412 0.0305752 0.0989565 0.868164 4
0 0.11727 0.207365 0.0154129 0.0515314 0.655742 124
0 0.46172 0.0830208 0.00891339 0.0431766 0.659467 89
0 0.414892 0.0699839 0.00744708 0.0311883 0.471727 109
0 0.481672 0.192761 0.0100138 0.0520266 0.828441 88
0 0.425412 0.0887118 0.0100228 0.0401637 0.468706 41
0 0.167339 0.121428 0.0155117 0.056455 0.308797 111
0 0.797445 0.147515 0.0121958 0.0510121 0.79864 132
0 0.234749 0.0402901 0.00850037 0.0374679 0.293625 135
0 0.488969 0.0765621 0.00844796 0.0408904 0.390273 56
0 0.684032 0.102654 0.0144203 0.0483634 0.751145 3
0 0.477785 0.0810172 0.00796665 0.0381995 0.416729 131
