0 0.500125 0.690123 0.0244184 0.100368 0.825337 4
0 0.803794 0.177903 0.0124069 0.0549635 0.558662 38
0 0.633599 0.230179 0.0163088 0.0587505 0.814261 3
0 0.519202 0.258317 0.0133369 0.0596697 0.785365 11
0 0.53561 0.0766995 0.00955375 0.0397059 0.696323 6
0 0.477577 0.0861904 0.0090764 0.0391635 0.612532 55
0 0.346866 0.0808509 0.00682758 0.0387351 0.658389 1
0 0.729961 0.109745 0.0103296 0.044603 0.686705 56
0 0.75687 0.0882944 0.0105588 0.0436152 0.630247 41
0 0.595433 0.162018 0.0109652 0.0538429 0.759998 13
0 0.581563 0.16063 0.00921637 0.0544246 0.736455 8
