0 0.520692 0.523069 0.0236295 0.082838 0.8539 1
0 0.780895 0.567746 0.0266653 0.0914821 0.86493 2
0 0.555065 0.831731 0.0228031 0.0667293 0.757423 4
0 0.842483 0.365395 0.025114 0.0719011 0.84475 6
0 0.644233 0.376068 0.014761 0.0768236 0.784478 7
0 0.620731 0.286068 0.0140628 0.0616563 0.814976 10
0 0.602762 0.581484 0.0190557 0.0856393 0.688051 11
0 0.62016 0.560768 0.0181485 0.0921397 0.764081 3
0 0.3901 0.248788 0.0104721 0.0563706 0.709771 5
0 0.924126 0.285271 0.0203377 0.0581217 0.624417 8
0 0.15427 0.128215 0.0163186 0.0531897 0.650331 23
0 0.978116 0.538794 0.0303116 0.0899004 0.827719 20
0 0.671815 0.224476 0.0148893 0.0554658 0.79262 13
0 0.304011 0.0453614 0.00825898 0.03093 0.349828 22
