0 0.529568 0.651241 0.0306447 0.0974627 0.867094 4
0 0.115346 0.20482 0.0146603 0.0530529 0.595058 124
0 0.520239 0.200881 0.0114884 0.0525067 0.742825 88
0 0.16524 0.116448 0.0157441 0.0607115 0.288798 127
0 0.683018 0.101003 0.00646667 0.0437722 0.713664 3
0 0.00892652 0.288035 0.0174289 0.0615009 0.795203 140
0 0.744702 0.16151 0.0106077 0.0502632 0.816388 132
0 0.563598 0.0745213 0.00804176 0.038288 0.698536 89
0 0.407925 0.0842731 0.0104279 0.0585476 0.524208 137
0 0.455677 0.076566 0.00709101 0.041215 0.755511 126
0 0.531256 0.0677452 0.0094869 0.0362909 0.635728 20
0 0.512218 0.0410469 0.00808452 0.0436312 0.428332 22
