0 0.514348 0.812404 0.0296844 0.108862 0.844684 4
0 0.825415 0.178678 0.0141297 0.0461028 0.614424 38
0 0.837275 0.15546 0.0133738 0.0452802 0.350664 71
0 0.688992 0.284426 0.0206656 0.0594697 0.805288 88
0 0.160121 0.12148 0.0156385 0.0604512 0.556227 64
0 0.73525 0.266414 0.0171601 0.0643303 0.805254 3
0 0.520572 0.0455588 0.0104388 0.0396484 0.451395 102
0 0.387875 0.218653 0.0106051 0.052411 0.817778 20
0 0.559595 0.165778 0.0116189 0.0448314 0.687764 126
0 0.539883 0.18872 0.0142158 0.0524646 0.708338 41
0 0.18334 0.09828 0.0136627 0.0647947 0.456208 127
0 0.490582 0.172148 0.0107905 0.0514397 0.749292 8
0 0.472202 0.13754 0.00964543 0.0468661 0.487439 89
0 0.695272 0.165492 0.0141798 0.0504662 0.685369 56
0 0.637792 0.148285 0.0106784 0.0528772 0.771954 109
0 0.709647 0.107191 0.0151177 0.0444037 0.542059 22
0 0.508515 0.101393 0.00844901 0.039686 0.511388 110
0 0.174038 0.119281 0.0143835 0.0510208 0.373048 115
0 0.184124 0.106305 0.0116648 0.0525018 0.386087 111
