0 0.442303 0.72666 0.0250166 0.104958 0.860677 4
0 0.271396 0.232511 0.0130918 0.0546026 0.622468 38
0 0.369018 0.278425 0.0126455 0.0612769 0.777154 88
0 0.00950231 0.305345 0.0190046 0.0677097 0.712669 93
0 0.50552 0.171993 0.0103271 0.0543219 0.663161 70
0 0.326788 0.083763 0.012999 0.0412405 0.2818 56
0 0.409118 0.131903 0.010725 0.0464787 0.725883 71
0 0.503249 0.222624 0.0115788 0.0574754 0.70644 3
0 0.164154 0.118183 0.0125997 0.0555402 0.337728 64
0 0.570974 0.168553 0.0124507 0.0524968 0.76022 8
0 0.538276 0.124408 0.0103052 0.0456441 0.630223 41
0 0.493093 0.0434159 0.00750669 0.0345496 0.388094 75
0 0.730564 0.116885 0.0118266 0.0463069 0.7223 22
0 0.277336 0.0863765 0.00931164 0.0383225 0.302678 89
0 0.303691 0.114511 0.0088247 0.0434862 0.602752 72
0 0.543777 0.0895119 0.00816841 0.0428447 0.482206 63
0 0.267347 0.179894 0.0121292 0.0469939 0.452493 20
