0 0.127813 0.589722 0.0327085 0.0927932 0.87763 4
0 0.0630789 0.247216 0.0193069 0.0610393 0.770312 124
0 0.230807 0.308488 0.0161846 0.060644 0.770144 88
0 0.294264 0.18194 0.00979121 0.0515649 0.702758 162
0 0.497202 0.217187 0.0130943 0.0528139 0.721948 3
0 0.424096 0.118864 0.0115059 0.0472682 0.396061 150
0 0.671124 0.231355 0.017783 0.0539638 0.827926 132
0 0.184845 0.0940412 0.0145437 0.0732063 0.279514 156
0 0.506208 0.0461873 0.00841735 0.0368789 0.475505 171
0 0.305802 0.150404 0.0120615 0.0433897 0.758915 137
0 0.511645 0.112618 0.00862471 0.0406953 0.753114 170
0 0.565273 0.148359 0.010562 0.0505687 0.735753 165
0 0.356968 0.0749098 0.0112342 0.0343283 0.268595 22
0 0.353157 0.110652 0.00938126 0.0380168 0.564743 172
0 0.333287 0.0733151 0.0106209 0.037818 0.38359 109
0 0.401777 0.111574 0.010602 0.0432458 0.530254 20
