0 0.386503 0.751563 0.0265681 0.104166 0.852187 4
0 0.646998 0.267067 0.0150091 0.0606196 0.831075 38
0 0.34889 0.276486 0.0132439 0.0599485 0.583514 3
0 0.295878 0.370769 0.0176212 0.0673906 0.747243 11
0 0.416258 0.207962 0.0105151 0.0540044 0.706123 8
0 0.0805017 0.234475 0.0200009 0.054185 0.709287 1
0 0.49099 0.0537888 0.00885776 0.0359904 0.270596 22
0 0.221578 0.213685 0.0137722 0.055107 0.699409 20
0 0.207079 0.166833 0.011965 0.0449592 0.532931 55
0 0.360044 0.179764 0.0115798 0.046768 0.600275 56
0 0.182484 0.232264 0.0153169 0.0561451 0.652825 13
0 0.389794 0.175621 0.00977936 0.0469854 0.625161 7
0 0.120679 0.158186 0.0165139 0.0628013 0.397086 39
0 0.33547 0.141379 0.0117942 0.0479236 0.44669 6
0 0.520898 0.144755 0.00884743 0.0492833 0.722494 41
0 0.217215 0.160335 0.0109837 0.0474102 0.552392 5
