0 0.433072 0.70939 0.0269105 0.103037 0.871015 4
0 0.31227 0.199365 0.012942 0.054169 0.776644 38
0 0.378741 0.254506 0.0197998 0.0592921 0.833094 88
0 0.0307479 0.282335 0.0231862 0.0566447 0.80784 93
0 0.316371 0.12209 0.0100872 0.0454344 0.689396 71
0 0.472461 0.194937 0.0130546 0.0572609 0.745395 3
0 0.210605 0.143768 0.00816032 0.0476724 0.472149 20
0 0.279609 0.101555 0.0108644 0.0454116 0.607409 56
0 0.681395 0.0921796 0.0074749 0.040824 0.67169 22
0 0.457816 0.0975268 0.00871236 0.0449091 0.68497 63
0 0.164725 0.117476 0.0122088 0.049063 0.387183 64
0 0.455874 0.147043 0.00957712 0.0473059 0.702998 8
0 0.236567 0.116495 0.00972212 0.0447524 0.623159 89
0 0.397163 0.0838737 0.00974627 0.0329842 0.465672 72
0 0.535652 0.0773365 0.00893618 0.0391286 0.679859 41
