0 0.402317 0.899412 0.0330368 0.11428 0.849126 4
0 0.10256 0.573599 0.0325763 0.0872643 0.775248 38
0 0.626092 0.219787 0.0131709 0.0614388 0.70465 8
0 0.549903 0.218498 0.0117606 0.0571403 0.367089 22
0 0.245221 0.371024 0.0246716 0.0714239 0.85465 20
0 0.314108 0.171798 0.0160712 0.0455032 0.761827 70
0 0.455771 0.210179 0.0117443 0.0567269 0.756732 73
0 0.350858 0.257969 0.0278661 0.061927 0.804508 71
0 0.327474 0.413893 0.0160346 0.0780876 0.763997 3
0 0.587901 0.138908 0.0103863 0.0525465 0.772711 63
0 0.503609 0.336204 0.0152712 0.0620953 0.771959 11
0 0.375847 0.148509 0.0159981 0.0446619 0.648588 72
0 0.488367 0.135051 0.0109264 0.0470993 0.740497 56
0 0.543435 0.222884 0.0121765 0.0584323 0.576591 41
