0 0.530736 0.652895 0.0307878 0.0987816 0.86688 4
0 0.115981 0.205608 0.01528 0.0519313 0.57114 124
0 0.513364 0.198813 0.0102915 0.0544027 0.766065 88
0 0.781643 0.134158 0.0162195 0.0385247 0.747479 132
0 0.402905 0.0940214 0.0107343 0.0457512 0.692756 136
0 0.52246 0.074573 0.0109096 0.0424829 0.357535 22
0 0.165349 0.119125 0.0173618 0.0584143 0.362089 127
0 0.415842 0.0705737 0.0101642 0.0331983 0.642905 109
0 0.68981 0.101415 0.00943241 0.0423003 0.669265 3
0 0.486243 0.0677984 0.00954339 0.0417068 0.596094 89
0 0.473301 0.0847721 0.013854 0.0387431 0.607964 20
