0 0.529519 0.658167 0.031678 0.101079 0.868844 4
0 0.564603 0.209622 0.0113206 0.0547454 0.732227 88
0 0.0895675 0.229677 0.0155991 0.0558103 0.781737 124
0 0.740313 0.139391 0.0138454 0.0494677 0.743668 8
0 0.800686 0.142362 0.0124502 0.0477364 0.625017 132
0 0.621493 0.09661 0.0114033 0.0442493 0.45879 22
0 0.56964 0.10273 0.00932121 0.0426839 0.562967 56
0 0.47366 0.0871875 0.00977443 0.0384443 0.341511 110
0 0.69451 0.113019 0.00864506 0.0438938 0.61591 3
0 0.186248 0.108109 0.0113622 0.0454958 0.33272 111
0 0.463765 0.0919124 0.00833569 0.0386512 0.568319 89
0 0.666566 0.108992 0.0132807 0.0436455 0.541509 131
0 0.397053 0.0835765 0.00815134 0.0377627 0.45166 20
0 0.520501 0.144798 0.0124563 0.0484941 0.756283 41
0 0.446653 0.077241 0.00990957 0.0403995 0.427722 109
