0 0.286188 0.359485 0.0238777 0.0662065 0.803918 1
0 0.456824 0.825667 0.031621 0.108223 0.859487 4
0 0.516671 0.309591 0.0125301 0.0648728 0.799425 7
0 0.330075 0.243611 0.0194439 0.0556025 0.369851 10
0 0.383101 0.475129 0.0230863 0.084646 0.694814 11
0 0.818238 0.211951 0.015605 0.0535807 0.721424 8
0 0.154388 0.12115 0.0163883 0.0561107 0.497658 31
0 0.615847 0.272244 0.0150512 0.0617107 0.786493 20
0 0.688024 0.269748 0.017367 0.0628483 0.781492 34
0 0.901286 0.295811 0.0217906 0.0703697 0.810243 41
0 0.591757 0.319226 0.0157749 0.0643221 0.757134 38
0 0.653134 0.1831 0.0122133 0.0494713 0.615345 6
0 0.210168 0.206191 0.0141848 0.0447941 0.649473 5
0 0.390467 0.460291 0.0182228 0.0792638 0.694223 3
0 0.59454 0.201538 0.0151508 0.0532434 0.696892 13
