0 0.509934 0.832636 0.0269388 0.11381 0.84096 4
0 0.822064 0.170556 0.0164517 0.0422562 0.464896 38
0 0.717208 0.28096 0.0155766 0.0627467 0.786606 88
0 0.159602 0.11945 0.0162127 0.0621273 0.513897 64
0 0.748454 0.252918 0.0142668 0.0625529 0.767199 3
0 0.521513 0.0448496 0.00974782 0.0399708 0.386399 102
0 0.396124 0.225592 0.0113946 0.058282 0.775758 20
0 0.588053 0.179572 0.0140299 0.0452564 0.754479 126
0 0.56651 0.194404 0.0154923 0.0539108 0.797709 41
0 0.497805 0.177033 0.0105113 0.054119 0.575493 8
0 0.724721 0.15672 0.0141748 0.05069 0.599572 56
0 0.644159 0.141175 0.00898266 0.0495679 0.765921 109
0 0.722187 0.102279 0.0121927 0.0428493 0.433547 22
0 0.48437 0.134349 0.00837517 0.0453185 0.522994 89
0 0.184165 0.0966391 0.0137027 0.0692596 0.441351 127
