0 0.469463 0.78021 0.0316911 0.108004 0.875671 4
0 0.330624 0.269849 0.0150628 0.0628399 0.789157 38
0 0.784477 0.133882 0.00922775 0.0467879 0.631428 22
0 0.438138 0.331002 0.0143052 0.0668447 0.773388 88
0 0.565445 0.264868 0.0138958 0.0651295 0.778135 3
0 0.0150781 0.302714 0.0194077 0.0643721 0.827593 93
0 0.23556 0.173327 0.0101715 0.0545822 0.714873 20
0 0.162438 0.113782 0.0166812 0.0608313 0.485382 64
0 0.624166 0.10456 0.0104986 0.0435246 0.563198 63
0 0.530008 0.213637 0.0155143 0.05333 0.580842 70
0 0.588074 0.163126 0.014893 0.0725981 0.7524 41
0 0.14728 0.119818 0.013883 0.0649721 0.432124 11
0 0.490041 0.11637 0.0109656 0.04164 0.63846 56
0 0.36325 0.129046 0.0114124 0.0376553 0.680962 72
0 0.516349 0.0460929 0.0087834 0.0362871 0.260711 75
0 0.467399 0.132884 0.0111816 0.0415044 0.735535 89
0 0.522024 0.191547 0.0120057 0.0447355 0.426883 71
