0 0.433087 0.709222 0.0270425 0.104147 0.867258 4
0 0.308959 0.200669 0.0120759 0.0553277 0.764906 38
0 0.373377 0.252101 0.0149884 0.0585882 0.780063 88
0 0.0294348 0.281775 0.0245524 0.0586157 0.82637 93
0 0.313948 0.123021 0.011554 0.0438648 0.632398 71
0 0.470877 0.195644 0.0140936 0.0560799 0.779961 3
0 0.209701 0.143436 0.0109708 0.0491695 0.522826 20
0 0.413602 0.10233 0.0114994 0.043919 0.675188 70
0 0.274551 0.101893 0.010696 0.0432436 0.492256 56
0 0.680262 0.0920387 0.00667273 0.0413566 0.630812 22
0 0.460102 0.0973128 0.00873674 0.042526 0.411409 63
0 0.164811 0.11821 0.0120988 0.0487088 0.335327 64
0 0.456563 0.145938 0.0104514 0.0488881 0.707782 8
0 0.496793 0.0385368 0.00990213 0.0402293 0.289166 75
0 0.238322 0.115274 0.00908925 0.044732 0.46587 89
0 0.390922 0.0829107 0.0119349 0.0371094 0.395837 72
0 0.529164 0.076622 0.0123367 0.0388866 0.750847 41
