0 0.403603 0.904942 0.0317032 0.114355 0.839526 4
0 0.0427512 0.59792 0.0237549 0.0862503 0.858176 38
0 0.0731635 0.338466 0.0176586 0.0681296 0.755819 20
0 0.121641 0.205255 0.0146658 0.0592387 0.800889 70
0 0.439696 0.184554 0.010471 0.0553791 0.706632 73
0 0.2802 0.220402 0.0167601 0.0545148 0.785005 71
0 0.345961 0.40071 0.0203712 0.0775896 0.841338 3
0 0.54821 0.148422 0.0180237 0.0537661 0.745581 63
0 0.442768 0.415421 0.0230181 0.0734674 0.810856 11
0 0.229189 0.186194 0.0157842 0.0476608 0.755937 72
0 0.459688 0.212778 0.0116126 0.0576653 0.719087 41
0 0.562341 0.2362 0.0128421 0.0606085 0.776382 8
0 0.409865 0.153212 0.00889578 0.052325 0.639744 56
0 0.159676 0.117583 0.014072 0.0477062 0.265923 64
0 0.515189 0.034647 0.0110953 0.0505201 0.335418 75
0 0.689241 0.221295 0.0121367 0.0568936 0.768118 22
