0 0.528695 0.654938 0.0307926 0.0994775 0.851142 4
0 0.594632 0.208124 0.0145807 0.0532047 0.785627 88
0 0.547708 0.148917 0.0100545 0.049283 0.447811 41
0 0.490627 0.0803482 0.0115483 0.0422584 0.429878 109
0 0.459649 0.0948566 0.00817639 0.0417814 0.617967 89
0 0.0836596 0.238246 0.0185781 0.0589803 0.796446 124
0 0.711441 0.141375 0.0144417 0.0500887 0.621436 8
0 0.404402 0.0921431 0.00951907 0.0403947 0.664232 20
0 0.178571 0.114187 0.0154988 0.0505706 0.30509 111
0 0.824278 0.149983 0.0136053 0.0498267 0.504997 132
0 0.603336 0.0806286 0.0100725 0.0410806 0.53649 56
0 0.478035 0.0858472 0.00870943 0.035489 0.422101 110
0 0.68833 0.11636 0.00927099 0.0438146 0.450366 131
0 0.167612 0.112714 0.0116035 0.0490162 0.27553 115
0 0.698151 0.118383 0.010777 0.0456834 0.403936 3
0 0.59534 0.105292 0.0105741 0.0389354 0.648976 126
0 0.646438 0.0971531 0.0148497 0.044402 0.650521 22
