0 0.497659 0.757458 0.027918 0.10467 0.843328 4
0 0.11615 0.205292 0.0146791 0.052427 0.597582 124
0 0.523314 0.210996 0.0146874 0.0545425 0.758619 88
0 0.721156 0.214763 0.0166056 0.0538687 0.79948 132
0 0.179371 0.112121 0.0128848 0.0500316 0.495724 111
0 0.481123 0.0808196 0.00968571 0.0416352 0.441193 89
0 0.499171 0.0938908 0.0126305 0.044243 0.587121 136
0 0.481302 0.087436 0.0101314 0.0549527 0.381497 126
0 0.528447 0.0634534 0.0111225 0.0411984 0.351728 109
0 0.541146 0.0433722 0.010188 0.0487636 0.427247 22
0 0.476568 0.095975 0.0105694 0.042623 0.307633 142
0 0.624471 0.155867 0.0120967 0.0510322 0.460816 3
