0 0.517811 0.482121 0.0162752 0.0800834 0.743242 1
0 0.733386 0.551788 0.0207434 0.0843722 0.822552 2
0 0.558074 0.508739 0.0154121 0.0548123 0.556209 3
0 0.49679 0.883318 0.0331471 0.117338 0.847161 4
0 0.370642 0.221307 0.0100792 0.0482902 0.794639 5
0 0.719318 0.409751 0.0182912 0.0801351 0.747235 6
0 0.604607 0.375751 0.012279 0.0754523 0.775864 7
0 0.661982 0.256667 0.0157792 0.0605532 0.786656 8
0 0.556753 0.564363 0.0212903 0.0810653 0.713874 11
0 0.798162 0.374293 0.0236423 0.0737933 0.815212 12
0 0.883983 0.263987 0.0224613 0.065427 0.793595 14
0 0.736542 0.379841 0.0180827 0.0731369 0.70385 20
0 0.614633 0.194501 0.0158101 0.053604 0.792993 13
0 0.490576 0.0512435 0.00921469 0.0412385 0.402148 16
0 0.581092 0.244455 0.0139062 0.057101 0.712868 10
