0 0.530011 0.651243 0.0305667 0.0966404 0.864707 4
0 0.115468 0.204858 0.0148816 0.0528265 0.618936 124
0 0.521328 0.200972 0.0117504 0.0532874 0.745927 88
0 0.164961 0.117183 0.0159258 0.0599008 0.378175 127
0 0.681855 0.101743 0.00804405 0.0431396 0.733773 3
0 0.01285 0.287962 0.0215563 0.0604378 0.824578 140
0 0.738553 0.164526 0.012607 0.0507955 0.818789 132
0 0.563513 0.0778367 0.00782515 0.0375088 0.756107 89
0 0.457949 0.0776815 0.00837584 0.0406186 0.690432 126
0 0.533196 0.0665033 0.0102426 0.0375481 0.581781 20
0 0.510243 0.0418168 0.00910002 0.0399639 0.465241 22
0 0.179648 0.0912183 0.0200246 0.0756391 0.354654 111
0 0.544816 0.0630483 0.00981185 0.0310562 0.518924 56
0 0.478674 0.0547333 0.00985562 0.0354353 0.49153 109
0 0.41229 0.0845692 0.00981852 0.058898 0.752632 137
