0 0.531934 0.653075 0.0304838 0.0992762 0.867806 4
0 0.117177 0.20548 0.0150935 0.0523633 0.632714 124
0 0.461475 0.0819647 0.00786943 0.0412168 0.645097 89
0 0.482282 0.192429 0.00989895 0.0519843 0.813863 88
0 0.795961 0.143838 0.0118079 0.0508204 0.780504 132
0 0.496879 0.076941 0.00822802 0.0395113 0.519586 56
0 0.437684 0.0789899 0.00731773 0.0376054 0.525384 126
0 0.662989 0.112789 0.0109907 0.044404 0.75798 136
0 0.405849 0.0796038 0.00991532 0.0428722 0.320118 20
0 0.686438 0.101207 0.00847753 0.0450698 0.503842 3
