0 0.40445 0.88304 0.0280616 0.117936 0.759806 4
0 0.16442 0.11267 0.0158482 0.0567911 0.616284 64
0 0.410457 0.428399 0.027142 0.0663024 0.75449 38
0 0.664158 0.172493 0.0112359 0.0537535 0.769283 8
0 0.502446 0.114928 0.00985438 0.0465182 0.649472 56
0 0.579166 0.188754 0.0123605 0.0541417 0.774664 22
0 0.299 0.279825 0.0170667 0.0626583 0.770738 20
0 0.335972 0.133071 0.0095383 0.0448779 0.738804 70
0 0.473985 0.190247 0.0121687 0.0531955 0.557705 73
0 0.355747 0.202459 0.0136899 0.054573 0.771237 71
0 0.400555 0.388405 0.0225754 0.0528811 0.331143 3
0 0.593941 0.117881 0.01073 0.0484153 0.729489 63
0 0.541019 0.18044 0.0102186 0.0538885 0.703584 41
0 0.507495 0.333572 0.0210633 0.0387694 0.660368 11
0 0.397087 0.130752 0.0114151 0.0419759 0.624429 72
