0 0.0502492 0.259616 0.0181208 0.0545787 0.708984 1
0 0.377266 0.744762 0.0270688 0.104837 0.84287 4
0 0.374001 0.228362 0.012982 0.0614308 0.472739 7
0 0.300425 0.398519 0.0149558 0.0471214 0.52442 11
0 0.418207 0.186825 0.0140202 0.0562101 0.689391 20
0 0.666724 0.179444 0.0156595 0.0526391 0.766458 41
0 0.496697 0.319731 0.0176442 0.0667592 0.831327 38
0 0.35748 0.344352 0.0158125 0.0697364 0.818672 3
0 0.213251 0.167218 0.0104452 0.048182 0.682386 5
0 0.555839 0.204086 0.0156507 0.053047 0.766258 34
0 0.131746 0.141521 0.0176367 0.0564727 0.564242 39
0 0.156452 0.121856 0.0153936 0.0499096 0.38282 31
0 0.511014 0.179432 0.0153993 0.050848 0.736726 8
0 0.392691 0.178554 0.00960887 0.0518808 0.781199 13
0 0.839873 0.135039 0.0121943 0.0536377 0.321719 52
0 0.420127 0.142447 0.00918071 0.0394384 0.536557 6
