0 0.216031 0.576005 0.0372632 0.0932818 0.829343 4
0 0.0505106 0.257758 0.0178668 0.0601725 0.7389 124
0 0.182617 0.343249 0.021994 0.0666441 0.820699 88
0 0.292984 0.191487 0.0120822 0.0553435 0.725 162
0 0.503326 0.242176 0.0176948 0.0513768 0.749324 3
0 0.725741 0.259866 0.0170586 0.0613876 0.670042 132
0 0.185202 0.0932959 0.0147125 0.074211 0.356459 156
0 0.506179 0.0414157 0.00841811 0.0404355 0.433988 171
0 0.364933 0.126028 0.0100306 0.042699 0.555112 172
0 0.415438 0.122901 0.00974004 0.045565 0.680027 20
0 0.428877 0.13739 0.00990632 0.0458176 0.70803 150
0 0.277425 0.170509 0.0118332 0.0495974 0.651992 137
0 0.355867 0.0802505 0.0124487 0.0419818 0.519988 109
0 0.526035 0.12688 0.0106448 0.044902 0.612943 170
0 0.372982 0.0949018 0.0107039 0.032129 0.349521 168
