0 0.527372 0.723175 0.0280613 0.103703 0.840698 4
0 0.678752 0.231452 0.0146522 0.0572718 0.770169 88
0 0.722904 0.188783 0.0114847 0.0538395 0.671331 3
0 0.632642 0.162243 0.0110653 0.0508114 0.65256 41
0 0.580118 0.093005 0.0126014 0.0422632 0.654707 109
0 0.427066 0.156998 0.00950079 0.0456263 0.400043 20
0 0.482313 0.117311 0.00929435 0.0455054 0.757126 89
0 0.0472735 0.280106 0.016994 0.0586366 0.76407 124
0 0.622683 0.154877 0.0126392 0.0522201 0.489596 8
0 0.171237 0.121705 0.0124507 0.0511427 0.432615 115
0 0.677029 0.12881 0.0100856 0.046064 0.434536 126
0 0.704152 0.128864 0.0134578 0.0259911 0.529165 131
0 0.520296 0.0989771 0.0103596 0.0387931 0.651234 110
0 0.529019 0.044495 0.00866114 0.0365934 0.421535 102
