0 0.489338 0.820895 0.0299935 0.10917 0.852536 4
0 0.282699 0.374528 0.0199789 0.0741405 0.835787 38
0 0.266562 0.199429 0.0125039 0.0518063 0.750649 20
0 0.491213 0.174173 0.0103424 0.0481744 0.672482 71
0 0.55871 0.18924 0.00948779 0.0569764 0.796949 8
0 0.768225 0.234534 0.0150874 0.059877 0.785001 22
0 0.566396 0.374548 0.0179033 0.0714855 0.798498 88
0 0.606529 0.115736 0.0112767 0.0438628 0.659923 63
0 0.551488 0.313275 0.0157897 0.0668063 0.781705 3
0 0.719151 0.208482 0.0148109 0.0548468 0.769839 41
0 0.378436 0.213334 0.0124027 0.0540338 0.784107 70
0 0.161996 0.116097 0.0142468 0.0472869 0.355758 64
0 0.521617 0.0446563 0.00894276 0.0357309 0.501866 75
0 0.389481 0.12592 0.00936263 0.0403754 0.711214 72
0 0.00784009 0.302878 0.0156345 0.0640379 0.812336 93
0 0.493598 0.121562 0.00895904 0.0416042 0.67277 89
0 0.511573 0.111334 0.0090251 0.0445893 0.705022 56
