0 0.419817 0.638277 0.0312182 0.0973087 0.867035 4
0 0.439579 0.199246 0.0117303 0.0518758 0.779562 11
0 0.076403 0.217579 0.0177439 0.0545194 0.707258 65
0 0.530661 0.0588398 0.0109783 0.0550816 0.713867 56
0 0.162883 0.115583 0.0118493 0.0561278 0.463719 64
0 0.452433 0.0500974 0.00826753 0.0342145 0.380467 20
0 0.493089 0.0691041 0.0107556 0.0424905 0.52999 22
0 0.637627 0.051609 0.00994663 0.0433299 0.491016 8
0 0.516508 0.189448 0.0147065 0.0723859 0.726361 5
0 0.507651 0.0711059 0.0127067 0.0405309 0.552621 63
0 0.154069 0.123102 0.0116275 0.0455497 0.419629 67
0 0.498499 0.0579674 0.0119754 0.0508044 0.316059 41
