0 0.50823 0.850873 0.0297084 0.111031 0.872132 4
0 0.717985 0.271214 0.0135459 0.0628297 0.777608 88
0 0.159273 0.11895 0.016703 0.0635767 0.472289 64
0 0.754237 0.246791 0.0142653 0.060458 0.775076 3
0 0.521436 0.0460729 0.00961088 0.0383152 0.352925 102
0 0.612019 0.188554 0.0175148 0.048578 0.817736 126
0 0.584497 0.199898 0.0176726 0.0568986 0.805361 41
0 0.50302 0.180498 0.0103851 0.0553347 0.732239 8
0 0.743833 0.155648 0.014888 0.0490703 0.641998 56
0 0.64751 0.13581 0.00978686 0.0505108 0.75559 109
0 0.728323 0.0998774 0.0101028 0.043651 0.524284 22
0 0.49131 0.133487 0.00963167 0.0452783 0.75097 89
0 0.183516 0.0941738 0.0147922 0.0746187 0.549229 127
0 0.516444 0.10252 0.00714792 0.0410653 0.556725 110
0 0.806078 0.1534 0.0143711 0.049253 0.452955 71
0 0.401621 0.230359 0.0118411 0.0589403 0.772019 20
