0 0.475009 0.572857 0.0223779 0.0928219 0.847495 4
0 0.112306 0.208628 0.0140796 0.0502756 0.670905 124
0 0.469301 0.186068 0.0139343 0.051151 0.751807 88
0 0.707455 0.0944249 0.00855986 0.0386059 0.714417 132
0 0.460704 0.0847773 0.00965481 0.0381693 0.653809 22
0 0.514255 0.116336 0.0137954 0.0386465 0.433092 162
0 0.670407 0.11103 0.0133125 0.045969 0.802814 3
0 0.363215 0.0670103 0.00983369 0.0320618 0.735016 154
0 0.540981 0.0534584 0.00972767 0.0412371 0.611569 137
0 0.171643 0.113024 0.0151614 0.0565114 0.406695 111
0 0.736573 0.0525502 0.011937 0.0371516 0.617531 165
