0 0.489625 0.51749 0.019899 0.0856168 0.823488 1
0 0.824162 0.56195 0.0307229 0.0874261 0.851618 2
0 0.537517 0.866037 0.0168139 0.110354 0.258405 4
0 0.779685 0.382566 0.0341808 0.0762284 0.851405 6
0 0.647704 0.378308 0.0124626 0.0727431 0.78068 7
0 0.672066 0.273978 0.0165675 0.0547571 0.76273 10
0 0.561559 0.577647 0.0233034 0.0761077 0.703692 11
0 0.560808 0.535493 0.0188312 0.0705914 0.599054 3
0 0.389428 0.249379 0.010213 0.0560323 0.733436 5
0 0.846842 0.273914 0.0256619 0.059512 0.800199 8
0 0.153833 0.130446 0.0158533 0.0494729 0.6175 23
0 0.960456 0.519506 0.0218375 0.0917046 0.567503 9
0 0.943939 0.523638 0.0261477 0.0848464 0.657938 20
0 0.674369 0.222659 0.0130161 0.0570641 0.444657 13
