0 0.420393 0.651134 0.0310005 0.0974597 0.869084 4
0 0.393183 0.217068 0.0138435 0.0547424 0.80105 11
0 0.0766046 0.218506 0.0172447 0.0515559 0.727121 65
0 0.643173 0.0519611 0.00880191 0.0412889 0.640693 8
0 0.490538 0.174776 0.0109844 0.0520802 0.735547 3
0 0.163241 0.114619 0.0124094 0.053587 0.623282 64
0 0.558488 0.0730377 0.00639852 0.0383745 0.570169 63
0 0.420119 0.066283 0.00994355 0.0381367 0.635032 41
0 0.546197 0.178781 0.0136344 0.0538637 0.779397 38
0 0.359873 0.0826486 0.0113376 0.0400123 0.614947 20
0 0.478449 0.0554148 0.00766913 0.038235 0.463918 22
0 0.386789 0.0636265 0.0101864 0.0349329 0.562709 71
0 0.545161 0.050144 0.00881716 0.0418222 0.358031 56
0 0.454909 0.0455914 0.00830094 0.0313972 0.375287 72
