0 0.420159 0.6391 0.031085 0.0945826 0.879328 4
0 0.417846 0.209688 0.0118745 0.0530666 0.785109 11
0 0.0771308 0.2182 0.0175731 0.0523314 0.740111 65
0 0.646359 0.0493977 0.00741336 0.0376062 0.622773 8
0 0.511951 0.182344 0.0143135 0.0619769 0.574341 3
0 0.161013 0.125228 0.0183173 0.0461955 0.308139 64
0 0.562591 0.0695528 0.00822913 0.0405839 0.735848 63
0 0.459271 0.0574164 0.0105258 0.0312412 0.626359 41
0 0.515431 0.186159 0.0144232 0.0532817 0.329926 5
0 0.518262 0.184975 0.00964778 0.0467266 0.354096 38
0 0.425294 0.0695782 0.0120627 0.0358757 0.582693 20
