0 0.454973 0.756991 0.028324 0.107086 0.874288 4
0 0.0993877 0.232106 0.0155487 0.0613708 0.751378 93
0 0.375943 0.201995 0.0124261 0.0522381 0.556482 20
0 0.583508 0.268625 0.0183896 0.061192 0.835307 38
0 0.493769 0.18037 0.00954707 0.0474126 0.582443 41
0 0.397684 0.12639 0.00905196 0.0446783 0.358989 89
0 0.44284 0.254602 0.0144541 0.0586467 0.638891 3
0 0.623317 0.136689 0.0106792 0.0439016 0.346171 71
0 0.434302 0.264991 0.0149321 0.0652042 0.72897 88
0 0.144992 0.131452 0.0113311 0.0623871 0.507626 64
0 0.332901 0.117648 0.00762615 0.0423628 0.697686 110
0 0.546832 0.152087 0.00885607 0.047523 0.660511 22
0 0.620864 0.0948167 0.0100286 0.0416849 0.453414 109
0 0.488351 0.112562 0.00959937 0.0447021 0.662309 8
0 0.49791 0.16548 0.0127165 0.0475827 0.337939 75
0 0.501333 0.109067 0.0112943 0.0425936 0.309529 56
