0 0.432181 0.700443 0.0313286 0.103672 0.849302 4
0 0.517281 0.214575 0.0225981 0.0475148 0.842592 11
0 0.072518 0.221091 0.0191427 0.0552806 0.744705 65
0 0.163188 0.113876 0.012089 0.0545736 0.649871 64
0 0.67717 0.14671 0.0146318 0.0411533 0.621019 38
0 0.694224 0.0762026 0.0102038 0.0412715 0.635787 8
0 0.507857 0.0996595 0.00856876 0.0387474 0.483436 56
0 0.454413 0.0740918 0.00767682 0.0314264 0.584781 72
0 0.556004 0.0800237 0.00896962 0.0426116 0.713157 63
0 0.543104 0.0890744 0.00805937 0.0396552 0.741663 73
0 0.593268 0.107004 0.0104687 0.0414019 0.609683 22
0 0.368109 0.0888142 0.00856969 0.0337858 0.712425 71
0 0.640025 0.152438 0.013675 0.0387453 0.681288 3
0 0.504549 0.0703861 0.00853446 0.0281993 0.352973 41
0 0.276564 0.137953 0.0124679 0.0417398 0.637055 20
