0 0.469716 0.781385 0.0321856 0.109229 0.870656 4
0 0.330511 0.259044 0.0140682 0.0602129 0.77612 38
0 0.798437 0.136921 0.0102881 0.0490821 0.457878 22
0 0.427161 0.31468 0.0133181 0.0646252 0.776558 88
0 0.564152 0.252491 0.0149271 0.0629162 0.772098 3
0 0.00829582 0.307622 0.0165916 0.0654319 0.676262 93
0 0.234165 0.176845 0.00990963 0.0509945 0.744167 20
0 0.163252 0.120308 0.0144674 0.0479325 0.323828 64
0 0.620307 0.103844 0.0119778 0.0429067 0.542507 63
0 0.530524 0.212059 0.0151169 0.0586061 0.778511 70
0 0.586567 0.142237 0.00971718 0.0501016 0.718277 41
0 0.470815 0.125709 0.0121977 0.0428913 0.651289 56
0 0.33932 0.14033 0.0149936 0.0407232 0.541116 72
0 0.609323 0.178983 0.0147442 0.0548493 0.766953 8
0 0.509703 0.179659 0.0111471 0.0523832 0.69751 71
0 0.513153 0.0460899 0.0100552 0.0402501 0.270041 75
0 0.44167 0.134418 0.0129555 0.0482181 0.567448 89
