0 0.433072 0.709409 0.0271003 0.10342 0.868626 4
0 0.310526 0.199945 0.0122053 0.0555336 0.761884 38
0 0.376855 0.253818 0.0184087 0.0587193 0.815599 88
0 0.0301536 0.282344 0.0240738 0.0569368 0.826266 93
0 0.314746 0.122865 0.0112287 0.0439533 0.704733 71
0 0.471617 0.194984 0.0137158 0.0573675 0.752269 3
0 0.210007 0.143207 0.00930068 0.0475207 0.459302 20
0 0.412019 0.101476 0.010263 0.0436438 0.607791 70
0 0.27712 0.101454 0.0104713 0.0452495 0.599302 56
0 0.680883 0.0923775 0.00664571 0.0412774 0.686817 22
0 0.458822 0.0978197 0.00903377 0.0455432 0.586484 63
0 0.164806 0.118042 0.0121243 0.0487339 0.359954 64
0 0.455993 0.147101 0.00992107 0.0469907 0.694283 8
0 0.23768 0.116718 0.00933153 0.0437944 0.581791 89
0 0.393854 0.0831598 0.0115552 0.0345172 0.514975 72
0 0.532322 0.0764386 0.00954278 0.0400735 0.699501 41
