0 0.529658 0.65247 0.0311161 0.0982715 0.863551 4
0 0.115862 0.205177 0.0162744 0.0538776 0.491113 124
0 0.513445 0.198757 0.0102635 0.0533786 0.797008 88
0 0.788057 0.141325 0.0121609 0.0507614 0.70477 132
0 0.41513 0.0729195 0.00984796 0.0378786 0.508205 109
0 0.165708 0.118879 0.0177824 0.0584784 0.3454 127
0 0.450255 0.100542 0.0131691 0.0428569 0.603426 136
0 0.179666 0.110633 0.0162587 0.0503743 0.331038 111
0 0.438759 0.0757203 0.00920807 0.0374104 0.485858 20
0 0.456633 0.069806 0.00759509 0.0333222 0.440016 126
0 0.520594 0.0791154 0.0109413 0.0413896 0.693747 22
0 0.503801 0.0754876 0.00725956 0.0393796 0.677247 56
0 0.466897 0.0812661 0.00770089 0.0326768 0.633169 89
0 0.532518 0.0405279 0.0091294 0.0352811 0.359136 102
