0 0.438152 0.710797 0.0291987 0.102336 0.840223 4
0 0.537667 0.220755 0.0159645 0.0485626 0.801719 11
0 0.0665451 0.226484 0.0154016 0.0549809 0.778868 65
0 0.163288 0.112599 0.012379 0.0557109 0.659736 64
0 0.666985 0.157447 0.013313 0.0423297 0.732891 38
0 0.693939 0.0794694 0.0102079 0.0410111 0.674689 8
0 0.508729 0.0913183 0.00938209 0.0673857 0.483124 56
0 0.45272 0.0783623 0.00850277 0.0363124 0.255605 72
0 0.556228 0.0790402 0.00998713 0.0404835 0.594343 63
0 0.544252 0.0949584 0.00819111 0.0373635 0.651028 73
0 0.591104 0.110294 0.00989431 0.039997 0.67174 22
0 0.375238 0.0912731 0.0101159 0.0378148 0.566388 71
0 0.640418 0.162885 0.0153292 0.0423502 0.666387 3
0 0.28348 0.143562 0.0093051 0.0386173 0.775549 20
0 0.33003 0.0698031 0.0103847 0.039427 0.699597 70
