0 0.491274 0.516388 0.0188838 0.0823978 0.819495 1
0 0.791258 0.557397 0.0210793 0.0840091 0.820138 2
0 0.49816 0.883989 0.0314104 0.115808 0.799855 4
0 0.728332 0.436084 0.0192125 0.0814664 0.80985 6
0 0.616126 0.374599 0.0141975 0.0714573 0.770205 7
0 0.741466 0.260574 0.0135836 0.0582178 0.713021 8
0 0.872945 0.433161 0.0254644 0.0738622 0.81561 12
0 0.836955 0.449082 0.0278088 0.0773476 0.839173 20
0 0.660429 0.216786 0.0130614 0.0577451 0.697935 13
0 0.648366 0.269048 0.0127483 0.0613713 0.65713 10
0 0.55771 0.570183 0.0164428 0.0771734 0.642478 11
0 0.548425 0.543212 0.0261134 0.0676046 0.712747 3
0 0.380298 0.243355 0.0100921 0.0541893 0.747828 5
0 0.211933 0.0620942 0.00984335 0.0416594 0.281484 22
