0 0.500584 0.656442 0.0270684 0.0961746 0.843235 4
0 0.118425 0.199266 0.0138252 0.0520855 0.762546 124
0 0.489093 0.1849 0.0098628 0.0519656 0.783883 88
0 0.158773 0.118589 0.0133012 0.0566313 0.553287 111
0 0.458492 0.0669619 0.00781527 0.0373827 0.594234 20
0 0.689821 0.0934388 0.00809002 0.0410354 0.629478 132
0 0.520131 0.0585098 0.0120391 0.043779 0.483708 109
0 0.618 0.15082 0.00907237 0.049352 0.749775 3
0 0.568095 0.0776748 0.0114494 0.042946 0.487123 126
0 0.605783 0.0577091 0.0114309 0.0352939 0.45102 137
0 0.546166 0.0917423 0.0103596 0.0399909 0.640061 22
0 0.427602 0.0647705 0.00836665 0.0391839 0.545416 136
