0 0.481545 0.572038 0.027574 0.0921916 0.878141 4
0 0.115233 0.207271 0.018967 0.0489254 0.649573 124
0 0.481863 0.185201 0.0142859 0.0514186 0.790127 88
0 0.181589 0.0939167 0.0117822 0.0710106 0.371464 156
0 0.17249 0.113285 0.0161135 0.0553031 0.338507 111
0 0.716596 0.0895057 0.00843983 0.038598 0.615046 132
0 0.476671 0.0853494 0.0122794 0.0389154 0.357138 22
0 0.522183 0.114854 0.0104688 0.0397263 0.378292 162
0 0.677544 0.110325 0.00997607 0.0454301 0.608162 3
0 0.389622 0.072741 0.0121393 0.0364277 0.663475 154
0 0.605919 0.0570591 0.00970408 0.0391601 0.525232 150
0 0.547789 0.0541065 0.00976047 0.042251 0.667314 137
0 0.416185 0.0524122 0.0158818 0.0407305 0.379509 109
