0 0.432379 0.711568 0.0267014 0.103922 0.875664 4
0 0.348015 0.194613 0.016248 0.0533039 0.78804 38
0 0.442097 0.255787 0.0161884 0.0586337 0.816632 88
0 0.0397671 0.273838 0.0228449 0.061219 0.749861 93
0 0.373404 0.119519 0.0120248 0.0455433 0.502617 71
0 0.237013 0.154148 0.0144869 0.049039 0.707894 20
0 0.697646 0.0855387 0.0118708 0.0400909 0.637132 22
0 0.461239 0.0878314 0.0114087 0.035896 0.528972 63
0 0.615299 0.0760954 0.0169736 0.0440112 0.370476 41
0 0.346531 0.0962026 0.0108495 0.0431248 0.403222 56
0 0.520914 0.0421743 0.00966266 0.0391926 0.311452 75
0 0.261429 0.088908 0.0110052 0.0411419 0.530035 89
0 0.50293 0.189295 0.0143516 0.0527507 0.77547 3
0 0.47511 0.0811468 0.00903228 0.0416542 0.446728 72
