0 0.511426 0.812706 0.0292583 0.114951 0.850169 4
0 0.801683 0.183597 0.0153282 0.050714 0.77366 38
0 0.828951 0.155421 0.0152783 0.0455616 0.68369 71
0 0.6505 0.283441 0.0232236 0.0549059 0.805557 88
0 0.161693 0.124368 0.0129289 0.0557135 0.539292 64
0 0.701929 0.267209 0.0208366 0.0636736 0.830374 3
0 0.520502 0.0464111 0.00982917 0.0391247 0.381814 102
0 0.382323 0.210449 0.00918093 0.0506624 0.800484 20
0 0.537239 0.157703 0.0105234 0.0414853 0.718032 126
0 0.5185 0.185475 0.0120658 0.0528443 0.763597 41
0 0.18312 0.094441 0.014384 0.0735646 0.302692 127
0 0.483799 0.168067 0.0106455 0.0525749 0.755921 8
0 0.184279 0.105725 0.0109376 0.0561534 0.304053 111
0 0.460864 0.141354 0.0134366 0.0471605 0.699517 89
0 0.661807 0.177129 0.0153769 0.0548424 0.77678 56
0 0.632394 0.157537 0.00874462 0.054412 0.736976 109
0 0.703016 0.109711 0.0104403 0.0470125 0.564949 22
0 0.503138 0.101201 0.00929718 0.0407373 0.500188 110
