0 0.442842 0.560698 0.0248426 0.0905801 0.868786 4
0 0.104588 0.211501 0.0194588 0.0531399 0.755556 124
0 0.421532 0.19425 0.0133882 0.0504638 0.738007 88
0 0.399296 0.0745109 0.0116384 0.0377046 0.360874 22
0 0.671967 0.114565 0.00993512 0.0424196 0.623049 132
0 0.179837 0.100105 0.0136524 0.0753848 0.38513 127
0 0.529589 0.0574718 0.00890287 0.0358269 0.536105 137
0 0.168759 0.111434 0.0135219 0.0532948 0.412818 111
0 0.430264 0.0516459 0.0107463 0.0349731 0.437698 20
0 0.303394 0.0473984 0.0127155 0.0378419 0.491192 109
0 0.566859 0.0760144 0.00975291 0.0409437 0.522836 150
0 0.695073 0.0621442 0.00747776 0.0345235 0.625256 165
0 0.472839 0.123336 0.0134929 0.0451514 0.762565 162
0 0.511906 0.059515 0.0100108 0.0362578 0.374874 153
