0 0.489499 0.794493 0.0352422 0.108263 0.870641 4
0 0.0693903 0.247962 0.0215008 0.0572899 0.776843 93
0 0.604313 0.289525 0.0158679 0.0633844 0.809926 38
0 0.442221 0.259013 0.0174906 0.0678681 0.682679 3
0 0.152262 0.134304 0.0119933 0.0477096 0.298686 64
0 0.317466 0.11968 0.0106922 0.0431991 0.777416 110
0 0.615259 0.168917 0.0142298 0.0484527 0.801475 22
0 0.52554 0.188747 0.0109275 0.0386185 0.47053 41
0 0.693179 0.0988174 0.00990492 0.0458336 0.630736 109
0 0.489431 0.136688 0.0105814 0.0485009 0.759504 8
0 0.412179 0.247487 0.012181 0.0593762 0.744489 20
0 0.672714 0.17814 0.0116175 0.0526778 0.683359 71
0 0.468137 0.0487592 0.00805047 0.0384199 0.526577 102
0 0.501171 0.183848 0.012127 0.0530077 0.454874 75
