0 0.520075 0.816101 0.064393 0.108799 0.899468 4
0 0.719853 0.249931 0.0129974 0.0577392 0.780504 88
0 0.160868 0.123296 0.0160773 0.0592078 0.611782 64
0 0.756736 0.244225 0.0125248 0.0621886 0.768193 3
0 0.674387 0.178394 0.0117515 0.0560495 0.523092 41
0 0.626633 0.105041 0.0105298 0.0431324 0.488347 109
0 0.541424 0.0949421 0.00706863 0.0362863 0.412826 110
0 0.421716 0.217337 0.0114125 0.0553244 0.755792 20
0 0.491731 0.128727 0.00611232 0.0446006 0.643158 89
0 0.530308 0.0481233 0.0091376 0.0378205 0.378093 102
0 0.703856 0.15456 0.0146843 0.0563633 0.565494 126
0 0.776048 0.114147 0.0118594 0.0460137 0.421526 22
0 0.0170674 0.30873 0.0199624 0.0655479 0.837919 124
0 0.809436 0.149565 0.020204 0.0691647 0.296192 56
0 0.566587 0.165914 0.0131519 0.0517855 0.744534 8
0 0.173824 0.119289 0.0149513 0.0557847 0.372998 115
0 0.1845 0.108934 0.0124949 0.05075 0.483406 111
