0 0.479311 0.70305 0.0250195 0.110101 0.840264 4
0 0.753163 0.217506 0.013043 0.0610547 0.703337 38
0 0.44984 0.244963 0.0188344 0.057129 0.717729 3
0 0.381081 0.346061 0.0140987 0.070168 0.801442 11
0 0.483223 0.167828 0.01081 0.0587681 0.776156 8
0 0.164043 0.167397 0.0117376 0.0515086 0.681422 1
0 0.353467 0.15419 0.0133336 0.0531316 0.739418 20
0 0.510734 0.105829 0.01486 0.0443181 0.561566 56
0 0.334943 0.18078 0.0127865 0.0567068 0.692337 13
0 0.534551 0.116172 0.0151638 0.047124 0.61018 7
0 0.620629 0.112921 0.0116993 0.0496659 0.754165 41
0 0.473887 0.0858565 0.0142747 0.0464039 0.547359 6
0 0.368158 0.100838 0.0109303 0.0453413 0.659823 55
