0 0.393509 0.460119 0.0201644 0.0807996 0.826575 1
0 0.734461 0.386548 0.0186944 0.0738465 0.696322 2
0 0.529098 0.818579 0.0308585 0.108377 0.85318 4
0 0.79346 0.258566 0.0195237 0.0593979 0.744755 6
0 0.601266 0.348455 0.0150139 0.0749084 0.798547 7
0 0.542324 0.270576 0.017799 0.0581041 0.825221 10
0 0.479441 0.525182 0.016061 0.0841092 0.799306 11
0 0.297187 0.246175 0.0118401 0.0557717 0.770255 5
0 0.878188 0.267975 0.0193804 0.0616117 0.745945 8
0 0.15375 0.129654 0.0143558 0.0503951 0.637668 31
0 0.454929 0.52307 0.0224372 0.0904465 0.817678 3
0 0.751648 0.361067 0.0185657 0.0729068 0.753062 20
0 0.847729 0.31859 0.0199401 0.0661268 0.631787 34
0 0.734277 0.21817 0.0232964 0.0479932 0.68669 13
0 0.136385 0.125822 0.0219576 0.078681 0.785966 23
