0 0.496341 0.658962 0.0311792 0.0968531 0.882291 4
0 0.114749 0.20671 0.0150167 0.0540641 0.627343 124
0 0.486914 0.180166 0.00913127 0.0489289 0.781117 88
0 0.628901 0.153111 0.0102999 0.0497591 0.778834 3
0 0.421499 0.0620667 0.00938098 0.0422289 0.583481 136
0 0.160658 0.121765 0.015093 0.0585218 0.52996 111
0 0.564786 0.0959396 0.00918884 0.043826 0.568352 22
0 0.536343 0.0678118 0.0080362 0.0390757 0.432566 150
0 0.629043 0.0603906 0.008063 0.0383304 0.346143 137
0 0.589254 0.0788611 0.0109589 0.0413657 0.441344 126
0 0.466465 0.0653991 0.00754404 0.0359289 0.583608 20
0 0.681136 0.0871524 0.00852769 0.0415732 0.781127 132
0 0.52072 0.0572615 0.00799205 0.0374916 0.526134 109
0 0.567289 0.0425676 0.00690378 0.0335269 0.254942 153
0 0.181269 0.109448 0.0135436 0.0514716 0.3338 127
0 0.482302 0.0442045 0.00820255 0.0335612 0.283038 154
