0 0.455282 0.755729 0.0293419 0.10624 0.84878 4
0 0.291209 0.247252 0.0139838 0.0597857 0.776888 38
0 0.387638 0.304268 0.0152492 0.0642867 0.749982 88
0 0.00740453 0.316838 0.0148091 0.0564661 0.794232 93
0 0.248303 0.185799 0.0136046 0.0521103 0.667636 20
0 0.532977 0.19055 0.0110475 0.0535261 0.646424 70
0 0.395734 0.109401 0.0141111 0.044615 0.703875 56
0 0.284144 0.154186 0.00989688 0.044421 0.716618 72
0 0.450948 0.159085 0.0125896 0.051293 0.629383 71
0 0.353301 0.110798 0.0128432 0.0400873 0.427753 89
0 0.557363 0.133875 0.00922139 0.0471509 0.644003 41
0 0.528429 0.235699 0.0120909 0.058219 0.736296 3
0 0.164529 0.118879 0.0134655 0.0517042 0.330046 64
0 0.505141 0.0460287 0.00876904 0.0370844 0.401231 75
0 0.587129 0.110705 0.0124072 0.0441761 0.4699 63
0 0.773281 0.127824 0.0135696 0.0479285 0.503742 22
