0 0.500816 0.657539 0.0277326 0.097031 0.841096 4
0 0.130865 0.195757 0.014574 0.0540356 0.780952 124
0 0.48725 0.189723 0.0114044 0.0518424 0.787392 88
0 0.644392 0.12696 0.0129975 0.0466791 0.780888 3
0 0.758447 0.104544 0.0145761 0.045556 0.734574 132
0 0.428 0.0679187 0.00765766 0.0390546 0.51372 20
0 0.178566 0.101634 0.0181897 0.0771443 0.4314 127
0 0.439161 0.0806369 0.00688244 0.0371161 0.332559 136
0 0.477388 0.0678451 0.00899394 0.0384753 0.286578 154
0 0.496515 0.0688343 0.00987507 0.0420944 0.436464 126
0 0.507873 0.0556309 0.00911051 0.039644 0.477829 150
0 0.54666 0.0550186 0.00877539 0.0488864 0.577933 137
