0 0.498736 0.75609 0.0250505 0.106493 0.85697 4
0 0.116341 0.206523 0.0153971 0.0508196 0.479704 124
0 0.52324 0.211559 0.014349 0.0547273 0.743532 88
0 0.718494 0.21376 0.0194459 0.0542516 0.810252 132
0 0.178869 0.111252 0.0135946 0.0505715 0.38151 111
0 0.496388 0.0916844 0.0103242 0.0455181 0.758808 136
0 0.621703 0.155412 0.0117923 0.0521042 0.733193 3
0 0.477919 0.0870401 0.0108937 0.0555874 0.651639 126
0 0.515709 0.0561022 0.0090634 0.0448621 0.433419 20
0 0.526441 0.0635517 0.0113592 0.04656 0.302128 109
