0 0.434844 0.704649 0.0267461 0.102172 0.851284 4
0 0.0447977 0.271798 0.0184432 0.0614115 0.751347 93
0 0.36708 0.143352 0.012804 0.0419989 0.621031 20
0 0.525752 0.108342 0.0107213 0.0538433 0.386365 8
0 0.602352 0.108348 0.00820471 0.0466268 0.306499 75
0 0.503375 0.0426765 0.00841112 0.0362104 0.422028 102
0 0.169158 0.117536 0.0114928 0.0494662 0.300369 64
0 0.385466 0.0861827 0.011142 0.040495 0.641032 56
0 0.442488 0.0985567 0.00981474 0.0390748 0.646533 41
0 0.445634 0.205155 0.0102313 0.0553602 0.788936 38
0 0.333446 0.0894952 0.0106625 0.0394034 0.704688 89
0 0.469996 0.101953 0.00804771 0.0411558 0.689709 22
0 0.562896 0.196112 0.0105312 0.0789768 0.697063 3
0 0.541396 0.0800059 0.00787264 0.0390026 0.538864 71
0 0.435619 0.0793178 0.00815811 0.0311391 0.382204 110
