0 0.391919 0.751942 0.0285499 0.105291 0.853584 4
0 0.668752 0.267351 0.0148404 0.0595778 0.811823 38
0 0.3603 0.276563 0.0152536 0.0612817 0.736074 3
0 0.2919 0.38784 0.0180289 0.0709033 0.790327 11
0 0.425102 0.210352 0.0126327 0.0551667 0.461655 8
0 0.0876602 0.230235 0.0159931 0.0552164 0.669995 1
0 0.490903 0.0541552 0.00889759 0.0363504 0.281999 22
0 0.215874 0.225825 0.0141551 0.0558075 0.718853 20
0 0.367395 0.172021 0.0131525 0.0396687 0.566386 56
0 0.195895 0.240433 0.0188215 0.0587449 0.789212 13
0 0.404481 0.172963 0.0120242 0.0506615 0.727569 7
0 0.120894 0.162808 0.0148712 0.0521501 0.521432 39
0 0.346765 0.139507 0.0108463 0.0490187 0.511271 6
0 0.522091 0.14221 0.0108968 0.0475286 0.72141 41
0 0.234334 0.164421 0.0141998 0.0507045 0.586552 5
