0 0.488269 0.569283 0.0211099 0.0942309 0.834734 4
0 0.115641 0.206954 0.0186227 0.0494172 0.494924 124
0 0.493598 0.183753 0.0136434 0.0509122 0.753327 88
0 0.182532 0.0921358 0.0130665 0.0739704 0.326051 156
0 0.172545 0.115295 0.0171055 0.0511877 0.284356 111
0 0.727114 0.0836789 0.00940781 0.0389248 0.354187 132
0 0.489788 0.0868011 0.012444 0.0388663 0.576906 22
0 0.525766 0.109216 0.0103371 0.0449055 0.504769 162
0 0.02181 0.265027 0.026111 0.0573868 0.801919 163
0 0.684094 0.107955 0.00902996 0.0456157 0.738998 3
0 0.608117 0.0579491 0.00685635 0.0304598 0.579131 136
0 0.55434 0.0532452 0.0115874 0.0447106 0.483647 137
0 0.415283 0.0778228 0.0143328 0.036898 0.556494 154
