0 0.501885 0.657811 0.0307362 0.0964838 0.859394 4
0 0.130091 0.19891 0.0154424 0.0530982 0.763856 124
0 0.487253 0.190444 0.0112162 0.0506094 0.78886 88
0 0.775184 0.103155 0.011891 0.0456086 0.523246 132
0 0.174908 0.0987821 0.0152522 0.0732854 0.292316 127
0 0.435536 0.0836519 0.00775369 0.0394845 0.402643 136
0 0.486022 0.0727184 0.00869748 0.0448275 0.529767 126
0 0.503811 0.0586823 0.00832319 0.0358208 0.514997 150
0 0.531987 0.0602894 0.00874364 0.0385673 0.541989 137
0 0.163905 0.112877 0.0138454 0.0532893 0.275202 111
0 0.478975 0.0744918 0.009224 0.0445076 0.388846 22
0 0.185545 0.0923195 0.0132688 0.0725285 0.42392 156
0 0.46661 0.0700038 0.00832535 0.0363821 0.537138 154
0 0.660192 0.123158 0.0131851 0.0468378 0.739015 3
0 0.427602 0.0660702 0.00862624 0.0406817 0.352324 20
