0 0.500273 0.657455 0.027138 0.097295 0.840862 4
0 0.125048 0.194841 0.0190403 0.0518399 0.727521 124
0 0.487443 0.189034 0.0111016 0.0528893 0.79317 88
0 0.15773 0.117436 0.0134678 0.0599034 0.627199 111
0 0.605353 0.146402 0.0102025 0.0484832 0.794186 3
0 0.541199 0.0776984 0.0122609 0.0413247 0.478137 126
0 0.522301 0.0876249 0.00991255 0.0382765 0.521214 22
0 0.434287 0.0687278 0.00690845 0.0384254 0.426575 136
0 0.173922 0.113709 0.0149972 0.0557765 0.324501 127
0 0.177514 0.111406 0.0145463 0.0568484 0.367807 156
0 0.517436 0.0550254 0.00717392 0.0357045 0.425665 109
0 0.444019 0.0703167 0.00636864 0.0364088 0.552513 20
0 0.580026 0.0565871 0.00930335 0.0386803 0.508142 137
0 0.705516 0.101705 0.012221 0.0426835 0.758051 132
