0 0.0637209 0.289873 0.0160388 0.059571 0.772298 1
0 0.387125 0.758387 0.0270453 0.104633 0.831838 4
0 0.37971 0.241952 0.012409 0.0651594 0.739294 7
0 0.299347 0.396203 0.0172841 0.0697701 0.769102 11
0 0.431594 0.20153 0.0115433 0.0542614 0.794549 20
0 0.708767 0.191656 0.0116701 0.0545905 0.734099 41
0 0.472868 0.319766 0.0165917 0.066451 0.689964 38
0 0.364022 0.365268 0.0164172 0.0720857 0.824893 3
0 0.484469 0.0575337 0.00890471 0.0395312 0.343767 22
0 0.568092 0.188878 0.0104301 0.0488155 0.568243 8
0 0.205021 0.175801 0.0121584 0.0482879 0.679566 5
0 0.404754 0.189396 0.00968927 0.0494682 0.771991 13
0 0.456371 0.154256 0.0135887 0.0492932 0.729062 6
0 0.844764 0.135798 0.0164526 0.0707111 0.364126 52
