0 0.496233 0.675343 0.0252242 0.102202 0.833578 4
0 0.734783 0.22108 0.0159234 0.0619387 0.699039 38
0 0.488334 0.241948 0.0148812 0.0617022 0.731561 3
0 0.410404 0.316028 0.0163952 0.0696046 0.834969 11
0 0.497803 0.16636 0.0112673 0.0566748 0.572777 8
0 0.555963 0.101962 0.0148259 0.0439481 0.768698 56
0 0.383501 0.180286 0.0186708 0.0571086 0.723079 13
0 0.591975 0.113019 0.0185675 0.0469112 0.5924 7
0 0.6428 0.123071 0.0141219 0.0529639 0.734824 41
0 0.403274 0.096186 0.010873 0.0433332 0.636692 55
0 0.375612 0.0922652 0.00953414 0.0428293 0.392004 5
0 0.189044 0.142335 0.0111548 0.0501448 0.68582 1
0 0.391708 0.139831 0.00884717 0.0460853 0.45023 20
0 0.502363 0.0894692 0.0109655 0.0453548 0.592367 6
