0 0.527039 0.719122 0.0275223 0.108239 0.840789 4
0 0.673131 0.229242 0.0138304 0.0578918 0.777453 88
0 0.721157 0.182818 0.0121559 0.0556016 0.749018 3
0 0.626359 0.15768 0.0154154 0.0591112 0.789029 41
0 0.577278 0.0920036 0.0106567 0.0435172 0.534546 109
0 0.480837 0.115809 0.00891822 0.044109 0.716971 89
0 0.0506745 0.274295 0.0200734 0.0615553 0.767324 124
0 0.171696 0.120618 0.0129121 0.0505201 0.405254 115
0 0.703791 0.12878 0.0127397 0.0260008 0.496792 131
0 0.518032 0.0976876 0.00887416 0.0401652 0.659185 110
0 0.528598 0.0445595 0.00850741 0.035633 0.355179 102
0 0.720605 0.111867 0.0115562 0.0500007 0.369758 22
0 0.673266 0.126238 0.00990664 0.0474375 0.506928 126
