0 0.0494355 0.257164 0.0196564 0.0547331 0.779373 1
0 0.377163 0.744572 0.0274393 0.105186 0.850925 4
0 0.373946 0.226313 0.0131494 0.0600121 0.375278 7
0 0.300526 0.398126 0.0150507 0.0477935 0.541376 11
0 0.417047 0.185093 0.0145503 0.0573105 0.674692 20
0 0.661929 0.178177 0.0122116 0.0509979 0.77188 41
0 0.498783 0.318662 0.0148902 0.0684578 0.483256 38
0 0.356521 0.341739 0.0154226 0.0694804 0.822586 3
0 0.213731 0.166232 0.00967968 0.0481633 0.688779 5
0 0.554917 0.202942 0.0136366 0.0524061 0.75154 34
0 0.13066 0.141333 0.018386 0.0580777 0.564445 39
0 0.156391 0.121175 0.0158308 0.0506112 0.40457 31
0 0.5075 0.177186 0.0136516 0.0520028 0.688082 8
0 0.392129 0.177203 0.00952365 0.0497445 0.724587 13
0 0.839717 0.134819 0.0119424 0.0541011 0.273751 52
0 0.417215 0.142143 0.00888383 0.0411836 0.551634 6
