0 0.528905 0.694518 0.0259114 0.10362 0.853807 4
0 0.655603 0.224029 0.0177879 0.0560116 0.825749 88
0 0.713713 0.16566 0.0112788 0.0531724 0.756587 3
0 0.611148 0.160147 0.0156677 0.0516445 0.792443 41
0 0.564758 0.0895518 0.0118151 0.0424198 0.628815 109
0 0.474393 0.1103 0.0102762 0.043626 0.535156 89
0 0.0601339 0.267887 0.0182024 0.0600812 0.792675 124
0 0.171389 0.119837 0.0131409 0.0485866 0.393877 115
0 0.512206 0.0949081 0.00906439 0.0369929 0.530929 110
0 0.529003 0.0440162 0.00845836 0.0338182 0.397 102
0 0.70589 0.104637 0.00855223 0.0411739 0.484326 22
0 0.660995 0.121465 0.00901508 0.0438407 0.64704 126
0 0.179632 0.110871 0.0117712 0.0519311 0.438001 111
0 0.643316 0.151119 0.0151435 0.0516851 0.75124 8
0 0.422292 0.137419 0.0101293 0.0462536 0.753016 20
0 0.694749 0.104566 0.00744858 0.0361244 0.531988 56
