0 0.420994 0.649782 0.031597 0.100389 0.872525 4
0 0.403966 0.21825 0.0119363 0.0524446 0.786055 11
0 0.0764591 0.218428 0.0159742 0.051661 0.736165 65
0 0.643879 0.0504271 0.00837924 0.0388812 0.631979 8
0 0.499352 0.175884 0.0156744 0.0514879 0.784156 3
0 0.163628 0.11478 0.0117781 0.0522608 0.600314 64
0 0.559484 0.0735171 0.00702235 0.0397097 0.316723 63
0 0.432102 0.0616831 0.00926946 0.035148 0.511925 41
0 0.232974 0.0506127 0.0106828 0.0338035 0.493771 70
0 0.405491 0.0597804 0.0112557 0.0339053 0.437134 71
0 0.531247 0.181897 0.0159857 0.0537257 0.833593 38
0 0.385063 0.0793158 0.011785 0.0386458 0.404006 20
0 0.151848 0.124305 0.0129221 0.0484851 0.677515 67
0 0.480903 0.0519306 0.00891689 0.038207 0.321705 22
0 0.546469 0.0422789 0.0102173 0.0517517 0.257048 56
