0 0.0435487 0.246741 0.0192729 0.0561527 0.785126 1
0 0.377616 0.745436 0.0266755 0.105753 0.852643 4
0 0.409231 0.178462 0.0122093 0.0526055 0.721414 20
0 0.623883 0.170387 0.0145818 0.0525388 0.757247 41
0 0.520838 0.312991 0.0140531 0.0656889 0.795629 38
0 0.354754 0.327454 0.0145419 0.0693926 0.789326 3
0 0.220075 0.159596 0.011713 0.04574 0.721862 5
0 0.157517 0.120653 0.0141064 0.0484442 0.393491 31
0 0.488295 0.168322 0.0149574 0.0477667 0.773252 8
0 0.381592 0.170976 0.0159039 0.0442383 0.285289 13
0 0.129465 0.145214 0.0154597 0.0601274 0.472587 39
0 0.536854 0.200716 0.0147927 0.0495711 0.70079 34
0 0.393481 0.142008 0.00931937 0.0478222 0.752614 6
