0 0.418156 0.816266 0.0289959 0.122658 0.864521 4
0 0.142915 0.515529 0.0251433 0.0842422 0.712942 38
0 0.147525 0.266235 0.0157343 0.0604593 0.777406 20
0 0.101266 0.192709 0.0179306 0.0603107 0.722605 70
0 0.252217 0.214978 0.0145197 0.0513384 0.713113 71
0 0.532679 0.214701 0.0120149 0.0573006 0.806363 8
0 0.386688 0.134546 0.0104057 0.0463958 0.759846 56
0 0.789588 0.207273 0.0131484 0.0555327 0.752778 22
0 0.507569 0.0427716 0.00938028 0.0445434 0.438715 75
0 0.440137 0.194019 0.0187336 0.045643 0.723939 41
0 0.365976 0.368826 0.0232659 0.0624515 0.843533 88
0 0.542039 0.131762 0.0142262 0.0395308 0.775301 63
0 0.401586 0.343888 0.020689 0.071736 0.819597 3
0 0.375066 0.141577 0.0120933 0.0495877 0.326388 89
