0 0.529627 0.655969 0.0238176 0.0978601 0.852678 4
0 0.504841 0.205878 0.0119084 0.0521692 0.807175 88
0 0.10777 0.212054 0.0178292 0.054411 0.766303 124
0 0.774433 0.131122 0.0123752 0.0506559 0.346676 8
0 0.691447 0.106664 0.00882963 0.0444094 0.745205 3
0 0.459012 0.0855363 0.00693998 0.0391743 0.507942 89
0 0.393262 0.0785213 0.00663408 0.0370674 0.676166 20
0 0.568109 0.0885992 0.0075182 0.0410048 0.74073 22
0 0.412004 0.0746656 0.009957 0.0385368 0.542326 109
0 0.46846 0.0842134 0.00588102 0.0402377 0.580666 110
0 0.187506 0.095072 0.0131804 0.0681923 0.303039 127
0 0.176006 0.118666 0.0135707 0.0435055 0.317266 111
0 0.532559 0.044036 0.00746279 0.0329878 0.335841 102
0 0.514157 0.101856 0.0124413 0.0414559 0.538483 126
0 0.472151 0.126636 0.00863682 0.0433046 0.612067 41
0 0.519041 0.076486 0.0077171 0.0417889 0.470142 56
