0 0.434611 0.704668 0.0268311 0.10313 0.848458 4
0 0.0442813 0.270919 0.0188783 0.0607818 0.752342 93
0 0.363334 0.145354 0.0123962 0.043434 0.508197 20
0 0.523376 0.109457 0.00982599 0.0470839 0.283226 8
0 0.602681 0.105661 0.00804386 0.0467749 0.495943 75
0 0.503608 0.0421562 0.00856088 0.0368521 0.378622 102
0 0.529294 0.066713 0.00776873 0.0395489 0.555588 109
0 0.168776 0.118145 0.0117356 0.0500112 0.284917 64
0 0.384626 0.0841326 0.00889813 0.0392243 0.653127 56
0 0.442525 0.0951487 0.0109322 0.0454791 0.437944 41
0 0.44697 0.205841 0.0101666 0.0544406 0.794902 38
0 0.336917 0.0897141 0.0115284 0.0377111 0.600571 89
0 0.566157 0.217726 0.0169927 0.0492481 0.648433 88
0 0.479536 0.0994279 0.0116067 0.0402283 0.647337 22
0 0.566293 0.180286 0.00980409 0.0462766 0.425516 3
0 0.544169 0.0806993 0.010091 0.0372021 0.640862 71
