0 0.413498 0.770387 0.029729 0.104038 0.847592 4
0 0.713019 0.269232 0.0118326 0.0615061 0.776335 38
0 0.39371 0.287184 0.0200774 0.0620995 0.804943 3
0 0.295401 0.428713 0.0203629 0.0721506 0.811552 11
0 0.443672 0.218393 0.0125758 0.0556881 0.724252 8
0 0.12074 0.221466 0.0169172 0.0552439 0.753039 1
0 0.49493 0.0584736 0.00971985 0.0388301 0.32981 22
0 0.26119 0.239843 0.0149386 0.0570914 0.735145 20
0 0.416017 0.178842 0.0119387 0.0463079 0.680711 56
0 0.24148 0.237994 0.013871 0.0590426 0.762737 13
0 0.447362 0.175293 0.0100805 0.0382606 0.327588 7
0 0.121667 0.166466 0.0159648 0.0526875 0.544255 39
0 0.549105 0.151074 0.0145725 0.046179 0.539435 41
0 0.294314 0.163644 0.0117571 0.0464178 0.499443 55
0 0.389615 0.144288 0.0142146 0.0435719 0.567583 6
0 0.141958 0.138468 0.0106664 0.0492744 0.552916 31
0 0.284098 0.159254 0.0094711 0.0439661 0.503796 5
