0 0.493837 0.791112 0.0266427 0.112336 0.874236 4
0 0.098943 0.234168 0.0157353 0.0617544 0.732306 93
0 0.60243 0.277562 0.0195001 0.0607848 0.802945 38
0 0.4437 0.255755 0.0143406 0.058492 0.48424 3
0 0.435739 0.267806 0.0147637 0.0603476 0.629655 88
0 0.144539 0.133956 0.01174 0.0615795 0.388528 64
0 0.317753 0.120501 0.00836624 0.0435616 0.78033 110
0 0.639722 0.155272 0.0113242 0.0474363 0.592408 71
0 0.574638 0.170613 0.00925268 0.0533766 0.522498 22
0 0.415286 0.133324 0.00745061 0.0452793 0.539633 89
0 0.52227 0.178809 0.0109939 0.0498211 0.711776 41
0 0.479585 0.0496198 0.00961037 0.0390007 0.46329 102
0 0.177964 0.113076 0.0108495 0.0449953 0.253197 111
0 0.498552 0.176417 0.011338 0.0517487 0.468427 75
0 0.52553 0.119801 0.00734453 0.0522017 0.436663 56
0 0.399537 0.219771 0.0120943 0.0546948 0.547973 20
0 0.6534 0.0972311 0.0107855 0.0455541 0.614594 109
