0 0.531019 0.65445 0.0319669 0.0974626 0.86526 4
0 0.117091 0.20816 0.0149873 0.0511628 0.590158 124
0 0.733523 0.117441 0.0133107 0.046796 0.778005 8
0 0.692556 0.105895 0.00923462 0.0456258 0.70704 3
0 0.461524 0.083222 0.00912765 0.0416807 0.610571 89
0 0.413892 0.0739194 0.00811659 0.0373681 0.606525 109
0 0.798532 0.146944 0.0109393 0.0517424 0.451385 132
0 0.481884 0.195192 0.0102321 0.0521777 0.797761 88
0 0.471473 0.0967564 0.00922438 0.0404996 0.574994 126
0 0.534329 0.0822067 0.00994082 0.0412035 0.530195 22
0 0.517166 0.0853282 0.00883169 0.0417116 0.514666 131
0 0.493055 0.0774624 0.00873025 0.0427853 0.606631 56
0 0.443513 0.108561 0.00943826 0.0466364 0.75676 41
0 0.15892 0.116652 0.0112207 0.0486348 0.504496 111
