0 0.496624 0.659761 0.031979 0.0966339 0.878133 4
0 0.116124 0.207612 0.0156898 0.0537352 0.658337 124
0 0.486154 0.185977 0.0108985 0.0533598 0.759132 88
0 0.621652 0.144279 0.0116164 0.0470381 0.804918 3
0 0.47947 0.0735975 0.00937087 0.0374484 0.343123 126
0 0.185116 0.110238 0.010036 0.0460656 0.254845 127
0 0.540965 0.0605241 0.0100148 0.0354555 0.583068 109
0 0.694666 0.110389 0.00982018 0.0433427 0.778717 132
0 0.55684 0.0431929 0.00880381 0.0374371 0.351994 137
0 0.421752 0.0687705 0.00796286 0.0391059 0.511471 136
