0 0.435538 0.703981 0.026449 0.102132 0.845862 4
0 0.0457815 0.27128 0.0180085 0.0608853 0.7812 93
0 0.3708 0.133605 0.0182181 0.0361487 0.554055 20
0 0.528335 0.11381 0.00892544 0.0459051 0.664187 8
0 0.50265 0.0432125 0.0102011 0.0325265 0.303258 102
0 0.169713 0.116222 0.0120811 0.0496448 0.262635 64
0 0.38472 0.0870106 0.0132963 0.0410308 0.674889 56
0 0.44558 0.0967737 0.0100508 0.0421539 0.444794 41
0 0.442582 0.204103 0.0140227 0.0557182 0.806966 38
0 0.329799 0.0882666 0.00900952 0.0400907 0.669475 89
0 0.454098 0.106307 0.00893326 0.0424167 0.624875 22
0 0.55626 0.181614 0.0103809 0.0467461 0.452292 3
0 0.536883 0.0821004 0.00821511 0.0380954 0.636298 71
0 0.431985 0.0864412 0.0098938 0.0321205 0.456597 110
0 0.519544 0.0684086 0.00807721 0.0400005 0.430931 109
0 0.55277 0.218215 0.0172663 0.0521921 0.55286 88
0 0.602567 0.111182 0.00916354 0.0453678 0.716893 75
