0 0.506146 0.866098 0.0706436 0.108516 0.886684 4
0 0.713802 0.247097 0.016087 0.0566321 0.730584 88
0 0.159953 0.119423 0.0170095 0.0622436 0.546357 64
0 0.75874 0.234614 0.0152807 0.0582303 0.795046 3
0 0.648595 0.186205 0.0129552 0.0543787 0.647732 41
0 0.524246 0.173755 0.0130645 0.0517701 0.621483 8
0 0.660786 0.104355 0.00907173 0.045404 0.494198 109
0 0.184373 0.0978467 0.0140409 0.0696809 0.495601 127
0 0.545001 0.0902473 0.00749563 0.0386469 0.621681 110
0 0.41144 0.237546 0.0100851 0.05774 0.762299 20
0 0.173445 0.116266 0.0151999 0.0564793 0.276892 115
0 0.793053 0.159392 0.0147625 0.0512993 0.505068 38
0 0.495932 0.123418 0.00616121 0.044001 0.703726 89
0 0.531828 0.048231 0.00825583 0.0362909 0.525471 102
0 0.712457 0.177225 0.0110699 0.0500722 0.666048 126
0 0.781519 0.113043 0.0137936 0.0433751 0.377312 56
0 0.765334 0.109443 0.0106541 0.0348827 0.367365 22
