0 0.502102 0.657167 0.0308292 0.0983157 0.860242 4
0 0.125728 0.198593 0.0170301 0.0528805 0.721127 124
0 0.487041 0.19015 0.0112646 0.0513079 0.798956 88
0 0.78243 0.0992124 0.0128106 0.0448884 0.698656 132
0 0.505469 0.0582576 0.00777648 0.0359214 0.636387 150
0 0.478417 0.073474 0.0108909 0.0443958 0.662118 22
0 0.185119 0.0908895 0.0137248 0.0756339 0.504146 156
0 0.460254 0.0735714 0.00805915 0.0393113 0.611668 154
0 0.672575 0.119189 0.0102518 0.0457391 0.538497 3
0 0.429337 0.0662171 0.00954475 0.0426911 0.532048 20
0 0.519314 0.0527138 0.0112841 0.0533153 0.555394 137
0 0.17146 0.110848 0.018253 0.0585652 0.312019 111
