0 0.461369 0.833737 0.0336786 0.121813 0.849542 4
0 0.562142 0.273962 0.0206228 0.049251 0.770948 11
0 0.0382255 0.264415 0.0227173 0.0580796 0.767765 65
0 0.162305 0.114502 0.0131756 0.0538945 0.640009 64
0 0.626591 0.246623 0.0129381 0.0532487 0.716176 38
0 0.688551 0.107866 0.00995509 0.0456259 0.7246 8
0 0.517536 0.0937827 0.0101462 0.0435929 0.615591 56
0 0.573008 0.0895196 0.0106315 0.0414147 0.385961 63
0 0.589198 0.136063 0.00954132 0.0431828 0.730611 22
0 0.383572 0.127473 0.0100721 0.0396431 0.738028 71
0 0.583904 0.23624 0.0188891 0.0472978 0.58745 3
0 0.310797 0.18509 0.01334 0.0510265 0.756575 20
0 0.345459 0.0928056 0.0085427 0.038955 0.779636 70
0 0.548731 0.129169 0.00982113 0.0455918 0.412287 41
0 0.434718 0.0994518 0.0088733 0.0390329 0.454548 72
