0 0.499895 0.657516 0.0272725 0.0953593 0.844646 4
0 0.125749 0.192753 0.0160487 0.0523603 0.742043 124
0 0.487567 0.190304 0.0103603 0.0509159 0.795654 88
0 0.157708 0.11859 0.0132999 0.0566689 0.594006 111
0 0.60995 0.139144 0.0112851 0.0476689 0.765517 3
0 0.506316 0.0849071 0.010312 0.0402601 0.604095 22
0 0.727724 0.10514 0.00912749 0.0442284 0.621416 132
0 0.488063 0.0614959 0.00793994 0.0387159 0.584224 150
0 0.175615 0.113306 0.0154224 0.0581445 0.304482 127
0 0.436081 0.0718096 0.00984815 0.0465509 0.621204 20
0 0.532523 0.04049 0.0103937 0.034476 0.311891 109
0 0.184096 0.0892001 0.015264 0.0793449 0.349486 156
0 0.519576 0.0686307 0.0118369 0.0543519 0.500114 126
