0 0.269503 0.560096 0.0310863 0.0809669 0.69292 4
0 0.0873872 0.227773 0.0204952 0.0562387 0.810754 124
0 0.344965 0.239525 0.0160157 0.051837 0.760871 88
0 0.330022 0.150553 0.0120565 0.0437494 0.774796 162
0 0.524855 0.175378 0.0114923 0.0503799 0.647351 3
0 0.429844 0.094322 0.00978327 0.0366445 0.549931 150
0 0.358566 0.0755064 0.0104319 0.0408136 0.652251 22
0 0.60046 0.184349 0.0143823 0.0497129 0.789752 132
0 0.285061 0.0634372 0.00894502 0.0394361 0.655124 109
0 0.381937 0.084075 0.00914412 0.0415805 0.635548 20
0 0.354505 0.119435 0.0100667 0.0413446 0.52329 137
0 0.586606 0.112833 0.0086291 0.0425333 0.793918 165
0 0.182897 0.0938465 0.012767 0.072501 0.363273 156
