0 0.491634 0.793295 0.02701 0.108665 0.851563 4
0 0.0803328 0.240977 0.0173299 0.0614107 0.778413 93
0 0.608996 0.285349 0.0164345 0.061552 0.83482 38
0 0.443804 0.253865 0.0150197 0.0570405 0.601369 3
0 0.436482 0.267156 0.0137486 0.0607266 0.646971 88
0 0.147853 0.131694 0.0159675 0.060961 0.541172 64
0 0.316945 0.119304 0.0109383 0.0429404 0.788473 110
0 0.604955 0.172808 0.0125884 0.050209 0.703657 22
0 0.420299 0.133531 0.00712849 0.0462758 0.753415 89
0 0.524507 0.189668 0.0104567 0.0370514 0.350253 41
0 0.515916 0.112401 0.00871232 0.0463007 0.609784 56
0 0.67724 0.0967469 0.0109514 0.0457958 0.607423 109
0 0.493162 0.130015 0.00993598 0.0500511 0.644538 8
0 0.408609 0.236083 0.0113101 0.055474 0.792147 20
0 0.49813 0.182098 0.0112222 0.0515537 0.602045 75
0 0.65497 0.167869 0.0117825 0.0507561 0.749312 71
0 0.471508 0.0482485 0.00853488 0.0360906 0.359571 102
