0 0.490277 0.879867 0.0320626 0.124016 0.844117 4
0 0.0196349 0.30101 0.0196595 0.064668 0.821221 93
0 0.711658 0.204163 0.00968196 0.0567552 0.792712 38
0 0.808064 0.141578 0.0136281 0.0493363 0.648145 71
0 0.537519 0.283847 0.0162447 0.0598254 0.780318 88
0 0.160803 0.126086 0.01421 0.0574121 0.601849 64
0 0.630895 0.262966 0.0114135 0.0604092 0.760871 3
0 0.174187 0.120784 0.0139423 0.0534398 0.299043 115
0 0.521461 0.0477582 0.00920633 0.0401507 0.477335 102
0 0.533603 0.155382 0.0173042 0.0488395 0.342389 56
0 0.184191 0.110379 0.0114395 0.0508777 0.443275 111
0 0.431567 0.130659 0.0085392 0.0451792 0.713931 89
0 0.359909 0.175211 0.00950127 0.0487456 0.767654 20
0 0.467144 0.157164 0.00941922 0.0483058 0.718622 8
0 0.648155 0.104902 0.00969791 0.0473926 0.416502 22
0 0.505131 0.144608 0.0117828 0.0401157 0.683287 126
0 0.183305 0.103943 0.0136537 0.0575512 0.35468 127
0 0.519448 0.136028 0.00963621 0.043005 0.6805 41
0 0.455425 0.0937242 0.008968 0.037359 0.579929 110
