0 0.494861 0.890258 0.0317396 0.121827 0.840225 4
0 0.706581 0.253786 0.0142207 0.0615945 0.790745 88
0 0.160161 0.121165 0.0158818 0.0607406 0.554206 64
0 0.759683 0.235333 0.0150795 0.060158 0.774167 3
0 0.693941 0.19393 0.0134724 0.0550971 0.75702 126
0 0.629675 0.197729 0.0122899 0.0566243 0.734562 41
0 0.511393 0.181108 0.00978257 0.0561508 0.746285 8
0 0.663065 0.115234 0.00884272 0.0469563 0.675359 109
0 0.184483 0.0984796 0.0136133 0.067427 0.507171 127
0 0.532604 0.095345 0.00886167 0.0406877 0.571239 110
0 0.412484 0.238994 0.00818539 0.0578929 0.737382 20
0 0.173571 0.116961 0.0154679 0.0542708 0.323212 115
0 0.782691 0.156275 0.0173711 0.0494335 0.767923 38
0 0.725169 0.137356 0.0136038 0.0227792 0.401737 71
0 0.497868 0.126845 0.00815013 0.0440522 0.33254 89
0 0.745664 0.115932 0.01557 0.0580063 0.414644 22
