0 0.403851 0.903705 0.0314063 0.113173 0.83423 4
0 0.0396201 0.606848 0.0267298 0.0889594 0.800032 38
0 0.0864572 0.37163 0.0292716 0.0700845 0.700145 20
0 0.142885 0.214647 0.0163771 0.0581044 0.750138 70
0 0.435642 0.191827 0.0106209 0.0541658 0.712131 73
0 0.297373 0.226873 0.0141661 0.0556586 0.74966 71
0 0.339826 0.411863 0.0160923 0.0776868 0.838365 3
0 0.550456 0.149451 0.018818 0.0528152 0.761542 63
0 0.460416 0.40998 0.0202985 0.0728983 0.849512 11
0 0.264266 0.179586 0.017445 0.0484455 0.476508 72
0 0.472595 0.219585 0.0127806 0.0580982 0.73774 41
0 0.57321 0.241308 0.0174946 0.0618117 0.790105 8
0 0.665983 0.22591 0.0122834 0.0582767 0.73631 22
0 0.419393 0.154462 0.00900946 0.0515929 0.699766 56
