0 0.527281 0.714248 0.0273355 0.110027 0.842259 4
0 0.668363 0.227928 0.0152409 0.0568788 0.810469 88
0 0.718718 0.178692 0.0109549 0.0541701 0.725649 3
0 0.622269 0.159957 0.0148305 0.0534009 0.5336 41
0 0.574365 0.0903824 0.0105809 0.0470218 0.563914 109
0 0.479446 0.114208 0.0087587 0.042789 0.743125 89
0 0.0548772 0.273499 0.0228277 0.0603059 0.760915 124
0 0.171987 0.11993 0.0125106 0.0502452 0.418695 115
0 0.704068 0.128837 0.0132936 0.0258596 0.383868 131
0 0.51633 0.0970457 0.00810207 0.040136 0.659092 110
0 0.528349 0.0436523 0.00844498 0.0349971 0.349361 102
0 0.716213 0.109167 0.0117065 0.047535 0.323978 22
0 0.669811 0.124759 0.0118646 0.0460082 0.674464 126
0 0.180455 0.110334 0.0120737 0.0474258 0.417846 111
0 0.632594 0.154968 0.0109437 0.0557489 0.648452 8
