0 0.418272 0.654523 0.0305995 0.0968894 0.869725 4
0 0.358144 0.206087 0.0135721 0.0564435 0.805487 11
0 0.0746341 0.218618 0.0166781 0.0558041 0.722647 65
0 0.643725 0.0584798 0.00679372 0.0390429 0.678342 8
0 0.469123 0.171076 0.00917368 0.0539584 0.781342 3
0 0.162006 0.113605 0.0125415 0.0548825 0.646448 64
0 0.551593 0.0653795 0.0109118 0.0495639 0.32374 63
0 0.390553 0.0875215 0.0127603 0.0408306 0.434036 41
0 0.606365 0.166888 0.0133583 0.0553071 0.796377 38
0 0.258682 0.103764 0.0121496 0.0403082 0.679832 20
0 0.478278 0.0601136 0.00819693 0.040114 0.634962 22
0 0.21509 0.0668436 0.0100599 0.0378102 0.395107 70
0 0.302619 0.0710086 0.0093729 0.0393823 0.495766 71
0 0.497279 0.0617722 0.00923808 0.0385123 0.278834 73
