0 0.422387 0.633778 0.0308552 0.0965244 0.849732 4
0 0.431382 0.209275 0.0119531 0.0546082 0.794309 11
0 0.56793 0.178658 0.0136854 0.052913 0.783301 38
0 0.0497677 0.245449 0.0189713 0.0606562 0.778657 65
0 0.506235 0.196197 0.0146372 0.0552553 0.811722 3
0 0.155206 0.119117 0.0141636 0.0515553 0.317195 64
0 0.287664 0.0415741 0.00956198 0.0348232 0.481914 13
0 0.169728 0.104739 0.0108019 0.0493763 0.260543 67
0 0.563576 0.0731862 0.00948359 0.0390141 0.564506 63
0 0.575363 0.0816746 0.0100147 0.04518 0.277141 8
0 0.483931 0.0876292 0.0120586 0.060359 0.603738 1
