0 0.482801 0.838565 0.0283024 0.118931 0.854296 4
0 0.0345416 0.291277 0.0186082 0.0610998 0.807899 93
0 0.722048 0.195244 0.00985819 0.0522615 0.705101 38
0 0.812525 0.138496 0.0104169 0.0485197 0.720629 71
0 0.552211 0.274671 0.0139846 0.0544143 0.783395 88
0 0.160812 0.124893 0.0154255 0.06008 0.545013 64
0 0.621266 0.262778 0.0148015 0.0586565 0.789333 3
0 0.174064 0.120319 0.0132361 0.0518303 0.286238 115
0 0.52756 0.12573 0.00971915 0.0458245 0.63472 41
0 0.497487 0.139553 0.0142889 0.0405511 0.63068 126
0 0.635905 0.100907 0.0129986 0.0445869 0.551812 22
0 0.521127 0.046897 0.0100492 0.0421547 0.459581 102
0 0.563244 0.14644 0.0124569 0.0436815 0.597494 109
0 0.547737 0.145504 0.014557 0.0451126 0.619898 56
0 0.184013 0.108952 0.0118104 0.0533762 0.47777 111
0 0.427561 0.127264 0.00828838 0.045043 0.556483 89
0 0.352742 0.16547 0.00922051 0.0490173 0.725247 20
0 0.408446 0.098457 0.0117495 0.0358754 0.339547 110
0 0.474239 0.158424 0.0118684 0.0512432 0.533993 8
