0 0.435754 0.703984 0.0265079 0.102029 0.854538 4
0 0.0460257 0.271515 0.0180876 0.0606981 0.795686 93
0 0.370292 0.132764 0.0139025 0.0366231 0.726503 20
0 0.52865 0.11382 0.00897675 0.0459274 0.709676 8
0 0.158411 0.122395 0.0102048 0.0496102 0.304257 64
0 0.384857 0.0891287 0.0156196 0.0419898 0.51159 56
0 0.442083 0.204024 0.0146981 0.0550644 0.817877 38
0 0.328774 0.0878848 0.00890121 0.0401998 0.682274 89
0 0.554596 0.180366 0.00930392 0.0428124 0.498335 3
0 0.536394 0.081303 0.00786473 0.0382601 0.543892 71
0 0.43241 0.0870364 0.0113928 0.0315581 0.448902 110
0 0.516894 0.0675519 0.00774253 0.0403128 0.503317 109
0 0.5511 0.217825 0.0146321 0.0521244 0.396305 88
0 0.602716 0.11181 0.00925776 0.0459626 0.724652 75
