0 0.379579 0.749584 0.0266785 0.104233 0.854898 4
0 0.610819 0.269652 0.0137655 0.0592549 0.798099 38
0 0.334067 0.272958 0.0141786 0.05867 0.769704 3
0 0.293729 0.347586 0.0162366 0.0608584 0.596952 11
0 0.209832 0.157595 0.0118641 0.0419375 0.502544 5
0 0.401658 0.207225 0.013366 0.0558262 0.682938 8
0 0.0652592 0.242389 0.0130792 0.058681 0.627461 1
0 0.491423 0.0534367 0.00810413 0.0377221 0.290694 22
0 0.528004 0.148213 0.0108332 0.0494879 0.643787 41
0 0.26029 0.188745 0.0151807 0.04686 0.631904 20
0 0.158152 0.176256 0.0118672 0.0472742 0.603889 55
0 0.35546 0.192431 0.00985692 0.0536487 0.687147 56
0 0.326318 0.140699 0.0111722 0.048112 0.362847 6
0 0.187944 0.218095 0.0163491 0.0555093 0.593674 13
0 0.370799 0.195821 0.0105282 0.0512863 0.697066 7
0 0.121857 0.160003 0.0136425 0.057254 0.444554 39
