0 0.432467 0.708786 0.0272625 0.10056 0.873628 4
0 0.279615 0.222576 0.0214388 0.0570837 0.749881 38
0 0.361669 0.260981 0.0129521 0.0609802 0.727632 88
0 0.018058 0.296318 0.0219294 0.06502 0.820371 93
0 0.478167 0.153106 0.0106709 0.0486209 0.763795 70
0 0.3786 0.117224 0.0146424 0.0430134 0.567821 71
0 0.490713 0.211495 0.0124284 0.0564961 0.753036 3
0 0.164168 0.115387 0.0129158 0.0501077 0.260424 64
0 0.532377 0.149162 0.0123756 0.0498537 0.757268 8
0 0.239771 0.0875529 0.0097573 0.0363717 0.526774 89
0 0.321033 0.0965129 0.0104098 0.0391528 0.406139 72
0 0.246048 0.156324 0.0167442 0.0461655 0.623361 20
0 0.281955 0.0782806 0.0128886 0.0387234 0.323388 56
0 0.524769 0.0943239 0.009185 0.0644703 0.440673 41
0 0.69578 0.104271 0.00711174 0.0428304 0.455991 22
