0 0.500949 0.655052 0.031175 0.0986012 0.839899 4
0 0.119138 0.203789 0.0139166 0.0505289 0.758399 124
0 0.486347 0.188461 0.0114806 0.0518141 0.769955 88
0 0.793176 0.0971604 0.0106803 0.0418756 0.700613 132
0 0.507008 0.0591793 0.0100265 0.0403723 0.39868 150
0 0.183001 0.0997409 0.0118427 0.0596079 0.333395 156
0 0.453365 0.0757844 0.00904239 0.0385466 0.601411 154
0 0.685115 0.115456 0.011348 0.0447706 0.689629 3
0 0.172982 0.114528 0.0159431 0.0505543 0.4084 111
0 0.431951 0.0699516 0.0113568 0.0644439 0.696115 136
0 0.477639 0.074192 0.00904563 0.0461391 0.52363 22
0 0.51781 0.0396975 0.0103851 0.0400149 0.342633 137
