0 0.508719 0.838171 0.0676889 0.111333 0.895335 4
0 0.724208 0.248753 0.0147692 0.0601551 0.764137 88
0 0.160091 0.120109 0.0164626 0.0615342 0.506026 64
0 0.758455 0.243433 0.0144059 0.0627113 0.793212 3
0 0.668046 0.181068 0.0119894 0.0550062 0.791414 41
0 0.64096 0.104692 0.00999947 0.040506 0.651709 109
0 0.183813 0.0987165 0.0143273 0.0675438 0.513996 127
0 0.543942 0.0911623 0.00820287 0.0366993 0.589624 110
0 0.415665 0.229706 0.0117473 0.0547958 0.807101 20
0 0.792852 0.157663 0.0132594 0.0490569 0.75655 38
0 0.495932 0.127573 0.00835193 0.0440182 0.803217 89
0 0.533392 0.0463872 0.00911646 0.0376829 0.427834 102
0 0.710386 0.165059 0.0107051 0.0502482 0.684836 126
0 0.782464 0.109562 0.00919946 0.0444082 0.677326 22
0 0.0103464 0.318131 0.0206737 0.0666841 0.848246 124
0 0.809686 0.13111 0.0113757 0.048949 0.553712 56
0 0.172889 0.117053 0.0158649 0.0553989 0.312925 115
