0 0.448697 0.779656 0.0270877 0.111805 0.848348 4
0 0.193896 0.48068 0.0227387 0.0828343 0.81592 38
0 0.179589 0.226822 0.016651 0.0592604 0.77761 20
0 0.142193 0.188909 0.0149647 0.050551 0.735013 70
0 0.324886 0.198788 0.0140277 0.0518304 0.624978 71
0 0.537266 0.206434 0.0113635 0.0568266 0.674238 8
0 0.39508 0.119063 0.0117549 0.0472762 0.498883 56
0 0.799929 0.222726 0.0159023 0.055566 0.770144 22
0 0.41654 0.382704 0.0151295 0.0673743 0.76457 88
0 0.589519 0.127361 0.0108462 0.0471904 0.729617 63
0 0.434791 0.320414 0.0156067 0.0657289 0.760076 3
0 0.369103 0.124394 0.00823085 0.0432022 0.659621 89
0 0.161838 0.115991 0.0130784 0.0503845 0.347466 64
0 0.522554 0.186297 0.0178857 0.038981 0.341133 41
0 0.281048 0.151547 0.0147666 0.0449651 0.643321 72
