0 0.47544 0.829835 0.0301803 0.111953 0.855045 4
0 0.291862 0.325908 0.0156962 0.0683903 0.826852 38
0 0.567049 0.185856 0.0154298 0.0556478 0.790133 8
0 0.746425 0.199026 0.0149412 0.0523066 0.717613 22
0 0.523472 0.348971 0.0149664 0.0698569 0.790871 88
0 0.629564 0.126246 0.00961539 0.0453827 0.755436 63
0 0.594696 0.297116 0.0168788 0.064729 0.821688 3
0 0.67854 0.190532 0.0125413 0.0540221 0.702719 41
0 0.422071 0.242398 0.0187521 0.0580008 0.789031 70
0 0.518504 0.0442999 0.0085887 0.0382099 0.389983 75
0 0.38373 0.129009 0.0159334 0.0373335 0.640828 72
0 0.0266607 0.287948 0.0207334 0.063968 0.791288 93
0 0.530141 0.13047 0.0111185 0.0452143 0.687797 56
0 0.519781 0.143604 0.00905212 0.0451666 0.657208 89
0 0.49496 0.207065 0.0175974 0.0470578 0.775986 71
0 0.248318 0.190195 0.0149427 0.0504414 0.774494 20
