0 0.524637 0.779313 0.0290043 0.114805 0.856674 4
0 0.704491 0.243315 0.0181637 0.0576427 0.803964 88
0 0.154519 0.125555 0.0125017 0.0506435 0.457696 64
0 0.742962 0.226672 0.0140015 0.057584 0.755063 3
0 0.660101 0.168177 0.0144644 0.0513981 0.766129 41
0 0.604068 0.100369 0.0188183 0.0432468 0.500487 109
0 0.426333 0.187339 0.0122366 0.0538447 0.591838 20
0 0.488461 0.124885 0.00849129 0.0461557 0.793379 89
0 0.530372 0.0470162 0.00818758 0.036248 0.27132 102
0 0.753682 0.114552 0.0132697 0.045145 0.294221 22
0 0.0334474 0.289241 0.021359 0.0717777 0.829306 124
0 0.782402 0.136027 0.010425 0.0499782 0.313256 56
0 0.59484 0.160392 0.0123408 0.0523649 0.790342 8
0 0.173243 0.121497 0.0147744 0.0533377 0.505876 115
0 0.184062 0.0987658 0.0152519 0.0626811 0.433903 127
0 0.868277 0.175637 0.0150972 0.0467952 0.522605 38
0 0.691513 0.143134 0.0111769 0.0474667 0.651317 126
0 0.705591 0.130479 0.0112553 0.0231528 0.442676 131
0 0.531723 0.0979502 0.00770858 0.038812 0.505783 110
