0 0.364289 0.399196 0.0242073 0.0691348 0.845901 1
0 0.50975 0.829059 0.0320997 0.100594 0.831627 4
0 0.574 0.327035 0.0173615 0.0676955 0.775909 7
0 0.45552 0.260674 0.0187824 0.0537603 0.816442 10
0 0.448109 0.482731 0.024318 0.0764226 0.834707 11
0 0.873537 0.234019 0.0129102 0.0589869 0.741829 8
0 0.154689 0.121875 0.015425 0.045371 0.354727 31
0 0.421025 0.485531 0.0206283 0.0823775 0.833751 3
0 0.683648 0.311078 0.0129182 0.0678429 0.72164 20
0 0.770129 0.285164 0.0206331 0.062295 0.785866 34
0 0.686773 0.209442 0.01746 0.0583958 0.490944 13
0 0.142055 0.136432 0.0161326 0.0543564 0.445742 39
0 0.984374 0.347727 0.0234569 0.0773786 0.797787 41
0 0.671752 0.323722 0.0185022 0.0576747 0.707085 38
0 0.69387 0.206216 0.0142811 0.0575188 0.476602 6
0 0.246468 0.236409 0.0104956 0.0527751 0.711654 5
