0 0.417962 0.54421 0.0235876 0.0874185 0.868106 4
0 0.0996726 0.214327 0.0157938 0.052771 0.672906 124
0 0.18008 0.112157 0.0112161 0.0528063 0.326037 127
0 0.170793 0.114224 0.0123879 0.0495158 0.295718 111
0 0.402789 0.123564 0.0130869 0.0461829 0.570748 162
0 0.583561 0.151667 0.0143871 0.0490553 0.555271 132
0 0.604898 0.0787384 0.00847524 0.0411006 0.649086 165
0 0.393153 0.0635244 0.00894006 0.0370634 0.702522 20
0 0.386566 0.173142 0.0138525 0.0414986 0.60937 88
0 0.448039 0.0841123 0.0166695 0.0507757 0.663452 137
0 0.520849 0.0623791 0.00873235 0.0362493 0.626966 170
0 0.495926 0.0407761 0.00915324 0.0349401 0.373405 171
0 0.593631 0.132882 0.0109329 0.0419588 0.518927 3
0 0.34416 0.048962 0.0083794 0.0349854 0.456504 22
0 0.354662 0.0481368 0.00846532 0.0363103 0.569565 172
0 0.30942 0.0436812 0.0106005 0.027624 0.318502 109
