0 0.409263 0.852501 0.0317874 0.116438 0.863295 4
0 0.103188 0.546473 0.0280239 0.0919568 0.836239 38
0 0.109093 0.27234 0.0212908 0.0534081 0.776199 20
0 0.0901481 0.201518 0.014793 0.0511863 0.629617 70
0 0.226155 0.211217 0.0122369 0.0511299 0.715667 71
0 0.371986 0.369477 0.0203247 0.094881 0.392242 11
0 0.231411 0.155334 0.0127368 0.042816 0.66371 72
0 0.522986 0.215168 0.0117577 0.0614676 0.458544 8
0 0.410897 0.148942 0.0114809 0.0435881 0.382267 56
0 0.160424 0.116427 0.0130107 0.046662 0.445691 64
0 0.771013 0.207949 0.0174184 0.0558905 0.817729 22
0 0.504285 0.0438789 0.00990884 0.0435528 0.471063 75
0 0.422429 0.194122 0.0106147 0.0499806 0.682633 41
0 0.371105 0.384738 0.0172755 0.0713668 0.574707 88
0 0.546872 0.130277 0.0102248 0.0464992 0.731208 63
