0 0.450188 0.765368 0.0283934 0.105755 0.855715 4
0 0.427823 0.23738 0.0121924 0.0588818 0.746815 11
0 0.564777 0.228005 0.0167547 0.0578519 0.817134 3
0 0.505484 0.0966132 0.00995153 0.0441642 0.713552 20
0 0.653584 0.198481 0.01189 0.0530636 0.768273 38
0 0.167894 0.100223 0.0144955 0.058635 0.370111 64
0 0.409977 0.0844673 0.00827656 0.0403455 0.461804 1
0 0.432557 0.0738505 0.00978924 0.0551539 0.655301 55
0 0.41938 0.0621252 0.00769307 0.0361018 0.629849 22
0 0.659399 0.0732056 0.0127029 0.0420974 0.58483 41
0 0.428634 0.125783 0.00895001 0.0471755 0.727079 13
0 0.49245 0.137566 0.0147296 0.0517601 0.723515 8
0 0.588725 0.111826 0.0094724 0.0447887 0.771107 56
