0 0.125852 0.585753 0.0328655 0.0968581 0.874388 4
0 0.0668874 0.24214 0.0187468 0.0608576 0.798083 124
0 0.254766 0.293593 0.0202584 0.0562341 0.74372 88
0 0.298164 0.176379 0.0128816 0.0509267 0.67521 162
0 0.502025 0.208078 0.0113183 0.0519564 0.714882 3
0 0.424589 0.115209 0.0114427 0.0466796 0.528417 150
0 0.657062 0.221807 0.0150776 0.0540544 0.808915 132
0 0.397001 0.106825 0.00956456 0.0429143 0.566896 20
0 0.185001 0.0941786 0.0151184 0.0748211 0.313183 156
0 0.506217 0.0469467 0.00839246 0.0371903 0.515051 171
0 0.314686 0.144808 0.0127814 0.0454684 0.704792 137
0 0.508094 0.107119 0.00861295 0.0384276 0.643451 170
0 0.404382 0.0855277 0.00881449 0.0360125 0.33529 168
0 0.323001 0.0712439 0.0130109 0.0399469 0.337052 109
0 0.570475 0.140636 0.00851599 0.0490124 0.766202 165
0 0.358473 0.0723304 0.0103373 0.0330883 0.290297 22
