0 0.386747 0.446496 0.018602 0.0809762 0.800758 1
0 0.726528 0.37137 0.0143888 0.0664285 0.422559 2
0 0.524227 0.815208 0.0304813 0.113982 0.850172 4
0 0.773608 0.24303 0.0194014 0.0537923 0.744407 6
0 0.598113 0.341952 0.0153877 0.0707903 0.81863 7
0 0.52866 0.2697 0.0121382 0.057547 0.801097 10
0 0.473781 0.514624 0.0178243 0.0820958 0.781806 11
0 0.28619 0.245501 0.0112552 0.0555049 0.748755 5
0 0.883372 0.258277 0.0139365 0.064189 0.767083 8
0 0.153773 0.12944 0.0146047 0.049862 0.551184 31
0 0.448707 0.514226 0.0186232 0.0867009 0.820765 3
0 0.735675 0.349618 0.0181036 0.070392 0.666494 20
0 0.840468 0.308619 0.0253082 0.0554266 0.800395 34
0 0.728464 0.216416 0.0187614 0.0479031 0.625339 13
0 0.137365 0.125701 0.0234855 0.0785846 0.758353 23
