0 0.478253 0.733943 0.0253612 0.106048 0.850219 4
0 0.382638 0.0709814 0.0120667 0.0356935 0.684128 1
0 0.468586 0.227292 0.0144162 0.0571398 0.81685 11
0 0.764369 0.101065 0.012819 0.0425886 0.365407 63
0 0.609906 0.228114 0.0175188 0.0580592 0.8012 3
0 0.528768 0.149316 0.0114263 0.0502759 0.787527 8
0 0.637734 0.119342 0.0096611 0.0466217 0.772513 56
0 0.541369 0.102049 0.00915591 0.0453335 0.573451 20
0 0.731927 0.191898 0.0127752 0.0548088 0.763121 38
0 0.456981 0.0661058 0.0115783 0.0408235 0.37509 22
0 0.520549 0.137833 0.0104573 0.0501306 0.682746 13
0 0.697031 0.0764237 0.01252 0.044142 0.597515 41
