0 0.530873 0.654285 0.0308996 0.0973984 0.868823 4
0 0.117139 0.207464 0.0155198 0.0531265 0.656166 124
0 0.722102 0.114858 0.0163812 0.0461595 0.818172 8
0 0.692669 0.106186 0.00939674 0.0451863 0.737117 3
0 0.462334 0.0853406 0.0102828 0.0434495 0.378501 89
0 0.415742 0.0741245 0.00886386 0.0386903 0.606917 109
0 0.481358 0.194809 0.0100956 0.052675 0.80452 88
0 0.466314 0.0922928 0.00975326 0.0471437 0.359012 126
0 0.527993 0.0826625 0.0101797 0.0383851 0.565832 22
0 0.507932 0.084003 0.00919234 0.0412417 0.611602 131
0 0.490614 0.0770717 0.00924257 0.0442282 0.63628 56
0 0.439726 0.104406 0.00830892 0.0427869 0.665635 41
0 0.158299 0.118585 0.0122773 0.0492134 0.545661 111
0 0.176998 0.116741 0.0137048 0.0505445 0.287074 127
