0 0.488827 0.515498 0.0215477 0.0851927 0.807229 1
0 0.823587 0.562146 0.0173124 0.0914498 0.870939 2
0 0.507836 0.887077 0.0329624 0.112934 0.858296 4
0 0.745658 0.405854 0.0220982 0.0758538 0.804589 6
0 0.645414 0.373629 0.0173909 0.0736624 0.78441 7
0 0.922573 0.480311 0.0206867 0.0812999 0.76522 12
0 0.902728 0.491622 0.0282117 0.0818362 0.776355 20
0 0.682757 0.219272 0.0138252 0.0589108 0.630771 13
0 0.67697 0.282134 0.0130311 0.0621007 0.468802 10
0 0.558548 0.57476 0.0127535 0.0698551 0.697887 11
0 0.549795 0.545888 0.0278615 0.069547 0.772185 3
0 0.389581 0.247754 0.010166 0.057934 0.739665 5
0 0.795861 0.266814 0.0166758 0.0557094 0.673349 8
