0 0.432982 0.708216 0.0277864 0.0996589 0.870041 4
0 0.276391 0.224867 0.0206381 0.0584493 0.747913 38
0 0.362768 0.266362 0.0115769 0.0595682 0.728981 88
0 0.0192321 0.299157 0.0265802 0.0652247 0.829502 93
0 0.483802 0.158839 0.0120141 0.0508599 0.766993 70
0 0.384434 0.118898 0.0102182 0.039287 0.656177 71
0 0.493423 0.214629 0.0123639 0.0555852 0.758124 3
0 0.164883 0.115663 0.01193 0.0510194 0.280172 64
0 0.53901 0.152106 0.0112546 0.0508961 0.764681 8
0 0.701747 0.1055 0.0115433 0.0443721 0.622117 22
0 0.243312 0.0861961 0.00869967 0.0336622 0.486259 89
0 0.31719 0.0988751 0.00835384 0.0378799 0.545162 72
0 0.251915 0.160567 0.0157551 0.0481334 0.703064 20
0 0.288267 0.0787439 0.0102989 0.0373281 0.457079 56
