0 0.446154 0.696004 0.0311816 0.0977534 0.860696 4
0 0.0662055 0.257031 0.0152132 0.0581814 0.807861 93
0 0.308243 0.165735 0.0093729 0.048576 0.788737 20
0 0.53306 0.261986 0.014194 0.0603496 0.793958 38
0 0.497419 0.0507202 0.00851269 0.0381251 0.433296 102
0 0.547416 0.0810081 0.00895729 0.0393678 0.325415 109
0 0.36533 0.111837 0.00877438 0.0437597 0.600254 89
0 0.438317 0.0966888 0.0106255 0.0443643 0.542805 56
0 0.477457 0.222782 0.0108804 0.0534361 0.684267 3
0 0.490697 0.25127 0.0164181 0.0582669 0.804684 88
0 0.477928 0.114796 0.00922848 0.0561061 0.509927 22
0 0.17188 0.12151 0.0157382 0.0492684 0.349518 64
0 0.563996 0.104045 0.00608864 0.0402131 0.304577 71
0 0.427847 0.146264 0.00893723 0.0457381 0.604418 41
0 0.179082 0.111891 0.0109546 0.0483441 0.352181 111
