0 0.422725 0.631878 0.0312216 0.0970271 0.853182 4
0 0.431301 0.208843 0.0116969 0.055506 0.79641 11
0 0.577777 0.176045 0.0131196 0.0540187 0.75496 38
0 0.0454987 0.250899 0.0194529 0.0604998 0.82935 65
0 0.506201 0.195634 0.0148718 0.05605 0.816333 3
0 0.153375 0.118322 0.0150135 0.059174 0.449239 64
0 0.478644 0.0939503 0.0118699 0.0522369 0.496418 1
0 0.480955 0.0828885 0.0126479 0.0573475 0.437462 5
0 0.294588 0.0448173 0.00907173 0.0400075 0.49113 13
0 0.495027 0.0761406 0.00920455 0.0427785 0.476148 56
0 0.169462 0.104211 0.0122352 0.0502983 0.416201 67
0 0.553832 0.0573024 0.00932407 0.0391204 0.605406 41
0 0.567732 0.0827029 0.0115892 0.0531459 0.724284 63
