0 0.527864 0.67717 0.0270183 0.101342 0.837197 4
0 0.6453 0.219877 0.0142867 0.0551223 0.795945 88
0 0.709002 0.153879 0.0108124 0.0491036 0.726048 3
0 0.59958 0.158438 0.0163662 0.0508073 0.801117 41
0 0.556225 0.0880198 0.0137105 0.0415157 0.580669 109
0 0.469239 0.10854 0.00868893 0.0425845 0.719566 89
0 0.0662631 0.26226 0.0176445 0.0601052 0.810616 124
0 0.172437 0.120622 0.0126443 0.0495037 0.423093 115
0 0.507601 0.0924369 0.0087251 0.0387978 0.695354 110
0 0.179357 0.111225 0.0116721 0.0498693 0.336603 111
0 0.65661 0.14918 0.0137219 0.0496801 0.766249 8
0 0.418444 0.127045 0.00811202 0.0434045 0.809052 20
0 0.675327 0.100071 0.0101327 0.0459158 0.492359 56
0 0.695397 0.102015 0.00876935 0.0420736 0.450287 22
