0 0.529932 0.653627 0.0306791 0.0972631 0.864762 4
0 0.115814 0.207672 0.0164045 0.0526004 0.656899 124
0 0.458259 0.0851056 0.010443 0.0451944 0.572442 89
0 0.505192 0.204686 0.0101067 0.0551025 0.799415 88
0 0.795655 0.14486 0.0123113 0.0488121 0.762773 132
0 0.491903 0.0777213 0.00813761 0.037761 0.494162 56
0 0.685159 0.102043 0.00935879 0.0420254 0.572478 3
0 0.417824 0.0758043 0.00917349 0.0390169 0.539093 109
0 0.44558 0.0709234 0.00860685 0.0399628 0.456047 126
0 0.165185 0.120643 0.0174567 0.0591449 0.366191 127
0 0.481661 0.0829017 0.00847336 0.0413288 0.490202 22
0 0.532235 0.105272 0.0113008 0.0481025 0.758473 136
0 0.42996 0.0754826 0.00694475 0.037848 0.492549 20
0 0.179267 0.112584 0.0162387 0.0496438 0.316757 111
