0 0.529704 0.655746 0.0233635 0.0981387 0.856976 4
0 0.115222 0.208337 0.0162848 0.0502052 0.553593 124
0 0.757794 0.123806 0.0115058 0.0466923 0.749792 8
0 0.692407 0.105983 0.00910988 0.0457592 0.681421 3
0 0.464929 0.0826092 0.00845823 0.0392997 0.4164 89
0 0.40912 0.0742856 0.00785125 0.0398534 0.51103 109
0 0.502856 0.0776384 0.00924091 0.041679 0.411119 56
0 0.543385 0.0881089 0.0121354 0.0462691 0.283069 131
0 0.794681 0.140854 0.0117853 0.0511627 0.776438 132
0 0.487725 0.198485 0.0100856 0.0538136 0.772707 88
0 0.160865 0.113218 0.012644 0.0470586 0.361126 111
0 0.453783 0.113907 0.00959371 0.0504605 0.682983 41
0 0.4861 0.100325 0.0101608 0.0390625 0.39116 126
