0 0.498343 0.691821 0.0249321 0.0990354 0.845957 4
0 0.764712 0.19358 0.0212318 0.053391 0.675104 38
0 0.59334 0.244809 0.0139797 0.0609209 0.777562 3
0 0.483533 0.279058 0.0170007 0.0612215 0.792269 11
0 0.529161 0.174255 0.0130412 0.0544366 0.767448 13
0 0.529074 0.077 0.00919825 0.0410465 0.57842 6
0 0.55132 0.167422 0.0133766 0.0539824 0.759244 8
0 0.437372 0.0929509 0.00802635 0.038706 0.739769 5
0 0.475699 0.0900072 0.00841595 0.0444231 0.409368 55
0 0.317167 0.0922792 0.00785008 0.0408348 0.639477 1
0 0.509782 0.140703 0.0114909 0.0471589 0.67659 20
0 0.784188 0.103786 0.011675 0.0419142 0.428182 7
0 0.710436 0.0930817 0.0117277 0.0357234 0.608117 56
0 0.765649 0.101371 0.0102362 0.0411358 0.475021 41
