0 0.498777 0.754321 0.0274392 0.110995 0.849609 4
0 0.116337 0.205009 0.0145411 0.0527421 0.657554 124
0 0.523456 0.211075 0.0151107 0.0547592 0.764395 88
0 0.719888 0.213705 0.0186617 0.0559593 0.833553 132
0 0.177626 0.108676 0.0161454 0.059281 0.378861 111
0 0.511154 0.0601325 0.00859241 0.0437 0.418507 89
0 0.159097 0.114954 0.0113031 0.0516373 0.582741 127
0 0.52132 0.0559233 0.0108847 0.0519438 0.491158 137
0 0.494019 0.0989826 0.00988264 0.0457216 0.77488 136
0 0.478318 0.0967014 0.00907701 0.038366 0.526161 126
0 0.557267 0.0600846 0.0105254 0.046279 0.682553 20
0 0.543046 0.0501097 0.0111265 0.0670324 0.654994 22
0 0.731825 0.0420431 0.0104644 0.0333747 0.447333 56
0 0.482327 0.0735483 0.0095554 0.030712 0.432726 142
