0 0.497191 0.65897 0.0343928 0.0958755 0.879195 4
0 0.116375 0.207516 0.0160756 0.0531625 0.648909 124
0 0.496568 0.19858 0.0125723 0.0527038 0.811741 88
0 0.668457 0.177889 0.011747 0.0510555 0.80276 132
0 0.62143 0.156848 0.0112144 0.0495948 0.79674 3
0 0.475803 0.0769789 0.0113775 0.0482102 0.288162 126
0 0.507499 0.063687 0.00993996 0.0430852 0.51536 137
0 0.176699 0.116194 0.0147404 0.0500407 0.557352 111
0 0.188197 0.0915633 0.0134195 0.0719332 0.337849 127
0 0.494361 0.0713666 0.0114546 0.0395071 0.396551 20
0 0.455373 0.082367 0.00848818 0.0428976 0.727662 136
