0 0.419997 0.641596 0.0310402 0.0965708 0.873006 4
0 0.415299 0.211683 0.0155718 0.0538736 0.770004 11
0 0.0769567 0.218549 0.0172726 0.0521184 0.738562 65
0 0.645917 0.0497724 0.00716241 0.0374751 0.638902 8
0 0.50735 0.176584 0.0101997 0.0502147 0.75473 3
0 0.162991 0.11809 0.0128247 0.0580425 0.541299 64
0 0.561594 0.0706126 0.00789769 0.0407386 0.771431 63
0 0.450959 0.0576216 0.0137127 0.0342654 0.549838 41
0 0.240453 0.0433434 0.00929354 0.0353531 0.393286 70
0 0.426939 0.0545745 0.0134811 0.0326568 0.442177 71
0 0.518968 0.185141 0.0132117 0.0511777 0.779191 38
0 0.414278 0.0742325 0.0116054 0.035219 0.633336 20
0 0.158044 0.128009 0.0169658 0.0425226 0.453245 67
