0 0.247972 0.350705 0.0212567 0.0677214 0.827269 1
0 0.441677 0.808438 0.0328067 0.112274 0.873085 4
0 0.489601 0.295587 0.0128421 0.0643988 0.75856 7
0 0.276974 0.233018 0.0169811 0.055131 0.512866 10
0 0.351546 0.469097 0.0226182 0.0751623 0.799797 11
0 0.791489 0.206686 0.0153879 0.0543661 0.752433 8
0 0.154475 0.123529 0.0156887 0.0504248 0.439329 31
0 0.582136 0.259321 0.0165517 0.0563237 0.805109 20
0 0.657355 0.259845 0.0126875 0.0577358 0.736871 34
0 0.867605 0.277102 0.0178705 0.0647475 0.798374 41
0 0.55889 0.315157 0.019165 0.0656347 0.850173 38
0 0.623642 0.174402 0.0172006 0.0507071 0.789055 6
0 0.187742 0.192509 0.013252 0.0420687 0.599722 5
0 0.384287 0.448794 0.0171849 0.0827068 0.825533 3
0 0.557883 0.202946 0.0139389 0.0528957 0.663652 13
