0 0.379808 0.7471 0.0270235 0.103987 0.856818 4
0 0.573648 0.282183 0.0157162 0.0631419 0.716801 38
0 0.353721 0.277455 0.0142365 0.0621905 0.759102 3
0 0.127329 0.159076 0.0143074 0.0546631 0.437154 39
0 0.393187 0.211819 0.0104737 0.0550779 0.558244 7
0 0.300853 0.364705 0.0149812 0.0695553 0.675933 11
0 0.236014 0.143516 0.0108227 0.043309 0.427862 5
0 0.35109 0.162013 0.0158346 0.0446219 0.504412 20
0 0.403998 0.21591 0.013399 0.0518828 0.291879 34
0 0.330396 0.138738 0.00956751 0.0471685 0.404645 6
0 0.416137 0.180675 0.0118314 0.0469641 0.639464 8
0 0.290585 0.179491 0.0128104 0.0483623 0.513482 13
0 0.0500558 0.232933 0.0156154 0.0700042 0.418742 1
0 0.0719324 0.220452 0.013906 0.053026 0.567237 55
