0 0.475503 0.828493 0.0295822 0.115126 0.855914 4
0 0.293612 0.321654 0.0161657 0.068395 0.810383 38
0 0.570785 0.185111 0.0118505 0.0556542 0.774433 8
0 0.74725 0.193803 0.0133203 0.0550844 0.674616 22
0 0.520411 0.352792 0.0144345 0.0716122 0.788294 88
0 0.628316 0.126761 0.0115583 0.0474258 0.751895 63
0 0.595026 0.297494 0.0177211 0.0643027 0.825789 3
0 0.670779 0.18891 0.0116864 0.0537252 0.75688 41
0 0.414471 0.241207 0.0162949 0.0600472 0.753511 70
0 0.518176 0.0450736 0.00893917 0.0391234 0.471516 75
0 0.377016 0.13106 0.0152961 0.0351323 0.64748 72
0 0.0255622 0.288783 0.0196905 0.0628862 0.802807 93
0 0.518232 0.140093 0.00927324 0.0506139 0.459761 89
0 0.486512 0.206427 0.0187631 0.0472166 0.753313 71
0 0.24524 0.189003 0.0156517 0.0527805 0.773139 20
0 0.16188 0.117645 0.0144636 0.047043 0.492785 64
