0 0.404398 0.900444 0.0302505 0.116577 0.849418 4
0 0.0367796 0.612917 0.0287598 0.100445 0.801923 38
0 0.612219 0.2311 0.0132943 0.0619958 0.755549 8
0 0.56514 0.226603 0.015006 0.0555181 0.766952 22
0 0.21016 0.388831 0.0248093 0.0707527 0.872628 20
0 0.287713 0.186469 0.0192575 0.0528954 0.628551 70
0 0.44747 0.209811 0.0120116 0.0568416 0.708828 73
0 0.349724 0.257868 0.0165277 0.0615971 0.732384 71
0 0.325989 0.413272 0.0243135 0.0752307 0.825534 3
0 0.580903 0.140427 0.00956497 0.0514201 0.76905 63
0 0.498214 0.348373 0.0144329 0.0649775 0.729513 11
0 0.366745 0.153625 0.0105737 0.0447479 0.703877 72
0 0.477982 0.141324 0.0102302 0.0472845 0.675928 56
0 0.530522 0.226336 0.01133 0.0573908 0.745659 41
