0 0.529571 0.651052 0.0305861 0.0970624 0.863955 4
0 0.115205 0.204915 0.0145589 0.0528407 0.564838 124
0 0.518848 0.201235 0.0119934 0.0539129 0.760503 88
0 0.16518 0.116142 0.0166304 0.0621058 0.292109 127
0 0.68337 0.100034 0.0067646 0.0444754 0.706526 3
0 0.00827489 0.289131 0.0165051 0.0614211 0.798318 140
0 0.747766 0.158921 0.0108146 0.0492918 0.623224 132
0 0.562556 0.0716345 0.00869083 0.0368565 0.54547 89
0 0.471162 0.0531788 0.00794849 0.0349173 0.583468 109
0 0.403989 0.0905282 0.0126997 0.0467419 0.516126 137
0 0.453744 0.0760436 0.00678819 0.0404262 0.668396 126
0 0.528972 0.0677611 0.0121776 0.0369892 0.307395 20
