0 0.527692 0.653824 0.0310812 0.0976213 0.855672 4
0 0.603759 0.209439 0.0117125 0.0535099 0.72028 88
0 0.555637 0.149844 0.00990588 0.0500762 0.783125 41
0 0.505079 0.0806956 0.0127254 0.0414295 0.573859 109
0 0.458276 0.0958552 0.00834872 0.0422668 0.750534 89
0 0.0828335 0.24002 0.0187269 0.0597982 0.812634 124
0 0.702394 0.139403 0.0127067 0.054445 0.57736 8
0 0.405788 0.094566 0.00832154 0.0386468 0.669103 20
0 0.603198 0.105426 0.0125491 0.0408366 0.686874 126
0 0.177753 0.112939 0.0140442 0.0517807 0.410508 111
0 0.833489 0.152741 0.0121549 0.0504736 0.749403 132
0 0.611681 0.0817464 0.00960598 0.0410079 0.476954 56
0 0.483337 0.0854312 0.00866315 0.0370621 0.563872 110
0 0.654728 0.0974178 0.0126942 0.0440575 0.686583 22
0 0.690199 0.11896 0.00976582 0.0352417 0.427114 131
