0 0.4892 0.514667 0.0192635 0.0837121 0.797427 1
0 0.798334 0.555723 0.0233538 0.0849824 0.783074 2
0 0.498732 0.88431 0.0319077 0.115442 0.788683 4
0 0.727975 0.434144 0.0179185 0.0816875 0.818102 6
0 0.622264 0.374506 0.0192924 0.0721495 0.818409 7
0 0.753583 0.262201 0.0137784 0.0588178 0.73935 8
0 0.881598 0.443848 0.0214917 0.0754817 0.80465 12
0 0.854944 0.45705 0.0256275 0.0797895 0.799262 20
0 0.668909 0.217475 0.0116932 0.057983 0.702529 13
0 0.656722 0.27319 0.0110565 0.0606951 0.774569 10
0 0.55826 0.57259 0.0164946 0.0714838 0.672045 11
0 0.549247 0.542556 0.0271318 0.0677925 0.768066 3
0 0.382488 0.245972 0.0102848 0.0527743 0.77036 5
0 0.217333 0.0591194 0.00968111 0.0352247 0.409052 22
