0 0.530861 0.652691 0.0303686 0.098572 0.869342 4
0 0.116531 0.206562 0.0144675 0.0498542 0.614981 124
0 0.527606 0.211952 0.0119671 0.0555502 0.751732 88
0 0.166297 0.118352 0.0185708 0.0611402 0.333917 127
0 0.709083 0.192395 0.0122417 0.0535285 0.775418 132
0 0.179308 0.097487 0.0186561 0.0661739 0.268293 111
0 0.562793 0.0592233 0.00818958 0.0406182 0.34524 20
0 0.520223 0.106418 0.0112817 0.0441084 0.769676 89
0 0.544942 0.0694632 0.00823523 0.020968 0.319064 22
0 0.489202 0.0776776 0.00653664 0.0346841 0.511537 126
0 0.461393 0.099166 0.0114869 0.0446759 0.603537 136
0 0.645104 0.113297 0.0122684 0.0437032 0.749136 3
0 0.528651 0.0641432 0.00859321 0.0402891 0.413426 109
0 0.50426 0.0607386 0.0117602 0.0421597 0.479053 137
