0 0.433329 0.704559 0.0262453 0.101387 0.863763 4
0 0.593877 0.212088 0.0180293 0.0547462 0.798879 88
0 0.0439966 0.270906 0.0191486 0.0609552 0.772585 93
0 0.584008 0.180202 0.00929788 0.0511059 0.649867 3
0 0.358465 0.146348 0.0116655 0.0472297 0.773954 20
0 0.519498 0.111169 0.00842361 0.0454809 0.644465 8
0 0.353252 0.0874006 0.00997696 0.0367768 0.648969 89
0 0.611758 0.101805 0.00718098 0.0448202 0.728559 75
0 0.451851 0.208455 0.0136824 0.0530856 0.710912 38
0 0.532111 0.0950118 0.0113898 0.0405893 0.549399 22
0 0.504637 0.041623 0.0089303 0.0362979 0.289999 102
0 0.56031 0.0791098 0.00974941 0.0383133 0.523216 71
0 0.543465 0.0646843 0.00955143 0.0407862 0.573545 109
0 0.170645 0.113947 0.0157946 0.0520399 0.380067 64
0 0.396416 0.084049 0.00995906 0.0362075 0.574168 56
