0 0.488937 0.557416 0.0216779 0.0867592 0.839745 4
0 0.115376 0.207148 0.0187957 0.0495059 0.642342 124
0 0.509628 0.179571 0.0102366 0.0509215 0.730011 88
0 0.183173 0.0954786 0.0136049 0.067346 0.376288 156
0 0.431229 0.0495735 0.00861762 0.035862 0.412844 20
0 0.172287 0.112253 0.0175661 0.056867 0.342993 111
0 0.46316 0.0817322 0.0143411 0.037342 0.617323 154
0 0.47761 0.0617743 0.00990362 0.0384807 0.374822 109
0 0.753035 0.0778512 0.00869923 0.0375739 0.39542 132
0 0.506865 0.089732 0.00916618 0.0413633 0.681028 22
0 0.183809 0.105668 0.0120822 0.0477392 0.296807 127
0 0.519187 0.10848 0.00914345 0.0419417 0.68694 162
0 0.515165 0.0415461 0.00879812 0.0353216 0.336664 153
0 0.019756 0.265662 0.0299931 0.0595282 0.810196 163
0 0.697817 0.105134 0.00911528 0.0449329 0.625044 3
