0 0.446426 0.740041 0.0198491 0.0995741 0.793321 4
0 0.0944178 0.234178 0.0175472 0.0590273 0.732748 93
0 0.367179 0.200921 0.0101581 0.0563087 0.686682 20
0 0.580439 0.267271 0.0128002 0.0620234 0.779704 38
0 0.492308 0.0506072 0.00841932 0.0382473 0.415878 102
0 0.484959 0.177306 0.00980507 0.0501034 0.671451 41
0 0.394721 0.124312 0.00725327 0.0410581 0.721489 89
0 0.501565 0.162382 0.0107076 0.0527161 0.569142 75
0 0.442173 0.253579 0.0158793 0.061318 0.621053 3
0 0.620406 0.132322 0.00998109 0.0466002 0.751353 71
0 0.496606 0.107868 0.0110236 0.0451635 0.602671 56
0 0.433031 0.265688 0.015026 0.0631449 0.704427 88
0 0.144966 0.12954 0.0121796 0.0607632 0.579914 64
0 0.336418 0.115049 0.00942342 0.0405911 0.714685 110
0 0.162324 0.121885 0.0142582 0.0510053 0.447554 111
0 0.539909 0.148994 0.00870546 0.0493564 0.629786 22
0 0.612567 0.0952861 0.00799885 0.0401081 0.531966 109
0 0.482032 0.111654 0.0112665 0.0471341 0.685591 8
0 0.183684 0.104993 0.0139858 0.0544915 0.340297 115
