0 0.531018 0.65233 0.0310032 0.0973607 0.865958 4
0 0.116431 0.205908 0.014878 0.051308 0.645638 124
0 0.523985 0.207486 0.0131466 0.0564625 0.612105 88
0 0.165284 0.117302 0.0195338 0.0623978 0.372467 127
0 0.665158 0.107877 0.011296 0.0447583 0.727079 3
0 0.0069713 0.29339 0.0139426 0.0543733 0.760494 140
0 0.723474 0.180641 0.0126699 0.0546029 0.792011 132
0 0.503202 0.0514077 0.00874481 0.0369429 0.480102 22
0 0.527421 0.0463916 0.0109272 0.0431905 0.284529 20
0 0.461288 0.0727266 0.0115373 0.0380522 0.549673 137
0 0.178815 0.101193 0.019326 0.0602402 0.258338 111
0 0.489009 0.0612061 0.00815156 0.0379819 0.437222 109
0 0.545147 0.0857594 0.0119185 0.054207 0.60777 89
0 0.551642 0.0638163 0.0108359 0.0459356 0.358596 56
