0 0.482311 0.783829 0.0203957 0.108448 0.827106 4
0 0.103285 0.233344 0.0164616 0.0609652 0.784576 93
0 0.398099 0.214921 0.0106859 0.0527323 0.736431 20
0 0.597862 0.275541 0.0153493 0.0630795 0.82184 38
0 0.443512 0.255624 0.0146704 0.0577739 0.459472 3
0 0.435768 0.266253 0.0146177 0.0629062 0.609011 88
0 0.143644 0.132145 0.0119872 0.0640157 0.378775 64
0 0.322278 0.120664 0.0109001 0.0428051 0.666574 110
0 0.50149 0.172923 0.0117402 0.0514152 0.575857 75
0 0.516106 0.115473 0.00931969 0.0449333 0.606663 56
0 0.632649 0.149622 0.0109418 0.0449069 0.764887 71
0 0.563521 0.165617 0.0107702 0.0490194 0.803825 22
0 0.641392 0.0977776 0.00834319 0.0437945 0.724399 109
0 0.40716 0.131299 0.00835988 0.0478784 0.772451 89
0 0.516854 0.178371 0.0127528 0.0518548 0.747933 41
0 0.484225 0.0521488 0.00849676 0.0352791 0.414749 102
0 0.177236 0.112515 0.0144459 0.0439029 0.287384 111
0 0.164559 0.120629 0.0170135 0.0506492 0.356329 115
