0 0.501959 0.656725 0.0305865 0.0977557 0.857716 4
0 0.124118 0.199817 0.0144528 0.0526134 0.72194 124
0 0.486924 0.190011 0.0112276 0.0511828 0.797078 88
0 0.784129 0.098785 0.0114563 0.0429514 0.707094 132
0 0.505877 0.0578606 0.00729577 0.0362427 0.640316 150
0 0.184986 0.091229 0.0135622 0.0758663 0.440582 156
0 0.459339 0.0735841 0.00769323 0.039608 0.473334 154
0 0.673447 0.118698 0.0101951 0.0454095 0.445905 3
0 0.429772 0.0665562 0.0102425 0.0463963 0.537229 20
0 0.518241 0.0534741 0.0117617 0.0521346 0.515974 137
0 0.172498 0.111551 0.0179594 0.0575752 0.342191 111
0 0.432573 0.0739324 0.013188 0.0567854 0.329607 136
