0 0.379765 0.747463 0.0271977 0.104731 0.855068 4
0 0.582375 0.278402 0.016362 0.0596291 0.826968 38
0 0.349506 0.274016 0.0141267 0.061086 0.683446 3
0 0.124881 0.158589 0.0177455 0.058979 0.312049 39
0 0.30309 0.357005 0.016332 0.0708066 0.796684 11
0 0.235113 0.145362 0.0125675 0.0435988 0.599941 5
0 0.337193 0.164117 0.0187547 0.0442541 0.513443 20
0 0.39687 0.20279 0.0111805 0.0523217 0.550941 8
0 0.265779 0.187449 0.0150055 0.0512048 0.677879 13
0 0.0538114 0.238721 0.0136353 0.055555 0.669943 1
0 0.0894862 0.211851 0.017104 0.0507613 0.661479 55
0 0.49081 0.0520186 0.00883115 0.0379338 0.284642 22
0 0.54597 0.152103 0.0123979 0.0503139 0.758098 41
0 0.388239 0.218746 0.0128541 0.0562397 0.532757 7
