0 0.520158 0.696474 0.0267926 0.096731 0.856802 4
0 0.116877 0.206612 0.0149894 0.0533564 0.720146 124
0 0.523226 0.21292 0.0142542 0.0568146 0.759453 88
0 0.716697 0.214061 0.0131776 0.0562315 0.774706 132
0 0.564258 0.0715909 0.0110101 0.029604 0.455875 20
0 0.547768 0.0718766 0.00992877 0.0232256 0.425382 22
0 0.180245 0.109948 0.0137565 0.0502798 0.424853 111
0 0.483197 0.0964251 0.0123457 0.0471738 0.523172 89
0 0.16532 0.118484 0.02021 0.056669 0.426477 127
0 0.656904 0.0498004 0.0126078 0.03643 0.636128 56
0 0.516069 0.0655002 0.0102752 0.0425941 0.32621 137
