0 0.174803 0.567308 0.0274624 0.0908057 0.852719 4
0 0.0779336 0.234148 0.0184383 0.0577993 0.785256 124
0 0.303311 0.265961 0.0188976 0.0529451 0.752223 88
0 0.309502 0.163805 0.0108476 0.0449136 0.75532 162
0 0.512472 0.191959 0.0107612 0.051711 0.730393 3
0 0.42606 0.103715 0.010748 0.0427071 0.344242 150
0 0.628314 0.201927 0.0133153 0.0501149 0.812624 132
0 0.38901 0.0960147 0.00876334 0.0430741 0.712164 20
0 0.580731 0.125666 0.00863921 0.046587 0.753968 165
0 0.184179 0.0944112 0.0154268 0.0719161 0.428809 156
0 0.505682 0.0461668 0.0083902 0.0368085 0.470728 171
0 0.334396 0.131511 0.0103526 0.0428125 0.716887 137
