0 0.441746 0.72557 0.0254344 0.106388 0.853727 4
0 0.27083 0.23094 0.0127254 0.05519 0.655576 38
0 0.368259 0.277724 0.0132501 0.0616303 0.752856 88
0 0.0103774 0.304962 0.0207548 0.0671527 0.806853 93
0 0.503329 0.170352 0.0102647 0.0526761 0.634194 70
0 0.321945 0.0834568 0.0113559 0.0412863 0.558126 56
0 0.406706 0.129509 0.0109261 0.0462172 0.716143 71
0 0.502414 0.220152 0.0107124 0.0600842 0.592497 3
0 0.164443 0.116913 0.0123214 0.0560981 0.301325 64
0 0.568428 0.166071 0.0139806 0.051927 0.75392 8
0 0.53744 0.123036 0.0108342 0.046848 0.625323 41
0 0.492294 0.0432805 0.00736434 0.0340653 0.380632 75
0 0.727644 0.114602 0.0113074 0.0457227 0.6933 22
0 0.273598 0.0851582 0.0108964 0.0370963 0.296418 89
0 0.305417 0.112402 0.00902809 0.0424861 0.64838 72
0 0.541718 0.0879032 0.00716311 0.0403489 0.35485 63
0 0.266407 0.178903 0.012286 0.0466775 0.538866 20
