0 0.420309 0.638523 0.0312144 0.0984794 0.873386 4
0 0.424777 0.20559 0.0134337 0.0549758 0.535697 11
0 0.0759744 0.218529 0.0161583 0.0522542 0.705139 65
0 0.546234 0.0402555 0.00921815 0.0493988 0.295316 56
0 0.486258 0.0443123 0.0119479 0.0448461 0.450291 22
0 0.647948 0.0490784 0.00930723 0.0383801 0.256568 8
0 0.514313 0.183433 0.0135372 0.0636199 0.781608 3
0 0.163859 0.120083 0.0144077 0.0539976 0.374805 64
0 0.562312 0.067926 0.0072113 0.038971 0.664212 63
0 0.479065 0.0579328 0.0145638 0.034383 0.636656 41
0 0.44462 0.0602978 0.0124831 0.0331389 0.47714 20
