0 0.327965 0.569594 0.0268455 0.0937541 0.856235 4
0 0.0366481 0.277188 0.021417 0.0601157 0.818876 124
0 0.177343 0.396991 0.013218 0.0647419 0.780295 88
0 0.620569 0.273478 0.0178521 0.0581484 0.776467 3
0 0.799558 0.278894 0.0175247 0.0628146 0.789831 132
0 0.184593 0.0928231 0.0150622 0.0742514 0.265985 156
0 0.51231 0.0429148 0.0111332 0.0434068 0.395115 171
0 0.246086 0.195811 0.0122206 0.054763 0.757272 137
0 0.548983 0.219509 0.015613 0.0511559 0.712261 165
0 0.393983 0.0932825 0.0100889 0.0410335 0.71215 109
0 0.316532 0.199531 0.0140683 0.0540262 0.731205 162
0 0.432629 0.141506 0.00988897 0.0489841 0.709554 20
0 0.565454 0.147542 0.0113668 0.0450295 0.716791 170
0 0.406758 0.140057 0.0145333 0.0410574 0.60268 172
0 0.359023 0.105562 0.00985406 0.0547666 0.510584 22
