0 0.529584 0.652171 0.030803 0.0977459 0.864031 4
0 0.115788 0.204701 0.0162639 0.0549318 0.546935 124
0 0.513568 0.198761 0.0102734 0.0535989 0.773718 88
0 0.787391 0.14119 0.0126219 0.0500968 0.753834 132
0 0.686639 0.101395 0.00787843 0.0436668 0.635102 3
0 0.415244 0.0730909 0.0103345 0.0389097 0.542373 109
0 0.165627 0.119838 0.016799 0.0578212 0.362224 127
0 0.456445 0.0985776 0.0110015 0.0451648 0.568266 136
0 0.179946 0.11064 0.0156185 0.0495765 0.331761 111
0 0.437094 0.0751603 0.00822144 0.0382207 0.555463 20
0 0.45516 0.0713349 0.00828253 0.0449456 0.499262 126
0 0.516282 0.0795485 0.012147 0.0395127 0.584561 22
0 0.502411 0.0746931 0.00863155 0.0380568 0.363374 56
0 0.46591 0.0817079 0.00821873 0.0355609 0.515117 89
