0 0.525158 0.520003 0.017315 0.0822936 0.757119 1
0 0.782379 0.566103 0.0228783 0.0914944 0.807276 2
0 0.556123 0.841039 0.0286206 0.0566677 0.673996 4
0 0.853817 0.362359 0.0182019 0.0746961 0.781439 6
0 0.642442 0.372363 0.0135282 0.0753158 0.778019 7
0 0.614802 0.288432 0.0130219 0.0619095 0.756677 10
0 0.604207 0.579002 0.0177502 0.0902184 0.716528 11
0 0.621058 0.558899 0.019549 0.0954394 0.779441 3
0 0.390052 0.248205 0.0104995 0.0579741 0.698397 5
0 0.93102 0.286239 0.0182644 0.0558568 0.631519 8
0 0.154465 0.130154 0.0156981 0.0519507 0.700977 23
0 0.985968 0.531225 0.0240421 0.0884299 0.786618 20
0 0.672715 0.224481 0.0166776 0.0562945 0.760139 13
0 0.310168 0.0445231 0.00895589 0.0298065 0.4369 22
