0 0.431632 0.707522 0.0273373 0.102762 0.879174 4
0 0.285284 0.219487 0.0198908 0.0559983 0.831935 38
0 0.35886 0.256808 0.0130207 0.0588602 0.779409 88
0 0.0207911 0.292115 0.0240269 0.0627205 0.673709 93
0 0.360863 0.116309 0.0131037 0.0391832 0.680328 71
0 0.485534 0.207905 0.0124679 0.0556523 0.739733 3
0 0.51842 0.145481 0.0133734 0.0482035 0.727726 8
0 0.235297 0.0916964 0.0104165 0.0365173 0.64677 89
0 0.334914 0.08855 0.0104354 0.0367282 0.484559 72
0 0.232133 0.149371 0.01318 0.0460964 0.705022 20
0 0.486936 0.0362836 0.0100192 0.0470154 0.267085 75
0 0.467031 0.141269 0.00986481 0.0478506 0.813512 70
0 0.267845 0.0805591 0.00953668 0.0397563 0.573668 56
0 0.163998 0.115494 0.0132402 0.0509085 0.339058 64
