0 0.527439 0.740418 0.0274516 0.116087 0.837054 4
0 0.683064 0.233861 0.0164097 0.057249 0.824876 88
0 0.727173 0.197297 0.0117392 0.0554745 0.726258 3
0 0.638058 0.16246 0.0135581 0.0505429 0.723412 41
0 0.585756 0.094061 0.0147981 0.0443189 0.557129 109
0 0.426984 0.164216 0.0102221 0.0471405 0.527579 20
0 0.483494 0.119134 0.00833883 0.0451297 0.777324 89
0 0.0440776 0.284972 0.0188717 0.0561798 0.775075 124
0 0.617077 0.156193 0.0139558 0.052187 0.753918 8
0 0.170735 0.121545 0.014108 0.0514072 0.368012 115
0 0.680866 0.13169 0.0099678 0.0474939 0.705747 126
0 0.704861 0.130052 0.014034 0.0242006 0.308048 131
0 0.522003 0.0988688 0.0104703 0.0396216 0.688326 110
0 0.730087 0.111601 0.0116681 0.0430421 0.442973 22
0 0.529686 0.0451619 0.00904417 0.0366203 0.36537 102
0 0.742832 0.119365 0.0122 0.0439576 0.349616 56
