0 0.503649 0.472492 0.018046 0.0777337 0.820817 1
0 0.738499 0.520244 0.0182512 0.0849029 0.794066 2
0 0.637545 0.490053 0.0175561 0.0791537 0.80253 3
0 0.497355 0.883388 0.0240379 0.118184 0.814066 4
0 0.362393 0.195706 0.0104761 0.0485032 0.781741 5
0 0.666404 0.380824 0.0163969 0.0747508 0.794554 6
0 0.603318 0.352762 0.0133263 0.0712854 0.762278 7
0 0.615266 0.276556 0.0140452 0.0596757 0.766812 8
0 0.650978 0.322084 0.0148605 0.0648794 0.74157 9
0 0.506064 0.224408 0.0179364 0.0563129 0.765486 10
0 0.616674 0.52688 0.0196003 0.078392 0.810846 11
0 0.772748 0.327279 0.0165521 0.0680118 0.765574 12
0 0.563993 0.182117 0.0100026 0.0529079 0.727079 13
0 0.778181 0.219161 0.0158693 0.0572037 0.646866 14
0 0.314602 0.0447644 0.00985988 0.0385384 0.350189 15
