0 0.434525 0.704214 0.0266572 0.102618 0.85038 4
0 0.0442024 0.270619 0.0188125 0.0609359 0.762265 93
0 0.36231 0.145046 0.0107985 0.0452093 0.361183 20
0 0.5219 0.112223 0.00981258 0.0482497 0.417346 8
0 0.603105 0.10572 0.0074742 0.0473905 0.535637 75
0 0.503548 0.0419871 0.0086209 0.036606 0.400994 102
0 0.530281 0.0664098 0.00778987 0.040394 0.585397 109
0 0.168861 0.118114 0.0120553 0.0499696 0.391679 64
0 0.384843 0.0830446 0.00846478 0.0404407 0.677531 56
0 0.443395 0.0895427 0.0113738 0.0555214 0.603842 41
0 0.44735 0.206512 0.010829 0.0544573 0.785228 38
0 0.338319 0.0893781 0.00988572 0.0382073 0.662951 89
0 0.567841 0.216442 0.0154964 0.049915 0.679062 88
0 0.484535 0.0974811 0.00922912 0.0386739 0.653004 22
0 0.567734 0.184643 0.0114772 0.0545643 0.612142 3
0 0.545252 0.0806708 0.0105601 0.0382611 0.512509 71
