0 0.431522 0.708836 0.0274152 0.101237 0.879702 4
0 0.282473 0.221686 0.0225013 0.0567011 0.843903 38
0 0.360604 0.260192 0.0132594 0.0613356 0.728264 88
0 0.0198212 0.293554 0.0237321 0.0625026 0.821278 93
0 0.369888 0.117232 0.0133926 0.0415402 0.652726 71
0 0.487623 0.209495 0.0107103 0.0560944 0.795884 3
0 0.525357 0.14787 0.0132613 0.0486592 0.609568 8
0 0.237235 0.0879128 0.0107942 0.0346696 0.597858 89
0 0.327321 0.0917348 0.00824019 0.0419047 0.405607 72
0 0.239857 0.1528 0.0166215 0.0464584 0.696512 20
0 0.690234 0.101854 0.010335 0.0430785 0.721962 22
0 0.487465 0.0379785 0.00893825 0.0447348 0.313788 75
0 0.473441 0.146802 0.0112419 0.0496609 0.687977 70
