0 0.403832 0.904339 0.0322571 0.117956 0.816833 4
0 0.0640709 0.582905 0.0245165 0.0771906 0.843503 38
0 0.0905486 0.276764 0.0175934 0.0560425 0.74793 20
0 0.094469 0.196471 0.0142299 0.056093 0.562267 70
0 0.442237 0.17155 0.0111293 0.0572809 0.65178 73
0 0.238903 0.208789 0.0159752 0.0487386 0.648443 71
0 0.355586 0.372178 0.0166781 0.0744503 0.801516 3
0 0.555252 0.142193 0.0105168 0.0500575 0.781658 63
0 0.399594 0.405865 0.0158093 0.0731357 0.700851 11
0 0.218556 0.162415 0.0123229 0.0441104 0.615668 72
0 0.537784 0.223724 0.0145078 0.0598143 0.734829 8
0 0.409293 0.143004 0.0128745 0.0492494 0.726541 56
0 0.160022 0.116543 0.0130685 0.0475231 0.313949 64
0 0.732398 0.207873 0.0140932 0.053293 0.806775 22
0 0.507787 0.0416765 0.00912018 0.0414964 0.488223 75
0 0.438117 0.200945 0.0132767 0.0544023 0.671314 41
