0 0.476971 0.757731 0.0213277 0.100268 0.819359 4
0 0.227306 0.449518 0.0184029 0.0782863 0.796992 38
0 0.217157 0.203293 0.0208692 0.0633328 0.68888 20
0 0.390633 0.183729 0.0158483 0.0507739 0.777377 71
0 0.550419 0.199237 0.0139493 0.0564594 0.653107 8
0 0.429156 0.112813 0.0100324 0.0454974 0.665257 56
0 0.799436 0.238252 0.0135584 0.0579397 0.393771 22
0 0.472676 0.383943 0.017487 0.068562 0.734195 88
0 0.613008 0.121077 0.00925687 0.0470455 0.611742 63
0 0.469358 0.313266 0.0124458 0.0640417 0.726864 3
0 0.395885 0.117564 0.00872828 0.0426939 0.574794 89
0 0.161796 0.116661 0.0134245 0.0486203 0.401796 64
0 0.520575 0.0457666 0.00849018 0.0365094 0.33502 75
0 0.609533 0.184519 0.0164728 0.0509538 0.675747 41
0 0.313838 0.138436 0.0106654 0.0442751 0.696733 72
