0 0.475794 0.829213 0.0319116 0.107988 0.854378 4
0 0.285561 0.344282 0.0160266 0.0683278 0.7369 38
0 0.25592 0.194117 0.0113397 0.0539901 0.763721 20
0 0.555839 0.185805 0.00892576 0.0574468 0.774682 8
0 0.739693 0.218533 0.0188778 0.0548411 0.58152 22
0 0.543109 0.349958 0.0158062 0.0681178 0.783927 88
0 0.62118 0.119719 0.012502 0.050758 0.694972 63
0 0.578979 0.303398 0.0164296 0.0654016 0.823015 3
0 0.708119 0.201243 0.0134816 0.0510728 0.732579 41
0 0.427165 0.230364 0.0153756 0.0613225 0.791106 70
0 0.161719 0.116724 0.01423 0.0502255 0.439008 64
0 0.519054 0.0454121 0.00902526 0.0366527 0.517218 75
0 0.391129 0.124651 0.00988576 0.0405617 0.66797 72
0 0.024014 0.292212 0.0248258 0.0645409 0.814771 93
0 0.539093 0.120089 0.0112953 0.042959 0.688569 56
0 0.51827 0.13259 0.00977634 0.0445292 0.727938 89
0 0.5028 0.189204 0.0118186 0.0484841 0.75125 71
0 0.159059 0.115459 0.018406 0.0528665 0.398812 94
