0 0.500681 0.65757 0.0278928 0.0970567 0.842207 4
0 0.130464 0.194213 0.0159834 0.0516873 0.786665 124
0 0.487354 0.189709 0.0113053 0.0516028 0.792935 88
0 0.16106 0.116632 0.00989712 0.0476613 0.355522 111
0 0.640923 0.127807 0.0136057 0.0461538 0.750041 3
0 0.755269 0.104971 0.0129728 0.0450129 0.760782 132
0 0.428561 0.0682104 0.00768477 0.038751 0.774548 20
0 0.177605 0.100288 0.0187263 0.0801393 0.520361 127
0 0.439445 0.0799777 0.00699291 0.0393424 0.28367 136
0 0.494328 0.0748005 0.0111612 0.044669 0.400914 22
0 0.477842 0.0676662 0.0081672 0.0384241 0.337191 154
0 0.509164 0.0529355 0.00926539 0.0422537 0.520563 126
0 0.185065 0.0870123 0.0126867 0.0800667 0.344979 156
