0 0.48564 0.778991 0.035796 0.106114 0.864002 4
0 0.0486132 0.280644 0.0162654 0.0603934 0.752936 93
0 0.739741 0.196983 0.011951 0.0521105 0.688165 38
0 0.338977 0.166224 0.00914005 0.0463296 0.591997 20
0 0.827428 0.145185 0.0126568 0.0469101 0.577741 71
0 0.552177 0.269157 0.019035 0.0557812 0.814375 88
0 0.160372 0.127096 0.0122239 0.0557516 0.564284 64
0 0.598561 0.256396 0.0150509 0.0601378 0.803164 3
0 0.172608 0.125353 0.013098 0.0531233 0.530013 115
0 0.501224 0.155906 0.0121765 0.0537559 0.559765 8
0 0.577672 0.119592 0.0114372 0.0471752 0.639838 56
0 0.563199 0.167115 0.015196 0.0507765 0.769092 41
0 0.518846 0.167163 0.0125304 0.0494929 0.777439 126
0 0.522591 0.0554119 0.00908976 0.0384935 0.34271 102
0 0.477935 0.113254 0.0129212 0.0393304 0.458124 89
0 0.339519 0.116631 0.00844841 0.0433614 0.431384 110
0 0.183136 0.112773 0.0104588 0.0452423 0.27771 111
0 0.612096 0.0958613 0.0124041 0.0372369 0.370693 22
0 0.59374 0.091021 0.0124402 0.036715 0.4719 109
