0 0.501339 0.655946 0.0304442 0.0986921 0.852408 4
0 0.12201 0.202395 0.0131037 0.0537906 0.715385 124
0 0.486836 0.188754 0.0112613 0.0517328 0.769512 88
0 0.788815 0.098365 0.0113843 0.0421251 0.437627 132
0 0.508781 0.0583647 0.01028 0.0393791 0.569399 150
0 0.183209 0.0986391 0.0131363 0.0620971 0.357997 156
0 0.457004 0.0735316 0.00812365 0.0397626 0.656663 154
0 0.677266 0.116737 0.0124896 0.0447611 0.688042 3
0 0.431149 0.0655931 0.0115865 0.0487003 0.481014 20
0 0.172544 0.115209 0.0169423 0.051888 0.364007 111
0 0.432235 0.0722827 0.0136475 0.0617902 0.373473 136
0 0.47782 0.073073 0.00956236 0.0471532 0.647785 22
