0 0.488904 0.798313 0.0343386 0.110276 0.873677 4
0 0.0620258 0.253719 0.0172642 0.058079 0.787413 93
0 0.614136 0.271432 0.0155329 0.060574 0.760189 38
0 0.320141 0.121374 0.00806573 0.0417642 0.777183 110
0 0.617002 0.172979 0.0128634 0.0514844 0.817929 22
0 0.524651 0.191986 0.0113333 0.0338933 0.50053 41
0 0.483086 0.133058 0.00964177 0.0499174 0.662972 8
0 0.404159 0.235746 0.015866 0.0582697 0.796453 20
0 0.727044 0.192148 0.0128772 0.053851 0.626272 71
0 0.443111 0.13334 0.00885849 0.0444114 0.796904 89
0 0.443589 0.261502 0.0178525 0.0687005 0.783601 88
0 0.4885 0.181807 0.0119416 0.0548481 0.640407 75
0 0.154154 0.124968 0.00774288 0.0478831 0.343259 64
0 0.457257 0.103755 0.00805632 0.0434558 0.678021 56
0 0.46129 0.0469546 0.00927327 0.0373793 0.452628 102
