0 0.48754 0.51291 0.0218309 0.0864666 0.823224 1
0 0.81125 0.562457 0.026411 0.0886811 0.826066 2
0 0.499333 0.88479 0.0319324 0.116618 0.836612 4
0 0.732167 0.423809 0.0200458 0.0784672 0.852865 6
0 0.633724 0.374332 0.0184127 0.0722178 0.831364 7
0 0.771043 0.26397 0.0169989 0.0585182 0.787654 8
0 0.897644 0.456169 0.0239679 0.0768153 0.826326 12
0 0.873282 0.471435 0.0279407 0.0806368 0.818084 20
0 0.679024 0.219413 0.01049 0.0580296 0.728796 13
0 0.6681 0.281443 0.0147129 0.060557 0.759091 10
0 0.56026 0.574147 0.012923 0.0706929 0.664497 11
0 0.550279 0.544441 0.028037 0.0710445 0.780319 3
0 0.386895 0.245964 0.0130959 0.0552251 0.744627 5
