0 0.390508 0.455998 0.0195136 0.0821795 0.829783 1
0 0.732252 0.382134 0.0180308 0.0782329 0.749588 2
0 0.527977 0.817474 0.0308616 0.110767 0.850012 4
0 0.788122 0.252906 0.0171741 0.0537153 0.697918 6
0 0.600593 0.346962 0.0154858 0.0740084 0.783263 7
0 0.539289 0.270088 0.0189605 0.0592399 0.776148 10
0 0.477673 0.519757 0.0167908 0.0830587 0.82543 11
0 0.292993 0.246676 0.0109724 0.0541256 0.819571 5
0 0.879448 0.263841 0.0177106 0.06259 0.765928 8
0 0.15382 0.130036 0.0145303 0.0496646 0.577333 31
0 0.454379 0.52134 0.0219949 0.0901593 0.819193 3
0 0.747667 0.357027 0.0187163 0.0728753 0.77515 20
0 0.845536 0.314318 0.0209238 0.0643632 0.71803 34
0 0.732216 0.217331 0.0246163 0.0488227 0.777197 13
0 0.136973 0.125825 0.0228927 0.0787391 0.783031 23
