0 0.529822 0.652456 0.0308777 0.098322 0.862677 4
0 0.115744 0.20545 0.0162981 0.0532501 0.53712 124
0 0.51342 0.19866 0.0101768 0.0531806 0.798266 88
0 0.787703 0.141365 0.0132202 0.0510821 0.712823 132
0 0.415353 0.0726853 0.0100031 0.0379145 0.47453 109
0 0.165627 0.118367 0.0179149 0.0595375 0.33142 127
0 0.446898 0.100853 0.0107576 0.0417691 0.37768 136
0 0.179509 0.110564 0.0165622 0.0502389 0.30513 111
0 0.440737 0.0758254 0.00837453 0.0346321 0.341185 20
0 0.457563 0.072901 0.00935421 0.039692 0.468841 126
0 0.522022 0.0780166 0.0123195 0.0410385 0.520095 22
0 0.504132 0.0759805 0.00711222 0.0398696 0.629855 56
0 0.467095 0.0808953 0.00739962 0.0324123 0.602216 89
0 0.53253 0.0404624 0.00912714 0.0345679 0.289792 102
