0 0.521574 0.800515 0.0424518 0.12021 0.876854 4
0 0.715449 0.247852 0.0120639 0.0594292 0.719565 88
0 0.15788 0.123773 0.0143819 0.0588171 0.650471 64
0 0.751485 0.238513 0.0116142 0.0604995 0.595028 3
0 0.669892 0.173409 0.0145385 0.051468 0.738153 41
0 0.614018 0.10342 0.0155159 0.0433341 0.620608 109
0 0.42373 0.203773 0.0119325 0.056318 0.542988 20
0 0.488745 0.127852 0.00809024 0.047865 0.720817 89
0 0.529683 0.048631 0.00863466 0.0384896 0.413498 102
0 0.765908 0.116402 0.0123775 0.0452131 0.570754 22
0 0.0278598 0.301479 0.0224476 0.0651473 0.800773 124
0 0.802983 0.142673 0.0136388 0.0491139 0.28962 56
0 0.580887 0.164727 0.0106688 0.0520137 0.742617 8
0 0.173436 0.121138 0.0148674 0.0529409 0.603882 115
0 0.183896 0.101185 0.0139633 0.0674869 0.450484 127
0 0.837029 0.167214 0.0177687 0.0478287 0.509209 38
0 0.697115 0.152327 0.0118052 0.0500847 0.685725 126
0 0.184646 0.109784 0.0121861 0.0543528 0.535758 111
