0 0.425942 0.547903 0.0192224 0.0875128 0.835394 4
0 0.0988689 0.215206 0.0149425 0.0536304 0.70602 124
0 0.379683 0.201199 0.0196192 0.0512704 0.797305 88
0 0.351216 0.0687304 0.0124512 0.0365592 0.539037 22
0 0.179059 0.110444 0.0132659 0.0555635 0.360444 127
0 0.168886 0.113226 0.0140862 0.0493605 0.372387 111
0 0.449113 0.130291 0.0117186 0.0456122 0.309913 162
0 0.633708 0.122571 0.00885557 0.0451477 0.661073 3
0 0.53966 0.0843074 0.00942516 0.0395201 0.508592 150
0 0.409453 0.0581823 0.0108129 0.0369459 0.486354 20
0 0.494213 0.0661721 0.00855738 0.0351959 0.555405 137
0 0.428624 0.0500911 0.00756308 0.0380298 0.269609 168
0 0.668973 0.0694712 0.00764383 0.037133 0.743866 165
0 0.645782 0.129472 0.00986869 0.045778 0.780189 132
