0 0.41815 0.544797 0.0237297 0.0872442 0.867754 4
0 0.0991175 0.212874 0.0166937 0.0527649 0.729257 124
0 0.180202 0.10679 0.0118423 0.0646747 0.296107 127
0 0.170937 0.11295 0.0132989 0.0528869 0.253063 111
0 0.581937 0.147163 0.0164438 0.057694 0.75246 132
0 0.391745 0.064093 0.0102725 0.0358646 0.519411 20
0 0.397288 0.176023 0.0134647 0.0401659 0.769775 88
0 0.434393 0.0922938 0.0122539 0.0363011 0.556453 137
0 0.516966 0.0629066 0.008264 0.0364317 0.499672 170
0 0.496473 0.0416563 0.00870186 0.0353517 0.382028 171
0 0.346873 0.0547684 0.00815859 0.0354403 0.260104 22
0 0.358658 0.0504741 0.0088514 0.0370103 0.439355 172
0 0.444305 0.0672451 0.00975412 0.0515293 0.464501 168
0 0.39407 0.125104 0.0113736 0.0428073 0.32715 162
0 0.305441 0.0415199 0.00927598 0.0339286 0.374487 109
