0 0.420416 0.63851 0.0310227 0.097719 0.885105 4
0 0.423464 0.207264 0.0127241 0.055702 0.645041 11
0 0.0762033 0.21861 0.0163745 0.0522062 0.718725 65
0 0.489038 0.0436949 0.0115939 0.0460295 0.39376 22
0 0.647834 0.0489859 0.00921593 0.0386156 0.411432 8
0 0.513805 0.182922 0.0131368 0.0624671 0.763132 3
0 0.163938 0.119905 0.0142664 0.0541283 0.418851 64
0 0.562765 0.0680943 0.00718486 0.0383185 0.572413 63
0 0.476379 0.0572021 0.0132709 0.0336254 0.424902 41
0 0.441593 0.0597559 0.0139955 0.040383 0.611424 20
