0 0.487508 0.799375 0.0350615 0.109823 0.866878 4
0 0.0616832 0.254553 0.0165615 0.0583367 0.780357 93
0 0.605564 0.286892 0.0158023 0.0643186 0.819294 38
0 0.442891 0.263055 0.0174697 0.0691095 0.799035 3
0 0.317605 0.12156 0.00800829 0.0420033 0.753106 110
0 0.615146 0.171251 0.0151948 0.0498271 0.803766 22
0 0.524731 0.191051 0.0110224 0.0406719 0.437165 41
0 0.486326 0.139901 0.0110271 0.0482768 0.640255 8
0 0.418058 0.249066 0.0122976 0.0559685 0.795551 20
0 0.694473 0.186745 0.00937525 0.0521425 0.700579 71
0 0.467342 0.0478158 0.00994898 0.0425046 0.522717 102
0 0.438211 0.133976 0.00774199 0.0462116 0.635026 89
0 0.502422 0.186694 0.0127384 0.0538085 0.74604 75
0 0.478837 0.106207 0.00911833 0.0441166 0.479675 56
0 0.523469 0.193588 0.0109619 0.0348722 0.314563 119
