0 0.523031 0.492442 0.0219903 0.0819225 0.828606 1
0 0.798795 0.505191 0.0187705 0.0887103 0.793621 2
0 0.53326 0.884632 0.0261597 0.120972 0.718383 4
0 0.874544 0.327211 0.0186807 0.0683526 0.318627 6
0 0.634909 0.35912 0.0142322 0.0735436 0.793986 7
0 0.58586 0.302098 0.0144182 0.0627915 0.811288 10
0 0.578663 0.545613 0.0227025 0.0847284 0.772099 11
0 0.386566 0.248288 0.0132303 0.0529367 0.761257 5
0 0.956336 0.304007 0.0226201 0.0622478 0.714132 8
0 0.147563 0.132687 0.0147136 0.0460991 0.401136 23
0 0.154537 0.12526 0.0138968 0.0489199 0.381534 31
0 0.55611 0.533093 0.0229065 0.0786458 0.820464 3
0 0.897904 0.446233 0.0314417 0.0828633 0.841421 20
0 0.983828 0.400096 0.0184006 0.0735528 0.763816 34
0 0.231482 0.0400337 0.00931797 0.0400009 0.311872 35
0 0.871499 0.329103 0.0141462 0.0635959 0.361317 36
0 0.730641 0.223928 0.0161287 0.0555699 0.663997 13
