0 0.459358 0.765695 0.0334641 0.104304 0.877599 4
0 0.430958 0.236095 0.0153782 0.0580789 0.795582 11
0 0.572554 0.227251 0.0109861 0.0564324 0.581519 3
0 0.509657 0.099126 0.00858644 0.0433856 0.368531 20
0 0.661529 0.198298 0.0146414 0.0539881 0.752609 38
0 0.165825 0.0975345 0.0161675 0.0636491 0.375383 64
0 0.410499 0.0796157 0.0097731 0.0450927 0.50439 1
0 0.436864 0.0731649 0.0093771 0.0504067 0.453079 55
0 0.418088 0.0658446 0.00886571 0.039255 0.587455 22
0 0.66597 0.0735864 0.00918452 0.0418025 0.536979 41
0 0.440208 0.128658 0.0126166 0.0466309 0.662702 13
0 0.497622 0.14039 0.0116093 0.0515021 0.694429 8
0 0.598057 0.114856 0.0111659 0.046163 0.619002 56
