0 0.464171 0.856464 0.0343815 0.130137 0.861194 4
0 0.559214 0.273252 0.022659 0.0483184 0.783196 11
0 0.0331969 0.271659 0.0240048 0.0570753 0.785609 65
0 0.162301 0.114227 0.0132102 0.0538289 0.620987 64
0 0.619768 0.262918 0.0131119 0.0580913 0.767468 38
0 0.68734 0.113802 0.0106754 0.047042 0.764509 8
0 0.51745 0.0950774 0.0102013 0.0421933 0.608156 56
0 0.589115 0.140349 0.00966613 0.0488954 0.74744 22
0 0.382124 0.132931 0.0104919 0.0414753 0.804723 71
0 0.570493 0.247303 0.0160811 0.047649 0.665102 3
0 0.313197 0.19049 0.0130666 0.052035 0.749398 20
0 0.346436 0.0949529 0.00809622 0.042071 0.773574 70
0 0.548729 0.132502 0.0101535 0.0482788 0.371975 41
0 0.431323 0.102225 0.00895147 0.0387833 0.650546 72
0 0.49834 0.147242 0.0111067 0.0504878 0.572024 73
0 0.5763 0.0909298 0.0106002 0.0389746 0.386237 63
