0 0.433175 0.709474 0.0270405 0.10279 0.864415 4
0 0.322715 0.196144 0.014356 0.0540736 0.800043 38
0 0.394843 0.256051 0.0187841 0.0574112 0.790727 88
0 0.035677 0.277742 0.0233628 0.0620569 0.82167 93
0 0.326591 0.124101 0.0128487 0.0415924 0.392885 71
0 0.479293 0.19405 0.0119501 0.0552305 0.766414 3
0 0.216956 0.148331 0.0145289 0.0475165 0.730755 20
0 0.295522 0.10392 0.011482 0.044945 0.402624 56
0 0.687684 0.0885541 0.00929686 0.0431678 0.743183 22
0 0.457003 0.0905105 0.0091396 0.0421861 0.644441 63
0 0.164775 0.116298 0.012432 0.0514232 0.341625 64
0 0.457797 0.143455 0.0103636 0.0494049 0.697279 8
0 0.234839 0.110566 0.0104486 0.0441053 0.539003 89
0 0.553573 0.0787253 0.0130362 0.038388 0.492853 41
0 0.505653 0.0414624 0.00910622 0.0362596 0.423034 75
0 0.415177 0.0859024 0.0107619 0.0506276 0.681178 72
