0 0.458451 0.808735 0.032359 0.126218 0.892813 4
0 0.563783 0.267429 0.0179533 0.0579784 0.782173 11
0 0.0476633 0.250502 0.0210957 0.055601 0.801368 65
0 0.162419 0.113947 0.012966 0.054823 0.66046 64
0 0.638259 0.220921 0.0154388 0.053939 0.752215 38
0 0.690713 0.099648 0.0101435 0.044307 0.659098 8
0 0.517696 0.0882329 0.0103957 0.0425809 0.676311 56
0 0.568004 0.084183 0.0100258 0.0419947 0.629581 63
0 0.502554 0.13388 0.0103848 0.0469285 0.771551 73
0 0.589298 0.128758 0.00939039 0.045041 0.689668 22
0 0.384422 0.11701 0.00911659 0.0390884 0.703668 71
0 0.606002 0.218581 0.0167994 0.0517071 0.785777 3
0 0.305116 0.172299 0.0118306 0.0483281 0.73179 20
0 0.342812 0.0862416 0.00796693 0.0383437 0.711624 70
0 0.548554 0.119709 0.00942732 0.047574 0.522151 41
0 0.440207 0.0931712 0.00818446 0.0369146 0.556309 72
