0 0.429929 0.797092 0.0359627 0.11141 0.837284 4
0 0.166197 0.500681 0.0263507 0.0816857 0.852357 38
0 0.155885 0.250886 0.0135224 0.0628033 0.763118 20
0 0.111315 0.192928 0.0114992 0.0544926 0.681622 70
0 0.275258 0.208975 0.0151092 0.0540608 0.744854 71
0 0.536429 0.21391 0.0111605 0.0606287 0.772429 8
0 0.38391 0.128445 0.0106238 0.0465954 0.61082 56
0 0.7993 0.208214 0.0143387 0.0567632 0.590031 22
0 0.508729 0.0426455 0.00972433 0.0423497 0.364521 75
0 0.466893 0.191611 0.0167397 0.0498451 0.716464 41
0 0.380783 0.369422 0.0141953 0.0645534 0.770386 88
0 0.558168 0.130278 0.0146543 0.0435072 0.675303 63
0 0.412695 0.334202 0.0182266 0.0711441 0.795696 3
0 0.363133 0.135878 0.0101307 0.0468957 0.71281 89
0 0.260695 0.153044 0.00968781 0.0464074 0.694134 72
