0 0.428707 0.552303 0.0197636 0.0911607 0.845169 4
0 0.0997964 0.214864 0.0156401 0.0532916 0.670218 124
0 0.389669 0.199511 0.0132162 0.0497638 0.764914 88
0 0.361495 0.0689936 0.0102007 0.0374906 0.642231 22
0 0.651408 0.126691 0.0115165 0.0437519 0.532914 132
0 0.179102 0.105567 0.0135235 0.0653894 0.374124 127
0 0.168676 0.112438 0.0140145 0.0510285 0.389981 111
0 0.4538 0.128106 0.0106662 0.0462236 0.787438 162
0 0.636444 0.121079 0.0110825 0.0464398 0.697995 3
0 0.496285 0.0550273 0.00954533 0.0559689 0.567883 153
0 0.546159 0.0830601 0.00997785 0.0384621 0.604194 150
0 0.25624 0.0514593 0.00959001 0.0224557 0.322334 154
0 0.269657 0.0474212 0.0106773 0.0407242 0.458121 109
