0 0.422426 0.633306 0.0308157 0.0975562 0.848183 4
0 0.431325 0.208894 0.0121498 0.0554527 0.791152 11
0 0.56964 0.177609 0.0136367 0.0530427 0.808948 38
0 0.0478697 0.248562 0.0179205 0.0609207 0.811188 65
0 0.506195 0.196223 0.0146954 0.0550525 0.809509 3
0 0.154165 0.121341 0.0119769 0.0535594 0.387606 64
0 0.482316 0.0903544 0.011001 0.0573875 0.650167 5
0 0.289732 0.0418567 0.00938018 0.0363178 0.45024 13
0 0.497289 0.0702293 0.0104479 0.0548613 0.441159 56
0 0.170044 0.103105 0.0113829 0.051801 0.265999 67
0 0.567069 0.0815622 0.0113579 0.0522847 0.370174 63
0 0.572495 0.0830513 0.0128743 0.0480741 0.423849 8
