0 0.433621 0.791542 0.0299591 0.111158 0.855486 4
0 0.177002 0.493656 0.024316 0.0810286 0.847503 38
0 0.162021 0.24242 0.0131031 0.0602477 0.738562 20
0 0.120385 0.191104 0.013244 0.0519625 0.69878 70
0 0.291536 0.205939 0.0172929 0.051849 0.779904 71
0 0.537308 0.210442 0.012358 0.0597864 0.79625 8
0 0.386634 0.126489 0.0107854 0.0444488 0.669007 56
0 0.802973 0.215043 0.0158508 0.0545157 0.790157 22
0 0.510045 0.04296 0.0100216 0.0409756 0.362783 75
0 0.487967 0.19243 0.0169975 0.0475799 0.721411 41
0 0.391552 0.377602 0.0209562 0.066359 0.790752 88
0 0.570627 0.129805 0.0123301 0.0437538 0.679388 63
0 0.42029 0.327457 0.0137694 0.0673173 0.786716 3
0 0.361974 0.131204 0.00930007 0.044353 0.777939 89
0 0.268859 0.153353 0.015664 0.0461213 0.709688 72
