0 0.502533 0.766135 0.0288398 0.110097 0.857675 4
0 0.261226 0.418239 0.0190648 0.0761796 0.823599 38
0 0.251444 0.200745 0.0175758 0.0529749 0.784155 20
0 0.44351 0.173128 0.0124668 0.0471241 0.748144 71
0 0.564698 0.195898 0.00955798 0.0576426 0.736948 8
0 0.460952 0.108579 0.0110036 0.0422411 0.75026 56
0 0.80457 0.250109 0.0143611 0.0607643 0.752873 22
0 0.526808 0.377212 0.0164054 0.0638206 0.777387 88
0 0.616432 0.117442 0.0107245 0.0458977 0.688255 63
0 0.504267 0.312412 0.0123736 0.0649451 0.727494 3
0 0.681385 0.193971 0.0163015 0.0535895 0.777701 41
0 0.348024 0.129728 0.0121704 0.0417006 0.583599 72
0 0.290482 0.188632 0.0190204 0.0528704 0.824867 70
0 0.434795 0.116823 0.00891752 0.0421457 0.70373 89
