0 0.531763 0.65314 0.0304955 0.0994038 0.86673 4
0 0.11704 0.204983 0.0144669 0.0531571 0.684903 124
0 0.461365 0.0818632 0.00792249 0.0408065 0.680488 89
0 0.484492 0.194769 0.01132 0.0510418 0.778034 88
0 0.795994 0.143754 0.0116961 0.0503545 0.781206 132
0 0.496565 0.0754594 0.0100477 0.0422772 0.637432 56
0 0.643157 0.112517 0.0121543 0.0453208 0.777029 136
0 0.68628 0.100371 0.010058 0.045762 0.531332 3
0 0.414093 0.0779095 0.00729678 0.0404466 0.500296 109
0 0.533159 0.0407394 0.0100216 0.034513 0.307166 102
0 0.431775 0.0748653 0.0103959 0.0442986 0.344838 126
