0 0.418273 0.652069 0.0304503 0.0979924 0.869937 4
0 0.351225 0.199931 0.0133516 0.0550428 0.754242 11
0 0.0749954 0.218133 0.0168514 0.0540288 0.682758 65
0 0.645263 0.0617507 0.00889931 0.0414277 0.678411 8
0 0.486422 0.172213 0.00997502 0.0528616 0.798668 3
0 0.162272 0.112029 0.0127471 0.0538556 0.622957 64
0 0.355738 0.095905 0.00978527 0.04253 0.653526 41
0 0.621704 0.14453 0.0103255 0.052006 0.776636 38
0 0.213911 0.114679 0.0133172 0.0429605 0.696423 20
0 0.479443 0.067956 0.00760148 0.0322356 0.609278 22
0 0.257962 0.0718694 0.00899671 0.0354101 0.528886 71
0 0.220328 0.0729533 0.0125793 0.0349208 0.488719 70
0 0.507544 0.063148 0.00707839 0.0403991 0.659503 73
0 0.406915 0.0608573 0.00839666 0.0345326 0.475345 72
