0 0.530931 0.652714 0.0305908 0.0988254 0.869868 4
0 0.116604 0.20706 0.0143205 0.0493332 0.624887 124
0 0.527882 0.211423 0.0119067 0.0553122 0.760989 88
0 0.165149 0.118221 0.0198205 0.0626473 0.357517 127
0 0.652219 0.111149 0.00967592 0.0421039 0.382163 3
0 0.712168 0.188711 0.0103978 0.0551725 0.770764 132
0 0.512939 0.051821 0.0116989 0.0466913 0.305805 109
0 0.179211 0.0998503 0.0193364 0.0620456 0.266684 111
0 0.559462 0.0575741 0.00825386 0.0391398 0.57372 20
0 0.529125 0.103005 0.00965509 0.0428625 0.747443 89
0 0.545126 0.0695111 0.00772858 0.0210291 0.547254 22
0 0.486054 0.0782051 0.00838105 0.0369468 0.587192 126
0 0.45355 0.100312 0.0119926 0.043763 0.736504 136
0 0.498214 0.0573419 0.0115389 0.0394143 0.425834 137
0 0.576812 0.0539474 0.00952975 0.0371835 0.410887 56
