0 0.509776 0.824797 0.0261991 0.106687 0.848179 4
0 0.822691 0.17129 0.0160503 0.0423572 0.367128 38
0 0.834592 0.154329 0.0154404 0.0415011 0.300335 71
0 0.714586 0.282075 0.015863 0.0630219 0.785186 88
0 0.159563 0.119642 0.0160092 0.0614984 0.46093 64
0 0.747194 0.254992 0.014846 0.0622879 0.780101 3
0 0.521339 0.0448716 0.00977885 0.0404223 0.395972 102
0 0.394983 0.224975 0.0105883 0.0563312 0.806834 20
0 0.582743 0.177186 0.0162358 0.0479115 0.642356 126
0 0.562408 0.19255 0.0145951 0.0510142 0.717325 41
0 0.496537 0.176845 0.0104077 0.0538258 0.731849 8
0 0.720257 0.156857 0.0152032 0.0497231 0.420301 56
0 0.642826 0.14185 0.00989437 0.0499482 0.743276 109
0 0.720192 0.102144 0.0105239 0.0441577 0.535141 22
0 0.481574 0.134928 0.0115018 0.0453908 0.729907 89
0 0.184224 0.0976253 0.0134387 0.0674221 0.40146 127
