0 0.497473 0.523223 0.0165615 0.0824943 0.828513 1
0 0.804165 0.565677 0.0256163 0.085171 0.771487 2
0 0.555226 0.830489 0.0262765 0.0622893 0.772986 4
0 0.801396 0.37365 0.0271397 0.0732498 0.824281 6
0 0.647013 0.37926 0.0123019 0.0703804 0.787368 7
0 0.652983 0.274348 0.0117114 0.0593615 0.729947 10
0 0.576639 0.576162 0.0235592 0.080441 0.732927 11
0 0.58833 0.545869 0.0154439 0.0778193 0.568322 3
0 0.389368 0.248959 0.00994136 0.0559076 0.740285 5
0 0.882678 0.277317 0.0227339 0.0620046 0.771915 8
0 0.154591 0.128899 0.014171 0.0538 0.649388 23
0 0.981814 0.539978 0.0333801 0.0779192 0.750165 9
0 0.949672 0.532512 0.0293294 0.0873483 0.821332 20
0 0.669357 0.224011 0.0139212 0.0596553 0.700415 13
0 0.281402 0.0472519 0.0071393 0.0294835 0.312112 22
