0 0.480291 0.777911 0.0267728 0.103656 0.85532 4
0 0.0466539 0.271236 0.0220359 0.0557775 0.760228 93
0 0.715756 0.246088 0.0151793 0.0605702 0.783772 38
0 0.320968 0.18648 0.0126203 0.0523019 0.790626 20
0 0.819251 0.167275 0.016389 0.0527464 0.780214 71
0 0.533214 0.271224 0.0145037 0.0609762 0.802615 88
0 0.159728 0.125637 0.0127348 0.055739 0.582534 64
0 0.472925 0.122925 0.0124583 0.0430203 0.588653 89
0 0.557611 0.264691 0.0174943 0.0617858 0.82254 3
0 0.185182 0.112944 0.0102098 0.046653 0.409226 111
0 0.170649 0.119393 0.0123027 0.0491813 0.466622 115
0 0.653789 0.0765553 0.00834217 0.0401822 0.44031 109
0 0.670025 0.116292 0.0119861 0.0424517 0.689937 22
0 0.506191 0.160862 0.0106255 0.0524695 0.720425 8
0 0.514962 0.117633 0.0124368 0.0409267 0.640597 56
0 0.18306 0.11346 0.0136513 0.0455796 0.379602 123
0 0.303094 0.122159 0.00974913 0.04299 0.6947 110
0 0.501814 0.0601321 0.00923859 0.036294 0.450387 102
