0 0.488967 0.558007 0.0216215 0.086496 0.836585 4
0 0.115416 0.207595 0.0187355 0.0491222 0.671425 124
0 0.509065 0.180019 0.0102627 0.0508977 0.748039 88
0 0.183242 0.0938922 0.0139622 0.0700968 0.437241 156
0 0.4311 0.048773 0.00745605 0.0351859 0.375608 20
0 0.172284 0.113094 0.0179752 0.0549562 0.329114 111
0 0.459689 0.0818768 0.0128491 0.0366576 0.646045 154
0 0.749961 0.0778443 0.0119876 0.0400503 0.52998 132
0 0.506306 0.0902516 0.00949818 0.0410707 0.686677 22
0 0.521133 0.109255 0.00943123 0.0430179 0.740865 162
0 0.513721 0.0418092 0.00867516 0.0350225 0.30805 153
0 0.0204741 0.265946 0.0291786 0.0585254 0.830559 163
0 0.696316 0.105221 0.00917791 0.0440874 0.723805 3
0 0.595096 0.0478864 0.00906372 0.0373673 0.375723 136
0 0.567627 0.0558194 0.0112299 0.0407264 0.326972 137
