0 0.488898 0.798938 0.0339814 0.111234 0.872999 4
0 0.0612181 0.253734 0.017739 0.0582795 0.8107 93
0 0.620937 0.27205 0.0146199 0.0601864 0.809499 38
0 0.308657 0.119413 0.00995541 0.0424918 0.661213 110
0 0.623998 0.167933 0.0106617 0.0504025 0.493129 22
0 0.524948 0.192138 0.0104392 0.0332869 0.530875 41
0 0.491061 0.13929 0.00935907 0.0490587 0.727937 8
0 0.35546 0.22022 0.0135228 0.0562196 0.741004 20
0 0.770662 0.18823 0.0122815 0.0548614 0.740792 71
0 0.433424 0.272113 0.0167947 0.0598894 0.799289 88
0 0.470986 0.174065 0.010156 0.0517204 0.764336 75
0 0.158336 0.122613 0.00973031 0.0488285 0.380377 64
0 0.454352 0.103157 0.0113596 0.0449462 0.605872 56
0 0.708096 0.101648 0.0117207 0.0443483 0.653394 109
0 0.44614 0.25792 0.0140849 0.0613587 0.764149 3
0 0.413455 0.124686 0.00961704 0.0450515 0.684915 89
0 0.186336 0.11294 0.00992676 0.0429971 0.38728 111
0 0.173331 0.119486 0.0158579 0.0521244 0.470073 115
