0 0.530327 0.656228 0.0310552 0.100411 0.86387 4
0 0.53315 0.210088 0.0127036 0.0542994 0.776439 88
0 0.0985991 0.218557 0.0171111 0.0562336 0.739909 124
0 0.76306 0.135424 0.0141004 0.0481567 0.70422 8
0 0.792241 0.139039 0.010372 0.0447158 0.740588 132
0 0.69268 0.107875 0.00916824 0.0445072 0.662468 3
0 0.466639 0.0879946 0.00865046 0.0412945 0.303243 89
0 0.390028 0.0804289 0.00810083 0.0376036 0.536971 20
0 0.494433 0.135588 0.0110889 0.0502325 0.752623 41
0 0.533726 0.0441135 0.00866407 0.0338227 0.260937 102
0 0.187117 0.106826 0.0109109 0.0477497 0.267831 111
0 0.636294 0.106063 0.0117534 0.042958 0.522306 131
0 0.594454 0.0930211 0.00884775 0.0436492 0.619772 22
0 0.420443 0.0774057 0.0102775 0.0402738 0.583619 109
0 0.542817 0.101383 0.00908464 0.0397036 0.34466 126
