0 0.529982 0.654343 0.0305797 0.0980186 0.858963 4
0 0.115723 0.207438 0.0169253 0.0534313 0.654111 124
0 0.458549 0.0850113 0.0110035 0.045614 0.584125 89
0 0.50655 0.203481 0.00977255 0.0526176 0.797404 88
0 0.794664 0.144764 0.012747 0.0481341 0.781452 132
0 0.492333 0.0783672 0.00811392 0.0373552 0.552473 56
0 0.68539 0.101914 0.00925891 0.0433873 0.671102 3
0 0.416637 0.0754679 0.00976528 0.0392183 0.562254 109
0 0.446206 0.0708882 0.00822633 0.0386379 0.533405 126
0 0.165051 0.120945 0.018184 0.0586766 0.487688 127
0 0.481939 0.0842062 0.00772359 0.0426085 0.604745 22
0 0.522454 0.105857 0.0106093 0.0468472 0.749489 136
0 0.431458 0.0750442 0.00760256 0.03739 0.490837 20
0 0.179529 0.1119 0.0158068 0.0486995 0.384809 111
0 0.532355 0.0420199 0.00920439 0.0354038 0.320951 102
