0 0.520241 0.484071 0.0165045 0.0774256 0.77907 1
0 0.731412 0.550156 0.0210608 0.0880532 0.801381 2
0 0.570795 0.50851 0.0209293 0.0679654 0.712364 3
0 0.496407 0.882847 0.0338668 0.117541 0.841919 4
0 0.367588 0.216857 0.00979195 0.0472821 0.778428 5
0 0.709345 0.399197 0.0206402 0.0728508 0.68864 6
0 0.60336 0.371514 0.0160889 0.0758942 0.793354 7
0 0.652447 0.259892 0.0151149 0.0579603 0.769293 8
0 0.570454 0.240342 0.0131346 0.0568156 0.699244 10
0 0.56756 0.565466 0.018174 0.0809407 0.73029 11
0 0.791597 0.364434 0.0168573 0.0737168 0.77372 12
0 0.865002 0.255267 0.0212501 0.064339 0.801623 14
0 0.718144 0.366555 0.0139023 0.0714358 0.683033 20
0 0.604644 0.191772 0.0129481 0.0543897 0.752247 13
