0 0.42053 0.635032 0.0302668 0.0956176 0.88047 4
0 0.439253 0.208907 0.0102621 0.0548751 0.808635 11
0 0.529432 0.189639 0.012533 0.0538408 0.786605 38
0 0.0713035 0.228587 0.0209085 0.0571729 0.810132 65
0 0.506301 0.194968 0.0143577 0.0568022 0.797302 3
0 0.514516 0.0683919 0.00931409 0.0550897 0.459923 56
0 0.541542 0.0571335 0.00932045 0.0377048 0.349013 63
0 0.504932 0.0825409 0.0102317 0.0464069 0.71345 1
0 0.603638 0.0682502 0.00970071 0.0416797 0.719419 8
0 0.484439 0.0579293 0.00825186 0.0349246 0.525489 20
0 0.542575 0.0605166 0.00840524 0.0430067 0.329879 41
0 0.536777 0.0654526 0.011014 0.0415838 0.355253 22
