0 0.379764 0.748239 0.0270473 0.105879 0.852573 4
0 0.593465 0.275364 0.0129295 0.0617468 0.770821 38
0 0.342557 0.270934 0.0126269 0.0609767 0.722287 3
0 0.12364 0.157055 0.0141364 0.0675833 0.388288 39
0 0.298225 0.347454 0.0166402 0.0649879 0.732156 11
0 0.229009 0.149236 0.0126004 0.0366641 0.32678 5
0 0.393081 0.209353 0.0106106 0.053767 0.714865 8
0 0.2285 0.201319 0.014601 0.0530227 0.655494 13
0 0.0627309 0.24013 0.0165402 0.0529517 0.576607 1
0 0.491006 0.0531557 0.00860278 0.0369852 0.297936 22
0 0.538788 0.149286 0.012255 0.0494659 0.661939 41
0 0.366622 0.216317 0.015067 0.0551695 0.667348 7
0 0.307798 0.172553 0.0158685 0.0478214 0.66702 20
0 0.116839 0.19693 0.0125918 0.0495712 0.4636 55
0 0.380556 0.190251 0.00981855 0.0496106 0.67683 56
0 0.326888 0.137794 0.0106648 0.0461356 0.517967 6
