0 0.496452 0.756938 0.0294336 0.105059 0.86501 4
0 0.116259 0.205297 0.0148163 0.0528801 0.583988 124
0 0.523325 0.21082 0.0153079 0.0550835 0.774786 88
0 0.720379 0.21347 0.0186769 0.0561057 0.810885 132
0 0.179747 0.111451 0.0130309 0.0517192 0.461417 111
0 0.481932 0.0800484 0.00978549 0.0390025 0.471717 89
0 0.497362 0.0956479 0.0103325 0.044265 0.726455 136
0 0.481058 0.0903236 0.00963173 0.048554 0.33759 126
0 0.627304 0.155478 0.0134562 0.0502434 0.71799 3
0 0.531607 0.0646565 0.0099301 0.0402036 0.352234 109
0 0.162411 0.11324 0.0110133 0.0470568 0.308682 127
0 0.517339 0.0580285 0.00761932 0.0397826 0.305917 137
0 0.542926 0.0431037 0.0085474 0.0477395 0.344095 22
0 0.47753 0.0970504 0.00938133 0.04006 0.413659 142
