0 0.499618 0.849236 0.0293672 0.112107 0.846844 4
0 0.00678898 0.318749 0.013578 0.0576767 0.780592 93
0 0.750326 0.214545 0.0153146 0.0562474 0.731759 38
0 0.807633 0.153712 0.0165254 0.0508715 0.645229 71
0 0.592707 0.279223 0.0136705 0.0613967 0.797404 88
0 0.16121 0.125149 0.0132961 0.0567428 0.549322 64
0 0.641785 0.262753 0.0200029 0.056948 0.833684 3
0 0.521303 0.0479349 0.00915591 0.0376522 0.288705 102
0 0.184637 0.110392 0.0102934 0.0477953 0.375995 111
0 0.443812 0.136248 0.00875193 0.0451318 0.735495 89
0 0.373895 0.194616 0.0112074 0.0512997 0.564624 20
0 0.466589 0.159374 0.0103925 0.0498491 0.753491 8
0 0.515456 0.148132 0.00983782 0.0467774 0.684077 126
0 0.493739 0.096217 0.00870142 0.0399938 0.473028 110
0 0.59297 0.162503 0.0183569 0.0532449 0.718688 109
0 0.681633 0.110219 0.0103456 0.04482 0.618173 22
0 0.485149 0.175055 0.0121606 0.0520682 0.724641 41
0 0.568535 0.178831 0.0168694 0.0490457 0.557008 56
0 0.17429 0.119718 0.0146597 0.0533381 0.30401 115
