0 0.496642 0.659682 0.0322438 0.096683 0.879114 4
0 0.11594 0.207021 0.0159264 0.0541661 0.647734 124
0 0.485934 0.18671 0.011472 0.0526418 0.748786 88
0 0.621444 0.145268 0.0108632 0.0469062 0.781921 3
0 0.478913 0.073638 0.00887756 0.0382263 0.426317 126
0 0.488674 0.0756618 0.0109622 0.0463655 0.569636 20
0 0.185128 0.110236 0.00990992 0.045083 0.315447 127
0 0.539151 0.0598349 0.00806541 0.0396956 0.391135 109
0 0.690142 0.117279 0.00896397 0.0464231 0.757722 132
0 0.550655 0.043734 0.00821991 0.0381365 0.405323 137
