0 0.502086 0.504795 0.0135089 0.0780415 0.743581 1
0 0.75981 0.556072 0.0253095 0.0835872 0.824929 2
0 0.497907 0.882981 0.0321165 0.117176 0.839536 4
0 0.743164 0.438066 0.0150405 0.0786402 0.799184 6
0 0.60593 0.373641 0.0114347 0.0778865 0.767322 7
0 0.710268 0.255905 0.0162837 0.058179 0.717961 8
0 0.845945 0.40815 0.0237848 0.071771 0.743322 12
0 0.961296 0.311205 0.0222686 0.0680101 0.596505 14
0 0.798915 0.425221 0.0194419 0.0752635 0.757705 20
0 0.639049 0.212284 0.0129047 0.0567931 0.672806 13
0 0.497223 0.0548579 0.00887346 0.0392221 0.329438 16
0 0.62566 0.258986 0.0139646 0.0579644 0.462291 10
0 0.555233 0.572112 0.0270983 0.0720681 0.632961 11
0 0.546613 0.542523 0.0257018 0.0659388 0.477271 3
