0 0.420635 0.647166 0.0313657 0.101669 0.862944 4
0 0.410947 0.213758 0.0148328 0.0547759 0.80406 11
0 0.0766783 0.218502 0.0167445 0.0523454 0.743889 65
0 0.644884 0.0504521 0.00721277 0.037884 0.633878 8
0 0.504464 0.176046 0.010067 0.0514978 0.758251 3
0 0.163325 0.116122 0.0118589 0.0563098 0.455903 64
0 0.560996 0.0722988 0.00806084 0.0416062 0.744339 63
0 0.442904 0.0598947 0.0102492 0.0334914 0.630219 41
0 0.237409 0.0469186 0.00865725 0.0346113 0.402924 70
0 0.41826 0.0570984 0.0115838 0.031054 0.535581 71
0 0.523772 0.180961 0.0123322 0.0557381 0.485761 38
0 0.404097 0.0769868 0.0144103 0.0353413 0.468025 20
0 0.15527 0.126335 0.0130441 0.0451807 0.507976 67
0 0.483902 0.0524944 0.00939 0.0376029 0.529342 22
