0 0.479948 0.804179 0.02841 0.114013 0.85999 4
0 0.0449186 0.283852 0.0232729 0.058227 0.798357 93
0 0.733445 0.190337 0.00975049 0.0508551 0.741716 38
0 0.348464 0.159964 0.0102062 0.0482042 0.25542 20
0 0.815543 0.138787 0.0105735 0.0498829 0.679712 71
0 0.542443 0.275693 0.0200389 0.0549254 0.833179 88
0 0.161443 0.126965 0.0134956 0.0566088 0.550229 64
0 0.604572 0.262082 0.0162451 0.0592687 0.80637 3
0 0.174199 0.12298 0.0139638 0.0507579 0.337794 115
0 0.530505 0.131842 0.0114509 0.0402168 0.621834 41
0 0.496375 0.148969 0.0109234 0.0429503 0.761774 126
0 0.184054 0.108249 0.0119834 0.0547232 0.368261 111
0 0.479015 0.158441 0.0114613 0.0508272 0.764903 8
0 0.183567 0.0992659 0.013979 0.0677965 0.403916 127
0 0.373362 0.108406 0.0133659 0.0355645 0.698554 110
0 0.617559 0.0993428 0.0109924 0.042644 0.692938 22
0 0.520684 0.0485781 0.0103004 0.0402011 0.449524 102
0 0.557732 0.124464 0.0108554 0.042859 0.396647 109
0 0.547233 0.139368 0.0160189 0.0369222 0.586151 56
