0 0.531277 0.652056 0.0307894 0.0984168 0.866455 4
0 0.11688 0.20648 0.0147012 0.0506595 0.650352 124
0 0.461274 0.0824469 0.00839396 0.0400023 0.707867 89
0 0.481786 0.19238 0.0099994 0.0516768 0.824215 88
0 0.796582 0.144589 0.0131343 0.0508762 0.767075 132
0 0.683765 0.104151 0.0125259 0.0494813 0.756795 3
0 0.406331 0.0763705 0.00738223 0.0407247 0.522745 20
0 0.480851 0.0770137 0.00822903 0.0414041 0.613982 22
0 0.495933 0.0768172 0.00768874 0.0396455 0.606397 56
0 0.417645 0.0793542 0.0101405 0.050131 0.60433 109
0 0.44644 0.0797795 0.00814587 0.0380727 0.479251 126
