0 0.496417 0.658928 0.0312432 0.097614 0.876577 4
0 0.11511 0.206452 0.0153187 0.0547923 0.672563 124
0 0.484171 0.177583 0.0104482 0.0491691 0.812178 88
0 0.629567 0.150263 0.0105437 0.0497072 0.778426 3
0 0.418665 0.0612251 0.00809352 0.0425942 0.634473 136
0 0.162534 0.122997 0.0135735 0.0552467 0.455082 111
0 0.57211 0.0967905 0.0116002 0.0418495 0.599252 22
0 0.539738 0.0689156 0.00935383 0.0406226 0.517273 150
0 0.180593 0.111921 0.0142461 0.0498895 0.308463 127
0 0.640138 0.0619106 0.0102203 0.0387494 0.619513 137
0 0.590955 0.0759562 0.00757631 0.0406929 0.438413 126
0 0.469591 0.0629773 0.00674944 0.0328121 0.539699 20
0 0.675294 0.0791725 0.00912679 0.0471587 0.451458 132
0 0.513702 0.0522834 0.00833244 0.0375865 0.438917 109
