0 0.529415 0.652138 0.0309788 0.0973741 0.865167 4
0 0.115775 0.204973 0.0162486 0.0542502 0.599067 124
0 0.513767 0.198642 0.0103795 0.0528645 0.770671 88
0 0.788014 0.141013 0.0127824 0.0509229 0.700041 132
0 0.686259 0.10164 0.00808144 0.0431625 0.54768 3
0 0.415416 0.0728218 0.0103306 0.0393072 0.56905 109
0 0.165498 0.120405 0.0161137 0.0568821 0.360945 127
0 0.463873 0.0952194 0.0101296 0.0513266 0.503522 136
0 0.180454 0.11103 0.0145377 0.0488643 0.332347 111
0 0.435384 0.0746122 0.00769227 0.0370417 0.510844 20
0 0.454016 0.0784962 0.00925544 0.054952 0.623358 126
