0 0.509233 0.525439 0.0157811 0.0868793 0.778486 1
0 0.785575 0.56859 0.0281787 0.0866852 0.831679 2
0 0.552961 0.823848 0.0183627 0.07981 0.771457 4
0 0.82431 0.36724 0.0258235 0.0703675 0.83161 6
0 0.645319 0.378163 0.0142457 0.0712943 0.80337 7
0 0.632663 0.282223 0.0148668 0.0603395 0.79532 10
0 0.59475 0.579119 0.0215792 0.0869685 0.748755 11
0 0.609825 0.557537 0.0178232 0.0894434 0.75842 3
0 0.389645 0.249344 0.0102751 0.0556701 0.705551 5
0 0.910286 0.281569 0.0203681 0.0606879 0.713603 8
0 0.154382 0.128096 0.0146203 0.0531049 0.638484 23
0 0.962951 0.538081 0.032569 0.0869926 0.867018 20
0 0.670605 0.224413 0.0139032 0.0578413 0.74335 13
0 0.295428 0.0472363 0.0102536 0.032128 0.282125 22
