0 0.529393 0.652081 0.0309988 0.0969224 0.860003 4
0 0.115905 0.206043 0.0162944 0.052943 0.463833 124
0 0.513844 0.198565 0.0102671 0.0523268 0.781802 88
0 0.789124 0.14117 0.0120714 0.051427 0.659286 132
0 0.686142 0.101812 0.00833778 0.0432904 0.554373 3
0 0.415619 0.0730785 0.0104247 0.0394903 0.563204 109
0 0.165371 0.121006 0.0156669 0.0565564 0.326102 127
0 0.467037 0.0983361 0.0109928 0.0508633 0.646801 136
0 0.180387 0.110958 0.0144644 0.0485136 0.296942 111
0 0.435555 0.0747457 0.00671434 0.0376096 0.426675 20
0 0.453862 0.0789989 0.0091644 0.0548098 0.619491 126
0 0.508175 0.0854487 0.00956523 0.0399139 0.401449 22
