0 0.530387 0.656741 0.0310544 0.0997032 0.862638 4
0 0.537792 0.210935 0.0146886 0.053391 0.765422 88
0 0.0980937 0.221008 0.0179894 0.0533288 0.682288 124
0 0.761007 0.135613 0.0110489 0.0498042 0.71178 8
0 0.793217 0.140049 0.0112438 0.0426322 0.665213 132
0 0.692707 0.10813 0.00924155 0.0451624 0.671742 3
0 0.466142 0.0887607 0.00812505 0.0418229 0.34366 89
0 0.391442 0.0806396 0.00745567 0.0383052 0.52428 20
0 0.498936 0.138283 0.0117257 0.049328 0.277654 41
0 0.533846 0.0447533 0.00872882 0.0345912 0.274087 102
0 0.186666 0.106862 0.0105481 0.0483426 0.313551 111
0 0.642626 0.107051 0.0100274 0.0443022 0.625579 131
0 0.547906 0.0999387 0.0125351 0.0456831 0.36242 56
