0 0.432667 0.706279 0.0263875 0.103968 0.862707 4
0 0.624396 0.208058 0.0126913 0.0545491 0.727282 88
0 0.0430544 0.273447 0.019301 0.0593488 0.785444 93
0 0.595176 0.176261 0.0109353 0.0519747 0.701771 3
0 0.347182 0.15556 0.0105136 0.0457609 0.765521 20
0 0.527805 0.108377 0.0107875 0.0482938 0.654698 8
0 0.384097 0.0825336 0.0119854 0.0383355 0.678096 89
0 0.582755 0.0857839 0.0122688 0.0500045 0.354979 71
0 0.166441 0.117892 0.0100767 0.0485989 0.263931 64
0 0.620297 0.0931694 0.00858625 0.0442325 0.509531 75
0 0.448123 0.0789007 0.0143869 0.0366789 0.434454 56
0 0.456349 0.209871 0.0102208 0.0520328 0.785051 38
0 0.566636 0.0660737 0.0083573 0.0393226 0.499918 22
