0 0.489147 0.798351 0.034892 0.111047 0.877248 4
0 0.0620149 0.253805 0.0171586 0.0580192 0.794142 93
0 0.610899 0.276793 0.0155612 0.0617497 0.865509 38
0 0.32012 0.121206 0.00702473 0.0420338 0.764033 110
0 0.616314 0.173003 0.0117952 0.0496492 0.816865 22
0 0.524891 0.191563 0.010431 0.0358454 0.529506 41
0 0.486766 0.134783 0.0102673 0.0469054 0.700397 8
0 0.412415 0.240439 0.0120039 0.0572483 0.764498 20
0 0.712695 0.189732 0.0136501 0.053834 0.671901 71
0 0.466501 0.0498652 0.0082071 0.0386733 0.514355 102
0 0.444374 0.13306 0.00802596 0.0451082 0.725169 89
0 0.441756 0.260514 0.013444 0.0659657 0.520538 88
0 0.496025 0.187526 0.00992018 0.0528277 0.77348 75
0 0.153579 0.125205 0.00882028 0.047824 0.434823 64
0 0.178177 0.114402 0.00951727 0.0457789 0.402305 111
0 0.167699 0.119399 0.0131443 0.0496992 0.343399 115
0 0.466313 0.105369 0.00937382 0.0455264 0.422687 56
0 0.446275 0.26437 0.014876 0.0624564 0.360994 3
