0 0.530353 0.65376 0.0294878 0.098177 0.864361 4
0 0.116637 0.208129 0.014578 0.0498197 0.586107 124
0 0.524853 0.212578 0.0139107 0.055437 0.565613 88
0 0.164925 0.119218 0.0176682 0.0590108 0.290658 127
0 0.70985 0.198069 0.0138924 0.0563784 0.781232 132
0 0.564887 0.0628865 0.00975412 0.0418348 0.414847 20
0 0.506926 0.108952 0.0113085 0.0420883 0.554263 89
0 0.492603 0.0761135 0.00583178 0.0379971 0.660622 126
0 0.47034 0.0976826 0.0109686 0.0462449 0.757051 136
0 0.637352 0.11785 0.0113595 0.0445988 0.767023 3
0 0.506545 0.0602636 0.010474 0.04043 0.604039 137
0 0.544347 0.0690169 0.00786425 0.0222883 0.507566 22
