0 0.492492 0.588065 0.024007 0.0931494 0.848746 4
0 0.115746 0.205788 0.0197476 0.0532484 0.498296 124
0 0.487539 0.18915 0.0107764 0.0533704 0.782219 88
0 0.182809 0.0930041 0.0149284 0.073728 0.476175 156
0 0.171994 0.112367 0.018079 0.0538804 0.27347 111
0 0.433303 0.0511821 0.00732072 0.037142 0.541261 20
0 0.520822 0.0484441 0.00964483 0.0513473 0.51008 137
0 0.465719 0.0918065 0.014038 0.0479436 0.657956 136
0 0.486022 0.069019 0.0112 0.055146 0.72141 150
0 0.705656 0.108741 0.0104857 0.0449254 0.790002 3
