0 0.496457 0.659253 0.0306511 0.0974362 0.875091 4
0 0.115077 0.207003 0.0154619 0.0532127 0.682217 124
0 0.481468 0.174955 0.0113736 0.0502405 0.793845 88
0 0.628458 0.149188 0.0106963 0.049837 0.762483 3
0 0.416122 0.0613682 0.00962979 0.0435429 0.585121 136
0 0.162612 0.123272 0.0140374 0.0547462 0.548093 111
0 0.578662 0.0758803 0.009633 0.0501916 0.455068 22
0 0.491137 0.0508848 0.00726573 0.027752 0.457593 109
0 0.540493 0.0698792 0.00865485 0.0408008 0.481445 150
0 0.179446 0.112646 0.0168533 0.0532051 0.393685 127
0 0.642385 0.0623506 0.0113378 0.0393042 0.607418 137
