0 0.17578 0.582422 0.0371381 0.0854732 0.881743 4
0 0.0554772 0.25502 0.0218792 0.0605575 0.815026 124
0 0.19318 0.328549 0.0153213 0.0651077 0.813237 88
0 0.288873 0.180371 0.0169393 0.0720022 0.536469 162
0 0.498296 0.232178 0.0140365 0.053888 0.770105 3
0 0.704484 0.25143 0.0199661 0.0575135 0.682373 132
0 0.18504 0.0934814 0.0147548 0.0738968 0.356627 156
0 0.505927 0.0437914 0.00867577 0.0360072 0.341639 171
0 0.520324 0.122724 0.00925795 0.0441549 0.731448 170
0 0.554753 0.161798 0.0111235 0.0495342 0.797031 165
0 0.359123 0.122892 0.00844466 0.0393106 0.56743 172
0 0.347877 0.076902 0.011042 0.0368457 0.395694 109
0 0.410502 0.120454 0.00998271 0.0454219 0.706233 20
0 0.380021 0.0927241 0.00799726 0.0362028 0.48146 168
0 0.3587 0.0788058 0.00848087 0.035989 0.354745 22
0 0.426389 0.132062 0.0109582 0.0462293 0.461009 150
