0 0.496476 0.756189 0.0288416 0.105991 0.87175 4
0 0.116257 0.205071 0.0145924 0.0529018 0.596291 124
0 0.523472 0.210693 0.0151754 0.055338 0.774215 88
0 0.719844 0.213147 0.0186251 0.0571734 0.833083 132
0 0.179518 0.111585 0.0132767 0.0521204 0.478798 111
0 0.482458 0.07947 0.00914656 0.0361012 0.483391 89
0 0.496632 0.096065 0.0101334 0.0450415 0.713381 136
0 0.479234 0.0968083 0.0092878 0.0393113 0.375725 126
0 0.628101 0.15526 0.0106863 0.0497047 0.711409 3
0 0.533922 0.0662507 0.00833022 0.0372614 0.445999 109
0 0.162172 0.113211 0.0110409 0.046793 0.392956 127
0 0.516457 0.0592909 0.00806541 0.0376837 0.381831 137
0 0.477979 0.0971738 0.00934772 0.0387037 0.46518 142
