0 0.528179 0.654138 0.0310917 0.0964103 0.855797 4
0 0.616682 0.211588 0.0111532 0.0538372 0.747117 88
0 0.702088 0.128573 0.0104729 0.0465818 0.336529 3
0 0.569151 0.152953 0.00822913 0.0501018 0.764466 41
0 0.525026 0.0842688 0.00947771 0.0421828 0.356575 109
0 0.457757 0.0991379 0.00823704 0.0425892 0.729478 89
0 0.0782148 0.246422 0.0195637 0.0589847 0.805704 124
0 0.688732 0.145242 0.0150751 0.0477756 0.662586 8
0 0.408816 0.102527 0.00747776 0.0413021 0.598902 20
0 0.616813 0.109691 0.00842692 0.0417116 0.579296 126
0 0.17764 0.113724 0.0136925 0.0534813 0.532195 111
0 0.846792 0.159969 0.0147887 0.0486943 0.782813 132
0 0.626788 0.0892426 0.00978018 0.043144 0.352098 56
0 0.490889 0.0883983 0.00807832 0.037862 0.581572 110
0 0.665877 0.099582 0.0123328 0.041488 0.685782 22
0 0.533352 0.0422922 0.00909713 0.0343204 0.366282 102
