0 0.433337 0.710909 0.0270052 0.103746 0.872099 4
0 0.381948 0.197002 0.0155565 0.0539669 0.783381 38
0 0.491314 0.240828 0.0131703 0.0563264 0.755244 88
0 0.0415839 0.27381 0.0201953 0.0608008 0.775791 93
0 0.532217 0.184929 0.0105191 0.0523449 0.740964 3
0 0.497424 0.124254 0.0124136 0.0493934 0.752418 8
0 0.403174 0.0861951 0.0117716 0.0420133 0.592955 56
0 0.317748 0.0760658 0.0133668 0.0390788 0.607509 89
0 0.165312 0.119626 0.0132463 0.054679 0.488939 64
0 0.43653 0.109865 0.0142855 0.0437094 0.556538 71
0 0.265829 0.158832 0.0138266 0.0512312 0.774388 20
0 0.658961 0.0770628 0.00886574 0.0356223 0.43902 41
0 0.694837 0.082645 0.0111457 0.0377356 0.351725 22
