0 0.522612 0.520708 0.0208188 0.0820314 0.803637 1
0 0.7821 0.566343 0.0237903 0.0902526 0.783585 2
0 0.556622 0.839112 0.0268071 0.0575198 0.764576 4
0 0.850375 0.363118 0.0199729 0.0730415 0.830273 6
0 0.643436 0.37358 0.0127732 0.0769357 0.801659 7
0 0.616574 0.288091 0.0155922 0.0610962 0.773213 10
0 0.604243 0.579668 0.018746 0.0891481 0.663151 11
0 0.621632 0.559449 0.0208431 0.0941874 0.765793 3
0 0.390063 0.248187 0.0104838 0.0574775 0.686592 5
0 0.928814 0.285933 0.0190062 0.056018 0.655128 8
0 0.154431 0.129834 0.015671 0.0524714 0.69759 23
0 0.984413 0.535449 0.0242308 0.0928895 0.825088 20
0 0.672386 0.224657 0.015967 0.0557516 0.738374 13
