0 0.06579 0.291711 0.0176707 0.0623766 0.778015 1
0 0.389471 0.759203 0.0247278 0.103979 0.832874 4
0 0.380984 0.243266 0.0117664 0.0635653 0.726571 7
0 0.298931 0.398059 0.0178944 0.0730962 0.80413 11
0 0.433116 0.202336 0.0102349 0.054421 0.738277 20
0 0.567655 0.215716 0.0132516 0.0536827 0.557129 34
0 0.713532 0.193518 0.0133569 0.0536799 0.748685 41
0 0.471448 0.320041 0.0173286 0.0656369 0.822732 38
0 0.364992 0.368078 0.0165322 0.0733313 0.815201 3
0 0.484619 0.0580498 0.00881503 0.0394556 0.29789 22
0 0.575158 0.189527 0.0132594 0.0476657 0.305938 8
0 0.204103 0.177243 0.0122079 0.0480239 0.70564 5
0 0.406891 0.190956 0.0104485 0.0525922 0.775775 13
0 0.460104 0.156053 0.012681 0.0512802 0.745503 6
