0 0.422445 0.631694 0.0309241 0.0971104 0.856618 4
0 0.43139 0.210013 0.0101586 0.0564454 0.776732 11
0 0.605375 0.17247 0.00922387 0.0523725 0.813623 38
0 0.544565 0.0959241 0.00912005 0.0456308 0.759703 8
0 0.0320364 0.266416 0.0236458 0.0585188 0.82169 65
0 0.506023 0.194451 0.0141248 0.0553078 0.804714 3
0 0.490319 0.0624171 0.00846195 0.0401891 0.533829 56
0 0.164232 0.0951804 0.022775 0.0701149 0.344892 64
0 0.584552 0.0792053 0.00878423 0.0396816 0.462768 63
0 0.456877 0.107487 0.00996071 0.0429076 0.702935 1
0 0.480981 0.0669736 0.0113484 0.0652321 0.387643 5
