0 0.379538 0.746228 0.0269445 0.105269 0.856479 4
0 0.555189 0.157404 0.00919221 0.0516103 0.76277 41
0 0.564837 0.284159 0.014973 0.0609133 0.758927 38
0 0.357058 0.28423 0.0144156 0.0625565 0.787204 3
0 0.127006 0.156495 0.0159684 0.0567488 0.533071 39
0 0.391107 0.211354 0.0100231 0.0550479 0.708188 7
0 0.299907 0.376711 0.0163837 0.0714899 0.708697 11
0 0.236104 0.145584 0.0111879 0.0448917 0.428327 5
0 0.360262 0.162783 0.0113235 0.0478271 0.622772 20
0 0.42681 0.212112 0.0138612 0.0496892 0.35398 34
0 0.334853 0.141819 0.01017 0.0487801 0.54263 6
0 0.435244 0.176931 0.0148869 0.0468945 0.704446 8
0 0.3178 0.170617 0.0158741 0.0431576 0.573245 13
0 0.0472141 0.235242 0.0193599 0.0715237 0.628058 1
