0 0.530554 0.652624 0.0310386 0.0980852 0.863831 4
0 0.11609 0.205305 0.0151539 0.0523615 0.598694 124
0 0.51336 0.19908 0.0101789 0.0541591 0.777815 88
0 0.779965 0.133857 0.00992463 0.0388376 0.772548 132
0 0.513358 0.0677912 0.00944904 0.0375102 0.540366 22
0 0.165597 0.118995 0.0166568 0.0591007 0.370414 127
0 0.689687 0.100041 0.0107115 0.0427216 0.577119 3
0 0.491977 0.0777847 0.00874418 0.0364245 0.570712 20
0 0.468828 0.0785391 0.00827656 0.0374519 0.642465 126
0 0.404441 0.0629708 0.00719919 0.0339766 0.579113 136
0 0.396537 0.0944123 0.00876449 0.0443381 0.627239 137
0 0.526112 0.0683597 0.00971432 0.0388308 0.30698 89
