0 0.37957 0.745703 0.027249 0.105165 0.854454 4
0 0.386701 0.167008 0.0101936 0.0460377 0.585157 20
0 0.578891 0.16375 0.0160116 0.0508355 0.798843 41
0 0.545099 0.29635 0.0106373 0.0625068 0.804038 38
0 0.357878 0.299903 0.0149567 0.0654726 0.828953 3
0 0.158413 0.121144 0.0138224 0.0475829 0.38987 31
0 0.469616 0.169576 0.010825 0.0490729 0.746077 8
0 0.125243 0.150254 0.015067 0.0536739 0.489438 39
0 0.484332 0.202494 0.0139391 0.0521151 0.735163 34
0 0.352151 0.145455 0.00994562 0.0432883 0.307414 6
0 0.384389 0.211958 0.0104396 0.0569282 0.676376 7
0 0.302018 0.397138 0.0149821 0.0496642 0.706312 11
0 0.491561 0.0513265 0.0085317 0.0383993 0.277021 22
0 0.229522 0.151741 0.0103717 0.0463571 0.696964 5
0 0.34437 0.172516 0.0100108 0.0511654 0.69742 13
