0 0.531489 0.652978 0.0302369 0.0995665 0.865928 4
0 0.117181 0.207155 0.0152934 0.0499838 0.598089 124
0 0.46151 0.0828788 0.00854298 0.0398494 0.68531 89
0 0.481908 0.19237 0.00959158 0.0518392 0.823839 88
0 0.797439 0.146513 0.0114252 0.050822 0.776819 132
0 0.234374 0.0342016 0.0104783 0.0496645 0.407152 135
0 0.684337 0.102372 0.0103595 0.049015 0.746078 3
0 0.530775 0.0403304 0.00843382 0.0357966 0.325179 102
0 0.405049 0.0742857 0.00655041 0.0387976 0.486837 20
0 0.483049 0.0766491 0.00719322 0.0417626 0.580729 22
0 0.496172 0.0765541 0.00741901 0.0387555 0.580646 56
0 0.418879 0.0797866 0.00832688 0.0512452 0.634525 109
