0 0.415547 0.829642 0.0304598 0.117523 0.858345 4
0 0.131624 0.524357 0.0308039 0.0856661 0.862811 38
0 0.140458 0.276021 0.0248866 0.0567822 0.752148 20
0 0.0949175 0.197204 0.0144789 0.0533385 0.527886 70
0 0.239979 0.214107 0.0141763 0.0497652 0.73789 71
0 0.243077 0.155211 0.0142905 0.0434238 0.640566 72
0 0.527718 0.213515 0.0107699 0.0579165 0.760058 8
0 0.389841 0.139092 0.011395 0.0539171 0.402498 56
0 0.78362 0.207322 0.0137685 0.0564386 0.767193 22
0 0.506554 0.0424532 0.0101679 0.0449517 0.414077 75
0 0.430243 0.191629 0.0166699 0.0480706 0.734897 41
0 0.362994 0.371536 0.0178098 0.0660636 0.764161 88
0 0.537675 0.131773 0.01292 0.0399132 0.684101 63
0 0.392755 0.34653 0.0180258 0.0679606 0.805382 3
