0 0.0616062 0.282025 0.0185835 0.0612986 0.761603 1
0 0.385496 0.756458 0.0279202 0.105634 0.843158 4
0 0.377979 0.2385 0.0132063 0.062714 0.772752 7
0 0.300629 0.394173 0.0153201 0.0590542 0.732731 11
0 0.428592 0.198333 0.0128808 0.0529973 0.739187 20
0 0.700337 0.18868 0.0165339 0.0541233 0.78189 41
0 0.479154 0.319729 0.0146717 0.0647792 0.800387 38
0 0.3629 0.361943 0.0166808 0.0731834 0.800262 3
0 0.484737 0.0566162 0.00912174 0.0397419 0.287464 22
0 0.552771 0.187958 0.0119274 0.0512541 0.728114 8
0 0.206507 0.174806 0.0116504 0.0483613 0.770365 5
0 0.401869 0.186771 0.00989364 0.0506423 0.702579 13
0 0.448064 0.152656 0.0112204 0.0499971 0.586096 6
0 0.56527 0.210906 0.0110551 0.0519546 0.6866 34
0 0.13476 0.138113 0.0148543 0.0588203 0.513536 39
0 0.156465 0.121328 0.0150078 0.0512216 0.309323 31
