0 0.488779 0.55663 0.0211681 0.0874199 0.841839 4
0 0.115593 0.207384 0.0188238 0.0493062 0.667507 124
0 0.509941 0.177635 0.0105549 0.0501074 0.703947 88
0 0.183181 0.0939313 0.013954 0.0705503 0.429163 156
0 0.430905 0.0519795 0.00743087 0.035638 0.504826 20
0 0.702645 0.103723 0.0116123 0.0431779 0.502291 3
0 0.171936 0.112506 0.0174054 0.0557121 0.398934 111
0 0.46612 0.0798931 0.0103429 0.0381429 0.544478 154
0 0.480955 0.0610878 0.00996774 0.0402806 0.521498 109
0 0.759543 0.0766308 0.00882282 0.0385372 0.594831 132
0 0.507092 0.0896623 0.00894492 0.0400164 0.462223 22
0 0.572551 0.0573985 0.00806866 0.0364005 0.338585 150
0 0.183815 0.103934 0.0125711 0.0515994 0.319786 127
0 0.519089 0.0410198 0.0099131 0.0336128 0.304864 153
0 0.561938 0.0589504 0.00785809 0.0402257 0.306882 137
