0 0.527176 0.717543 0.0269869 0.110486 0.846397 4
0 0.670247 0.229041 0.0152128 0.0573913 0.806762 88
0 0.719907 0.180954 0.0116922 0.0532284 0.729215 3
0 0.625238 0.15731 0.0187981 0.0593627 0.735296 41
0 0.575709 0.0907555 0.0104068 0.0462912 0.573278 109
0 0.480129 0.115025 0.00892617 0.0433823 0.705864 89
0 0.0532054 0.273681 0.022516 0.0613619 0.749774 124
0 0.172132 0.120298 0.0123746 0.0507866 0.340638 115
0 0.703631 0.128843 0.0124862 0.026108 0.445596 131
0 0.517221 0.0967973 0.00866028 0.041673 0.661234 110
0 0.528385 0.044109 0.0083753 0.0354952 0.321396 102
0 0.718577 0.111375 0.012243 0.0502774 0.287473 22
0 0.670934 0.1254 0.0117399 0.0473826 0.641683 126
