0 0.441747 0.712492 0.0239138 0.101825 0.832673 4
0 0.0873015 0.236846 0.0185862 0.0570486 0.773573 93
0 0.352816 0.195217 0.0133193 0.0519343 0.724596 20
0 0.574955 0.260988 0.0154862 0.0615155 0.73114 38
0 0.494499 0.0505825 0.00700385 0.037499 0.358821 102
0 0.471627 0.17317 0.0106081 0.0492592 0.711951 41
0 0.392034 0.12291 0.00961583 0.0396679 0.627665 89
0 0.507691 0.154212 0.00969845 0.04938 0.721943 75
0 0.445401 0.252444 0.013764 0.0604658 0.690694 3
0 0.614157 0.126528 0.00846615 0.0440331 0.572554 71
0 0.492359 0.103653 0.0100085 0.0434375 0.599602 56
0 0.435499 0.263468 0.0123266 0.0623706 0.654164 88
0 0.149979 0.124906 0.0128151 0.0570904 0.467584 64
0 0.345441 0.110634 0.0102958 0.0390311 0.553663 110
0 0.164009 0.118615 0.0135775 0.0528091 0.363136 111
