0 0.432135 0.709405 0.0262088 0.101079 0.883208 4
0 0.427478 0.20523 0.0150705 0.0540361 0.760706 38
0 0.575427 0.216167 0.0138716 0.0544815 0.682519 88
0 0.0419526 0.274113 0.0199119 0.0578624 0.765535 93
0 0.571529 0.176958 0.0112137 0.0499352 0.730088 3
0 0.165442 0.118427 0.0121349 0.0520002 0.285709 64
0 0.310046 0.16312 0.0130552 0.0493927 0.79186 20
0 0.529077 0.0439623 0.00933914 0.0376164 0.464063 102
0 0.522502 0.109398 0.00914164 0.0471339 0.537261 8
0 0.439275 0.0643148 0.00949669 0.0385918 0.526963 56
0 0.38354 0.0741818 0.00773417 0.040185 0.683911 89
0 0.540149 0.0941891 0.0101055 0.0408542 0.633582 71
0 0.59201 0.0616366 0.00981166 0.0315719 0.320379 41
0 0.609228 0.0772967 0.0147902 0.0601211 0.424249 75
0 0.502077 0.0720076 0.0119165 0.0344842 0.494575 63
