0 0.506438 0.864529 0.0716517 0.115799 0.897012 4
0 0.717247 0.247217 0.0186789 0.0563969 0.825438 88
0 0.159899 0.118963 0.0175324 0.0622898 0.563353 64
0 0.75887 0.236031 0.0151787 0.0595992 0.798845 3
0 0.652238 0.184735 0.01311 0.0553834 0.780179 41
0 0.52898 0.172335 0.0135863 0.0516542 0.809587 8
0 0.656418 0.102139 0.00988134 0.0444394 0.479647 109
0 0.184634 0.0985729 0.013939 0.068833 0.502571 127
0 0.546127 0.08946 0.00699711 0.0375884 0.567371 110
0 0.411647 0.235474 0.0105202 0.0560128 0.651407 20
0 0.173148 0.11291 0.0155082 0.0553467 0.321311 115
0 0.791633 0.161098 0.0131741 0.0491864 0.391367 38
0 0.495491 0.124609 0.00703322 0.0427447 0.779801 89
0 0.532743 0.0471155 0.00944052 0.0372322 0.42918 102
0 0.712714 0.17411 0.0113973 0.0498302 0.706315 126
0 0.789497 0.115019 0.0117491 0.0413035 0.35936 56
0 0.770989 0.109338 0.011166 0.0366384 0.461324 22
0 0.00434897 0.335509 0.00863499 0.0523202 0.503723 124
