0 0.454049 0.769689 0.0206514 0.114583 0.829522 4
0 0.206063 0.471981 0.0255517 0.0812445 0.853777 38
0 0.189588 0.220301 0.0132356 0.0573901 0.763494 20
0 0.159837 0.188927 0.01482 0.0505368 0.689209 70
0 0.343574 0.194993 0.0131381 0.0532538 0.748223 71
0 0.540238 0.201728 0.0149949 0.0609877 0.760059 8
0 0.403662 0.118225 0.0109648 0.0440492 0.68236 56
0 0.794127 0.228285 0.0166854 0.0565659 0.797943 22
0 0.431385 0.383443 0.0178708 0.0708913 0.705909 88
0 0.597604 0.125542 0.00963872 0.04986 0.480044 63
0 0.446442 0.318558 0.0165532 0.0621286 0.799474 3
0 0.374113 0.120306 0.00959183 0.0478964 0.271401 89
0 0.161553 0.1164 0.0139092 0.0509391 0.317107 64
0 0.289062 0.147738 0.00958249 0.0453879 0.565212 72
0 0.516017 0.046317 0.00831416 0.0366529 0.321362 75
0 0.549461 0.185575 0.013335 0.0502673 0.560454 41
