0 0.500213 0.882339 0.0292509 0.128009 0.818435 4
0 0.716499 0.262171 0.0152706 0.0631404 0.762684 88
0 0.160515 0.122486 0.0151296 0.0584189 0.471542 64
0 0.756632 0.242163 0.0147215 0.0606731 0.778057 3
0 0.521087 0.0468229 0.0101573 0.0372649 0.269019 102
0 0.647659 0.196723 0.0153437 0.0518726 0.537338 126
0 0.608051 0.206427 0.0144793 0.0576108 0.743024 41
0 0.508124 0.18349 0.00927782 0.0563673 0.769134 8
0 0.651212 0.130291 0.0121854 0.0464901 0.575156 109
0 0.731183 0.097952 0.0126409 0.0405402 0.449701 22
0 0.183949 0.0949777 0.0142721 0.0728469 0.436773 127
0 0.519437 0.103754 0.00884469 0.0388389 0.628753 110
0 0.77271 0.146733 0.0147611 0.0422553 0.491876 71
0 0.408327 0.236959 0.0112748 0.0580103 0.788643 20
0 0.17368 0.118475 0.0149209 0.050713 0.315696 115
0 0.184793 0.103416 0.0118576 0.0587318 0.402859 111
0 0.753743 0.14752 0.0137204 0.0459889 0.584922 56
0 0.782936 0.157259 0.0142235 0.0404848 0.694296 38
