0 0.531847 0.653037 0.0302586 0.0993276 0.865266 4
0 0.117095 0.205086 0.0146191 0.0529736 0.680892 124
0 0.461128 0.0815949 0.00843271 0.0405806 0.711455 89
0 0.485907 0.196298 0.0123974 0.0489182 0.78812 88
0 0.796043 0.143782 0.0118816 0.0501531 0.782263 132
0 0.495586 0.0755187 0.0093214 0.0409383 0.641881 56
0 0.634024 0.111164 0.0113705 0.0460234 0.751939 136
0 0.686432 0.100193 0.00998637 0.0460786 0.471789 3
0 0.415424 0.0768266 0.00736068 0.0402766 0.518037 109
0 0.533275 0.0405121 0.00994978 0.03436 0.298666 102
0 0.430873 0.0735314 0.0090292 0.0457341 0.581172 126
