0 0.444643 0.734008 0.020844 0.109519 0.822673 4
0 0.0920713 0.236048 0.0177625 0.055618 0.749392 93
0 0.361838 0.198642 0.0122449 0.0524262 0.758672 20
0 0.579035 0.26606 0.0128813 0.0636187 0.805587 38
0 0.493328 0.0499706 0.00785834 0.0390987 0.387379 102
0 0.480695 0.176274 0.013435 0.0495773 0.740755 41
0 0.39325 0.125452 0.00809828 0.03821 0.740811 89
0 0.503244 0.160513 0.0109564 0.0515808 0.778187 75
0 0.442598 0.253142 0.0154444 0.0625956 0.63565 3
0 0.618753 0.131244 0.0108732 0.044012 0.769715 71
0 0.494575 0.106001 0.0104557 0.0451051 0.637049 56
0 0.433909 0.26545 0.0157226 0.062308 0.731517 88
0 0.145114 0.129687 0.0144513 0.0597236 0.456184 64
0 0.338517 0.114606 0.00903597 0.0395607 0.689604 110
0 0.161923 0.122206 0.0142373 0.0500291 0.442846 111
0 0.535032 0.147868 0.0120041 0.0480354 0.765825 22
0 0.607612 0.0946571 0.00922432 0.0448955 0.646874 109
0 0.478329 0.112346 0.00882648 0.0475949 0.676928 8
0 0.184702 0.107956 0.0119246 0.049713 0.318647 115
