0 0.480149 0.778102 0.0266687 0.104023 0.854202 4
0 0.0449016 0.270967 0.0208748 0.0559123 0.756166 93
0 0.717998 0.244035 0.0163155 0.0584521 0.801125 38
0 0.321628 0.185583 0.0132472 0.0527737 0.801328 20
0 0.819677 0.165859 0.0167384 0.0511136 0.767009 71
0 0.534732 0.270796 0.0120689 0.0607453 0.764748 88
0 0.159751 0.126235 0.0125767 0.0544198 0.572658 64
0 0.476787 0.123163 0.00970236 0.0432618 0.335735 89
0 0.559677 0.26408 0.0185717 0.0613398 0.758786 3
0 0.185274 0.113103 0.0103739 0.0463117 0.323119 111
0 0.171657 0.121086 0.0123213 0.048254 0.454683 115
0 0.650275 0.076502 0.0118116 0.041133 0.414338 109
0 0.671893 0.113707 0.0117243 0.0441758 0.653451 22
0 0.506283 0.160701 0.0106985 0.0523623 0.758049 8
0 0.518296 0.116761 0.0119322 0.0419769 0.620973 56
0 0.183021 0.113278 0.0138399 0.0451669 0.337352 123
0 0.303838 0.122033 0.00900106 0.0428553 0.725869 110
0 0.503053 0.0601614 0.0101027 0.0352983 0.566705 102
0 0.529652 0.170757 0.0102348 0.0407641 0.668869 41
