0 0.531419 0.653237 0.0304232 0.0995077 0.867371 4
0 0.117238 0.207831 0.0154521 0.0496866 0.628808 124
0 0.462153 0.08259 0.00955537 0.0435564 0.704436 89
0 0.416767 0.0764259 0.00898676 0.0465873 0.291863 109
0 0.481853 0.192629 0.0101771 0.0520614 0.828245 88
0 0.422037 0.0831045 0.0116282 0.0482404 0.303469 41
0 0.797642 0.147271 0.0117821 0.0509259 0.768625 132
0 0.2342 0.0357505 0.00976747 0.0472419 0.310842 135
0 0.682939 0.10288 0.0123482 0.04841 0.777218 3
0 0.531154 0.0395679 0.00951955 0.037751 0.3652 102
0 0.44714 0.0833439 0.00905895 0.0407887 0.431375 126
