0 0.529832 0.650359 0.0304518 0.0960624 0.868387 4
0 0.115773 0.205219 0.0152972 0.0522904 0.634196 124
0 0.517424 0.199017 0.010864 0.0543048 0.752402 88
0 0.164944 0.117246 0.0170506 0.0603437 0.355207 127
0 0.405448 0.0646972 0.00789022 0.036447 0.746426 136
0 0.39393 0.0904602 0.0082387 0.0430094 0.722641 137
0 0.684126 0.0996177 0.0073569 0.0455282 0.479018 3
0 0.178633 0.0917558 0.0195844 0.0781396 0.268881 111
0 0.00967648 0.290369 0.0193129 0.0543833 0.840954 140
0 0.764612 0.150123 0.0106277 0.0489746 0.717323 132
0 0.51929 0.0542593 0.0139633 0.065965 0.593812 56
0 0.54408 0.0646088 0.0215922 0.0328899 0.321729 89
