0 0.475363 0.829059 0.0307017 0.110052 0.853961 4
0 0.288578 0.337928 0.0161279 0.0706304 0.77182 38
0 0.25318 0.194059 0.010061 0.0547691 0.791067 20
0 0.557542 0.185971 0.011853 0.0532685 0.788407 8
0 0.739202 0.215816 0.0150068 0.0546802 0.765899 22
0 0.536266 0.345041 0.0155898 0.0626887 0.803519 88
0 0.626838 0.123276 0.0107548 0.0467901 0.565542 63
0 0.586939 0.298937 0.0175502 0.0674074 0.808523 3
0 0.698663 0.195431 0.0129768 0.0550043 0.76144 41
0 0.437384 0.244014 0.0157177 0.0556513 0.813438 70
0 0.519076 0.0450257 0.00933355 0.0380381 0.502171 75
0 0.388497 0.124673 0.00982657 0.0413486 0.71719 72
0 0.0277842 0.289439 0.0263726 0.0613436 0.816613 93
0 0.538069 0.125033 0.0123701 0.0433772 0.709423 56
0 0.520615 0.137434 0.00968157 0.0449389 0.708142 89
0 0.505534 0.201533 0.0190033 0.0443041 0.784325 71
0 0.159724 0.117598 0.0182086 0.0504399 0.537208 94
