0 0.487548 0.794861 0.0330472 0.107651 0.867818 4
0 0.0588918 0.255269 0.0178387 0.0593575 0.812232 93
0 0.659127 0.260168 0.0153027 0.0612981 0.826957 38
0 0.301327 0.117802 0.0110505 0.0406166 0.298203 110
0 0.524815 0.194765 0.010774 0.0336171 0.295784 41
0 0.329989 0.20906 0.0144601 0.0530765 0.784733 20
0 0.797484 0.184044 0.0149359 0.0545797 0.794901 71
0 0.471864 0.274521 0.0119678 0.0610303 0.767304 88
0 0.483656 0.169633 0.01 0.0532796 0.779553 75
0 0.157212 0.120374 0.0113453 0.0509992 0.426281 64
0 0.430769 0.120147 0.00924613 0.0433183 0.7057 89
0 0.492802 0.263802 0.0184569 0.0617503 0.776057 3
0 0.692642 0.0870424 0.0097311 0.0462219 0.674625 109
0 0.496369 0.0488157 0.00929937 0.0345823 0.437983 102
0 0.503942 0.147289 0.0104711 0.0496692 0.727439 8
0 0.626969 0.156417 0.0106638 0.0481483 0.812583 22
0 0.475762 0.112516 0.0101864 0.0465043 0.255853 56
