0 0.418047 0.544216 0.0233969 0.0877201 0.868662 4
0 0.0993556 0.213339 0.0164545 0.0523363 0.71436 124
0 0.180187 0.10828 0.0115761 0.0615509 0.323989 127
0 0.170983 0.113669 0.0128907 0.0514237 0.291264 111
0 0.581607 0.148437 0.0137257 0.0549945 0.641258 132
0 0.600646 0.0805853 0.0119041 0.0404057 0.481949 165
0 0.39227 0.064869 0.0102743 0.037005 0.634438 20
0 0.394205 0.175579 0.011758 0.0415878 0.752841 88
0 0.439368 0.0898295 0.0160275 0.0412444 0.333093 137
0 0.518022 0.0628376 0.00743246 0.0359981 0.586624 170
0 0.496463 0.0416124 0.00875568 0.0350561 0.390744 171
0 0.345981 0.053416 0.00796925 0.0348279 0.517545 22
0 0.357688 0.0482354 0.00864156 0.0391025 0.535601 172
0 0.587378 0.143028 0.0128618 0.0516871 0.548387 153
0 0.443188 0.0619038 0.0104237 0.0486423 0.450766 168
0 0.397138 0.124673 0.0113604 0.0446042 0.344308 162
