0 0.439152 0.702502 0.0316532 0.104209 0.867699 4
0 0.0476963 0.271611 0.0198702 0.0598943 0.809435 93
0 0.353222 0.131394 0.0144511 0.0452657 0.76537 20
0 0.529528 0.113808 0.0125362 0.0469183 0.736467 8
0 0.372995 0.0855933 0.011156 0.0464318 0.46893 56
0 0.439619 0.209181 0.0104769 0.0556402 0.749112 38
0 0.328485 0.090502 0.00901394 0.041143 0.654945 89
0 0.539254 0.0816021 0.00695833 0.0398814 0.452157 71
0 0.503001 0.0597381 0.0109005 0.0468687 0.472607 109
0 0.527685 0.217861 0.0119383 0.0537349 0.647946 88
0 0.153839 0.126727 0.00941219 0.049514 0.38678 111
0 0.4613 0.0955063 0.00776552 0.041797 0.601516 22
0 0.428317 0.11514 0.0119455 0.0451082 0.619898 41
0 0.540582 0.188332 0.0104823 0.0535327 0.725102 3
0 0.442971 0.0835902 0.00815134 0.0400544 0.616814 110
