0 0.497749 0.659031 0.0313982 0.0974807 0.870793 4
0 0.116455 0.207292 0.0157657 0.0542422 0.6542 124
0 0.483759 0.175302 0.0104021 0.050315 0.795584 88
0 0.627765 0.144119 0.0112862 0.0484147 0.764282 3
0 0.416182 0.0632153 0.00865749 0.040977 0.551368 136
0 0.709002 0.0802335 0.0100436 0.0400169 0.702251 132
0 0.600783 0.0607542 0.0114861 0.0377107 0.402567 137
0 0.491986 0.0766772 0.00857658 0.0379765 0.534898 20
0 0.15831 0.118641 0.0120569 0.0510839 0.645201 111
0 0.544764 0.087034 0.00985902 0.0381043 0.470841 22
0 0.567584 0.0473626 0.00716572 0.0338081 0.380132 126
0 0.529153 0.0451502 0.00927118 0.0425323 0.386424 109
