0 0.418167 0.653291 0.0302796 0.0985864 0.864652 4
0 0.410723 0.206346 0.0165253 0.0528543 0.786853 11
0 0.0749686 0.218346 0.0170491 0.0552052 0.707817 65
0 0.574092 0.145114 0.0141816 0.0476248 0.509447 3
0 0.162278 0.114169 0.0125646 0.0526337 0.585185 64
0 0.400435 0.0827189 0.0110005 0.0405077 0.343269 41
0 0.667055 0.124317 0.0117687 0.0463055 0.663458 38
0 0.228997 0.12326 0.0111716 0.0439211 0.609799 20
0 0.593127 0.0781243 0.0109851 0.0381052 0.454109 63
0 0.671523 0.0654765 0.0101379 0.0420463 0.555027 8
0 0.541584 0.091798 0.0130341 0.0413076 0.567074 22
0 0.516092 0.0734843 0.00857283 0.0366288 0.555601 73
0 0.433149 0.0705176 0.00830997 0.0358464 0.47612 72
0 0.528726 0.076964 0.00852496 0.0383885 0.567036 56
0 0.277555 0.0812697 0.013697 0.0428838 0.587865 71
