0 0.515721 0.479326 0.014231 0.0825712 0.755592 1
0 0.738701 0.533633 0.0168735 0.0858131 0.80392 2
0 0.616772 0.50129 0.0226517 0.0748904 0.776858 3
0 0.496652 0.882684 0.0332823 0.116505 0.862641 4
0 0.36456 0.203845 0.0105794 0.0508651 0.771073 5
0 0.676278 0.381909 0.0158328 0.0716869 0.721187 6
0 0.596807 0.35678 0.0148687 0.0705811 0.805502 7
0 0.624245 0.270147 0.0145652 0.0594493 0.759238 8
0 0.671283 0.332041 0.0172675 0.0616499 0.744258 9
0 0.534381 0.229712 0.0148599 0.0557527 0.814588 10
0 0.602312 0.541578 0.0208315 0.0863184 0.774179 11
0 0.781942 0.338084 0.0233683 0.0704657 0.803566 12
0 0.575191 0.182775 0.0111179 0.0551526 0.585535 13
0 0.80514 0.230693 0.0199655 0.0622874 0.742725 14
