0 0.432579 0.710835 0.0265681 0.103291 0.869588 4
0 0.337962 0.193604 0.0125054 0.0527342 0.758355 38
0 0.42497 0.257039 0.0162146 0.0585613 0.788748 88
0 0.0385348 0.274623 0.0228394 0.0589134 0.750234 93
0 0.356239 0.122103 0.0102375 0.0435359 0.70993 71
0 0.492656 0.19221 0.0166258 0.0535909 0.756566 3
0 0.22818 0.151826 0.0115516 0.0489686 0.710035 20
0 0.697404 0.0854195 0.00891565 0.0404632 0.668688 22
0 0.468888 0.0835824 0.00844418 0.0408531 0.522088 63
0 0.467597 0.138294 0.0105723 0.0490739 0.695236 8
0 0.592563 0.0770068 0.00943267 0.0384138 0.688964 41
0 0.329021 0.100457 0.00941289 0.0417748 0.691658 56
0 0.516412 0.0432863 0.00843976 0.0367916 0.303982 75
