0 0.501279 0.677832 0.0273655 0.0993581 0.84476 4
0 0.115986 0.206433 0.0161993 0.0546174 0.557045 124
0 0.505366 0.204064 0.012044 0.0547705 0.805101 88
0 0.67318 0.198035 0.0160515 0.0542113 0.800197 132
0 0.621298 0.156095 0.0120472 0.051358 0.771401 3
0 0.475852 0.0799366 0.0117067 0.0531054 0.534281 126
0 0.534612 0.0578964 0.00875718 0.0420401 0.577222 109
0 0.512067 0.0624953 0.0111943 0.046345 0.64854 137
0 0.176666 0.115552 0.0144932 0.0493636 0.48697 111
0 0.187053 0.0891431 0.0159653 0.0749839 0.406624 127
