0 0.496627 0.627788 0.0224841 0.102441 0.853995 4
0 0.115079 0.204984 0.0188186 0.0544281 0.637505 124
0 0.486247 0.188622 0.0113934 0.0520368 0.772574 88
0 0.180992 0.0924208 0.0157278 0.0763897 0.379904 156
0 0.454361 0.0812531 0.0083264 0.0369549 0.670066 154
0 0.698219 0.114116 0.0102813 0.0448311 0.691288 3
0 0.173164 0.11488 0.0156385 0.0502195 0.436768 111
0 0.445478 0.0926806 0.00758009 0.0314947 0.624163 136
0 0.478051 0.07582 0.0110703 0.0469325 0.549706 22
0 0.434244 0.0540536 0.00769281 0.0393749 0.538123 20
0 0.51729 0.0492491 0.0105778 0.0516791 0.491561 137
0 0.487538 0.0630586 0.00993961 0.0368891 0.275173 150
