0 0.463272 0.766511 0.0285089 0.112905 0.860182 4
0 0.309432 0.251214 0.0164996 0.0575072 0.821975 38
0 0.784665 0.130242 0.0106651 0.0463432 0.545456 22
0 0.40346 0.305021 0.0159938 0.0629939 0.809203 88
0 0.00651705 0.314814 0.0130341 0.0618589 0.788764 93
0 0.244742 0.181574 0.0177185 0.0490219 0.672834 20
0 0.608592 0.110064 0.0123841 0.0440845 0.392533 63
0 0.535771 0.20404 0.0131754 0.0597169 0.701431 70
0 0.430297 0.121814 0.0130207 0.0436222 0.610127 56
0 0.290249 0.159768 0.014045 0.0391953 0.689018 72
0 0.610673 0.18501 0.0146898 0.054855 0.680894 8
0 0.47453 0.16814 0.0122498 0.0508427 0.437183 71
0 0.397391 0.123603 0.0135821 0.0417992 0.539867 89
0 0.568274 0.136682 0.0101884 0.0479194 0.705431 41
0 0.545757 0.242306 0.0148108 0.0569708 0.729296 3
