0 0.522058 0.805413 0.0522655 0.121933 0.910358 4
0 0.716557 0.248971 0.0131472 0.059788 0.765664 88
0 0.159138 0.124165 0.0164847 0.0594733 0.663637 64
0 0.752628 0.240423 0.0116435 0.0609554 0.730952 3
0 0.670985 0.174048 0.013784 0.0512766 0.722834 41
0 0.61579 0.10385 0.0136361 0.0432866 0.695172 109
0 0.423169 0.206759 0.0113729 0.0547804 0.651751 20
0 0.489147 0.128485 0.00767364 0.0473713 0.751195 89
0 0.529697 0.0487696 0.00866788 0.0380517 0.412923 102
0 0.768181 0.116414 0.0108218 0.0448806 0.522663 22
0 0.0269933 0.303771 0.0232573 0.0659317 0.81362 124
0 0.804922 0.142631 0.0139494 0.0505667 0.613963 56
0 0.57777 0.165134 0.0133924 0.0516775 0.764953 8
0 0.17351 0.12084 0.014827 0.0521803 0.588405 115
0 0.183945 0.102575 0.0141884 0.0649016 0.520121 127
0 0.832707 0.166996 0.0160227 0.0480608 0.578586 38
0 0.697826 0.152946 0.0112554 0.049263 0.633668 126
