0 0.500033 0.692269 0.0252368 0.0989696 0.850727 4
0 0.794692 0.18029 0.00916119 0.0550747 0.724054 38
0 0.639473 0.22895 0.0123941 0.0593431 0.704776 3
0 0.515648 0.241332 0.0164829 0.0567049 0.815747 11
0 0.573059 0.160178 0.0117385 0.0497917 0.72073 8
0 0.570299 0.11161 0.0101472 0.0471912 0.573681 20
0 0.607086 0.152606 0.0129838 0.049132 0.742608 13
0 0.735356 0.0815317 0.0102694 0.0460602 0.626437 41
0 0.454781 0.0698545 0.00720545 0.0369336 0.659181 5
0 0.519134 0.0700567 0.00832949 0.0440253 0.617622 6
0 0.469757 0.0602065 0.00754102 0.0368075 0.597226 55
0 0.694779 0.117686 0.00964731 0.0440159 0.705913 56
