0 0.529 0.494438 0.017492 0.0807363 0.775696 1
0 0.798758 0.524469 0.0233061 0.0886297 0.833714 2
0 0.530055 0.893197 0.0238692 0.118922 0.724465 4
0 0.877153 0.34321 0.0217295 0.0759503 0.755463 6
0 0.638936 0.365849 0.0130939 0.0728747 0.79543 7
0 0.582037 0.307129 0.0154095 0.0645058 0.782659 10
0 0.594774 0.551283 0.0277531 0.0833414 0.833587 11
0 0.389462 0.249278 0.0103521 0.0551919 0.716035 5
0 0.966784 0.306653 0.0237513 0.0617009 0.654119 8
0 0.145562 0.132886 0.0135069 0.0465842 0.513094 23
0 0.706219 0.225115 0.0206846 0.0540325 0.747481 13
0 0.154784 0.123584 0.0134219 0.0457813 0.321266 31
0 0.57511 0.528704 0.0191355 0.0855805 0.750676 3
0 0.953459 0.46868 0.0326312 0.0802701 0.872272 20
0 0.994443 0.42869 0.0102917 0.0511954 0.622096 34
