0 0.418215 0.652114 0.0304441 0.0979866 0.869695 4
0 0.351037 0.199988 0.0133764 0.0559227 0.690483 11
0 0.0750601 0.218129 0.0167079 0.053876 0.682782 65
0 0.645302 0.0612429 0.00883236 0.0410001 0.690561 8
0 0.484792 0.171988 0.00913445 0.0527372 0.742539 3
0 0.162347 0.112432 0.0126037 0.0534311 0.605566 64
0 0.35689 0.0951309 0.00935599 0.0427146 0.698907 41
0 0.620937 0.146326 0.00988083 0.052458 0.80444 38
0 0.215577 0.113583 0.0149243 0.0437332 0.731512 20
0 0.479445 0.0659432 0.007956 0.0300704 0.602734 22
0 0.260101 0.0718665 0.0100664 0.034152 0.510782 71
0 0.219733 0.0721027 0.0114653 0.0344838 0.4451 70
0 0.507303 0.0631182 0.00687768 0.0385546 0.67579 73
0 0.407132 0.0607284 0.00800031 0.0334261 0.501166 72
