0 0.403746 0.90534 0.031415 0.11478 0.845171 4
0 0.0469462 0.595919 0.0297663 0.0837806 0.861273 38
0 0.0756234 0.328861 0.0172083 0.072294 0.791077 20
0 0.118361 0.202341 0.019405 0.0567714 0.814254 70
0 0.440553 0.183846 0.0106714 0.0556357 0.750069 73
0 0.272978 0.217705 0.0153399 0.0532514 0.652391 71
0 0.348441 0.397583 0.0192359 0.078797 0.831964 3
0 0.549178 0.148588 0.017345 0.0532602 0.720814 63
0 0.434291 0.414276 0.0144988 0.0761285 0.78518 11
0 0.222363 0.181816 0.0124798 0.0502811 0.544707 72
0 0.456945 0.212036 0.0141753 0.0573713 0.79952 41
0 0.558513 0.233454 0.0118096 0.0621515 0.813051 8
0 0.409291 0.151743 0.0118731 0.0526964 0.689273 56
0 0.160228 0.117143 0.0136435 0.0477551 0.414901 64
0 0.69749 0.219584 0.0126531 0.0575243 0.698338 22
