0 0.495654 0.657951 0.0333404 0.0976404 0.866544 4
0 0.116068 0.207577 0.0159656 0.0531015 0.654601 124
0 0.491572 0.19493 0.011773 0.0534408 0.79587 88
0 0.672273 0.150332 0.0100014 0.0451854 0.680777 132
0 0.622354 0.157592 0.0103774 0.0508372 0.755161 3
0 0.477379 0.0759052 0.0109466 0.0463245 0.545204 126
0 0.506132 0.065273 0.00932903 0.0442751 0.523814 137
0 0.176396 0.115993 0.014553 0.0496896 0.423696 111
0 0.491463 0.0714931 0.00945218 0.0417278 0.675595 20
0 0.440177 0.0774572 0.00774717 0.0421625 0.613421 136
0 0.186615 0.106181 0.0118315 0.049944 0.308019 127
