0 0.531544 0.653074 0.0300402 0.099453 0.86815 4
0 0.117177 0.207112 0.0153197 0.0504139 0.624322 124
0 0.461708 0.0827112 0.00886876 0.0416564 0.64217 89
0 0.481878 0.192478 0.00968431 0.0520668 0.82571 88
0 0.79749 0.146508 0.010715 0.0503068 0.757828 132
0 0.234425 0.0361577 0.00996106 0.0452894 0.330452 135
0 0.683954 0.102099 0.0105758 0.0492847 0.766029 3
0 0.530988 0.0403675 0.00864627 0.0356891 0.318545 102
0 0.404246 0.0747334 0.00617946 0.0387268 0.501131 20
0 0.484176 0.0771776 0.00853847 0.0419965 0.544769 22
0 0.495212 0.0770639 0.00761391 0.0382576 0.513996 56
0 0.419028 0.0800211 0.00976696 0.0530536 0.619037 109
