0 0.530839 0.652701 0.0303768 0.0985364 0.869793 4
0 0.116598 0.206694 0.0144729 0.0497034 0.605683 124
0 0.527821 0.211709 0.0117775 0.0552516 0.756404 88
0 0.165388 0.117445 0.0196894 0.0628352 0.399006 127
0 0.709866 0.19165 0.0105595 0.0535767 0.796123 132
0 0.179463 0.100006 0.0191354 0.0609007 0.285867 111
0 0.561531 0.0583519 0.00823307 0.0407992 0.408071 20
0 0.524335 0.103618 0.00994221 0.0493779 0.32543 89
0 0.545172 0.068698 0.00777683 0.0223122 0.569953 22
0 0.48705 0.0778443 0.00720774 0.0358792 0.56454 126
0 0.45695 0.0997852 0.00765851 0.0431013 0.742441 136
0 0.582265 0.0510955 0.0079944 0.0371286 0.562952 56
0 0.64773 0.112041 0.0118226 0.0428124 0.714857 3
0 0.519579 0.0557388 0.0126485 0.0498134 0.447501 109
