0 0.488474 0.708883 0.0237892 0.0998986 0.832536 4
0 0.764685 0.189961 0.0128349 0.0537957 0.704635 38
0 0.556739 0.0999397 0.00813395 0.0377742 0.404958 20
0 0.563614 0.141537 0.0126004 0.0487415 0.331713 13
0 0.503908 0.0613283 0.00941763 0.0384975 0.386056 6
0 0.658497 0.118982 0.0104134 0.0468903 0.611672 56
0 0.389273 0.0639827 0.00847549 0.031496 0.378581 1
0 0.713697 0.0777003 0.00969524 0.0436236 0.484151 41
0 0.488707 0.232756 0.0155601 0.0577771 0.736071 11
0 0.784407 0.0991317 0.0128444 0.0437363 0.527063 63
0 0.623374 0.227954 0.0141769 0.0594125 0.795185 3
0 0.548087 0.152269 0.0135879 0.0527568 0.651089 8
