0 0.493894 0.868548 0.0342401 0.11649 0.836413 4
0 0.0259297 0.296323 0.02245 0.0628915 0.828377 93
0 0.71362 0.200061 0.00994256 0.0542646 0.751135 38
0 0.810649 0.139904 0.0115052 0.0487015 0.617568 71
0 0.545594 0.279322 0.0131648 0.0616882 0.805348 88
0 0.16076 0.12595 0.0145854 0.0581228 0.601161 64
0 0.631498 0.262778 0.012126 0.0608598 0.772052 3
0 0.17421 0.119543 0.0139621 0.0544575 0.293449 115
0 0.521579 0.047175 0.00925795 0.040837 0.484733 102
0 0.542046 0.153925 0.0228062 0.0521244 0.600237 56
0 0.183955 0.109335 0.0121183 0.0528948 0.408908 111
0 0.430129 0.130813 0.00820271 0.0443935 0.798208 89
0 0.358403 0.172354 0.0094828 0.0463213 0.79026 20
0 0.46932 0.155914 0.00955439 0.0501424 0.758914 8
0 0.645681 0.104446 0.0104618 0.0429957 0.620204 22
0 0.504657 0.141816 0.0109397 0.0417705 0.733128 126
0 0.442562 0.0948528 0.00894464 0.0357176 0.651742 110
0 0.183301 0.100727 0.0139454 0.0644849 0.377729 127
0 0.523108 0.130693 0.00961981 0.0385946 0.446308 41
