0 0.495827 0.607451 0.0248772 0.096117 0.847289 4
0 0.115401 0.20441 0.0188493 0.0556513 0.591222 124
0 0.486895 0.188 0.0117944 0.0516899 0.759985 88
0 0.181868 0.0935765 0.0154562 0.0745138 0.561695 156
0 0.172626 0.114467 0.0168406 0.0495892 0.429805 111
0 0.434548 0.0521345 0.00741084 0.0408116 0.394858 20
0 0.518772 0.0482124 0.011167 0.0531255 0.493159 137
0 0.555166 0.0338879 0.0100629 0.0506579 0.410897 153
0 0.456265 0.0873772 0.0147882 0.0466683 0.58285 136
0 0.485203 0.0667896 0.0101249 0.0483624 0.491297 150
