0 0.0574052 0.278328 0.0201192 0.0584204 0.787958 1
0 0.382081 0.750276 0.0284668 0.103156 0.881476 4
0 0.376911 0.234714 0.0116778 0.0616573 0.755781 7
0 0.300969 0.396294 0.0148264 0.0526775 0.643875 11
0 0.425716 0.193962 0.0111999 0.0499504 0.432259 20
0 0.691944 0.186093 0.0124521 0.0527575 0.76092 41
0 0.482852 0.320887 0.0180499 0.0639545 0.852778 38
0 0.362154 0.359315 0.0178651 0.07436 0.773594 3
0 0.207867 0.174153 0.0108773 0.0470799 0.79078 5
0 0.441969 0.15096 0.0138492 0.0498922 0.704744 6
0 0.563513 0.209002 0.00985076 0.0542955 0.737417 34
0 0.134549 0.139203 0.0139637 0.0581251 0.597197 39
0 0.156166 0.12031 0.0156613 0.0534613 0.348632 31
0 0.134705 0.12821 0.0143541 0.0788072 0.327381 23
0 0.542635 0.185682 0.0124554 0.0537451 0.797381 8
