0 0.491633 0.470659 0.0203133 0.0773136 0.832532 1
0 0.738726 0.518829 0.0188933 0.0864222 0.820589 2
0 0.646584 0.485531 0.0252048 0.0812483 0.806707 3
0 0.499368 0.886019 0.0230268 0.116187 0.802228 4
0 0.360991 0.194458 0.00922906 0.0463912 0.788677 5
0 0.662568 0.387871 0.0178246 0.0806864 0.776491 6
0 0.605194 0.350729 0.0135326 0.0718278 0.768172 7
0 0.606691 0.279741 0.0146713 0.0620061 0.763622 8
0 0.642995 0.315442 0.0139778 0.066021 0.752633 9
0 0.49101 0.222165 0.0141884 0.0520524 0.741934 10
0 0.625609 0.522118 0.0196968 0.080887 0.737367 11
0 0.768797 0.321518 0.0157475 0.0658058 0.734852 12
0 0.559614 0.180214 0.0109329 0.0524953 0.690318 13
0 0.76621 0.213208 0.0130972 0.0558206 0.508096 14
0 0.312665 0.0441345 0.00865485 0.0370597 0.458003 15
0 0.488196 0.0511964 0.0103508 0.0422676 0.346371 16
0 0.763096 0.213262 0.0185658 0.0549941 0.325869 17
