0 0.494066 0.890633 0.0312656 0.121821 0.83765 4
0 0.706703 0.254371 0.0145614 0.0616562 0.792231 88
0 0.160389 0.121764 0.015778 0.0601828 0.540334 64
0 0.75967 0.235862 0.0151756 0.060302 0.777524 3
0 0.690249 0.195322 0.0112185 0.0554415 0.682467 126
0 0.628112 0.19938 0.0115167 0.0588014 0.669189 41
0 0.510626 0.181859 0.00932948 0.0568965 0.712401 8
0 0.661925 0.11613 0.00992756 0.0459472 0.70023 109
0 0.184468 0.0997295 0.0133911 0.0650933 0.442268 127
0 0.530706 0.0965584 0.0081783 0.0405301 0.655141 110
0 0.412553 0.239094 0.00801207 0.0586134 0.740256 20
0 0.173559 0.117326 0.0149674 0.053974 0.343505 115
0 0.18473 0.108515 0.0113693 0.0504761 0.443782 111
0 0.781907 0.155969 0.0162672 0.0496675 0.786394 38
0 0.728655 0.135214 0.0111156 0.0272335 0.373516 71
