0 0.419997 0.639545 0.0311622 0.094367 0.875523 4
0 0.41627 0.210614 0.0136831 0.0530885 0.795757 11
0 0.0771589 0.218312 0.017912 0.0523902 0.73642 65
0 0.646113 0.0496185 0.0073068 0.0375895 0.617846 8
0 0.509508 0.178778 0.0115138 0.053838 0.595492 3
0 0.162823 0.119 0.0149359 0.0551192 0.341739 64
0 0.561914 0.0700533 0.00785605 0.0408826 0.746056 63
0 0.454715 0.057374 0.0109559 0.0327705 0.556077 41
0 0.241641 0.0398279 0.00961475 0.039341 0.437258 70
0 0.428248 0.0515234 0.0101026 0.0358107 0.339708 71
0 0.514577 0.186645 0.0169923 0.0536177 0.257296 5
0 0.517885 0.186161 0.0121054 0.0497232 0.634009 38
0 0.419971 0.0725905 0.0132428 0.0354687 0.545734 20
0 0.15923 0.12816 0.0188935 0.0427415 0.393463 67
0 0.487502 0.0458245 0.0094498 0.0446923 0.326111 22
