0 0.528462 0.654896 0.0303548 0.0965457 0.845833 4
0 0.116713 0.207337 0.0147989 0.0510858 0.667629 124
0 0.524068 0.212753 0.015786 0.0561617 0.753672 88
0 0.165439 0.11911 0.0181654 0.0597424 0.364887 127
0 0.710394 0.202476 0.0129578 0.0578391 0.749313 132
0 0.565887 0.0641783 0.00873114 0.0382671 0.559483 20
0 0.500427 0.108058 0.0121427 0.0440958 0.413882 89
0 0.494468 0.0755198 0.00632013 0.0375859 0.498947 126
0 0.473589 0.0978666 0.00881856 0.0437743 0.491772 136
0 0.633956 0.120436 0.0103149 0.0432667 0.74197 3
0 0.508125 0.0599178 0.0100435 0.0402289 0.627737 137
0 0.544827 0.0703087 0.00835978 0.0199624 0.487344 22
0 0.179479 0.110868 0.0137601 0.0479245 0.256483 111
0 0.521762 0.0569404 0.0075366 0.033529 0.315769 109
0 0.585018 0.0575309 0.00910943 0.0362717 0.577502 56
