0 0.52742 0.727162 0.0283774 0.105184 0.847003 4
0 0.679994 0.232917 0.0172871 0.0570675 0.82905 88
0 0.724066 0.191133 0.0118949 0.0532519 0.435002 3
0 0.634563 0.162604 0.013015 0.0499804 0.720578 41
0 0.581657 0.0925315 0.0126575 0.0439116 0.55359 109
0 0.427071 0.160808 0.00968962 0.0485122 0.432231 20
0 0.482578 0.118526 0.00945918 0.0453971 0.771234 89
0 0.0462179 0.282453 0.0171786 0.0586011 0.779391 124
0 0.619979 0.155485 0.0150654 0.0519679 0.693495 8
0 0.170868 0.121916 0.012937 0.0510501 0.356997 115
0 0.678246 0.129963 0.0107244 0.0460175 0.636729 126
0 0.704398 0.129365 0.0140615 0.0243827 0.5341 131
0 0.520985 0.0991326 0.0103746 0.0399902 0.652546 110
0 0.529115 0.0447856 0.00858657 0.0361363 0.420378 102
0 0.735574 0.118827 0.009924 0.0459261 0.453472 56
