0 0.487922 0.513348 0.0224825 0.0870791 0.816403 1
0 0.817228 0.563839 0.0254566 0.0881855 0.864451 2
0 0.499262 0.885317 0.0323591 0.116219 0.83156 4
0 0.736204 0.421106 0.0183064 0.0799778 0.833205 6
0 0.638992 0.375468 0.0132603 0.0726399 0.779215 7
0 0.777812 0.263851 0.0165803 0.0585166 0.72925 8
0 0.904457 0.467473 0.0251183 0.0836097 0.68054 12
0 0.884956 0.475313 0.022894 0.0784358 0.775488 20
0 0.68075 0.219511 0.0130608 0.0576808 0.69548 13
0 0.671205 0.282808 0.0149456 0.061284 0.665013 10
0 0.559997 0.575014 0.0130989 0.069275 0.637666 11
0 0.550589 0.544987 0.0287576 0.0709281 0.772588 3
0 0.387929 0.246961 0.0122331 0.0539521 0.745989 5
0 0.231106 0.0520968 0.0119427 0.0387875 0.471418 22
