0 0.461707 0.761998 0.0248115 0.106396 0.83868 4
0 0.210862 0.46634 0.0217191 0.0799917 0.853952 38
0 0.196974 0.216844 0.0125206 0.0540782 0.706693 20
0 0.171652 0.188857 0.0151438 0.0492264 0.543192 70
0 0.356009 0.191497 0.0174568 0.0517364 0.767222 71
0 0.541469 0.202257 0.0141685 0.0574878 0.794546 8
0 0.408913 0.117059 0.0133773 0.0448515 0.516571 56
0 0.790671 0.2362 0.0169064 0.056314 0.782505 22
0 0.442221 0.383161 0.0184703 0.0698008 0.797406 88
0 0.602809 0.124894 0.0132886 0.0506513 0.708092 63
0 0.451625 0.317036 0.0131134 0.063429 0.561233 3
0 0.379476 0.120088 0.00848157 0.0439327 0.653264 89
0 0.161588 0.116921 0.013833 0.0499287 0.390329 64
0 0.294993 0.145671 0.00935904 0.0449855 0.702097 72
0 0.517203 0.0464225 0.00830717 0.0368407 0.417075 75
0 0.56384 0.185306 0.0135849 0.0504004 0.829885 41
