0 0.433881 0.703245 0.0263206 0.100996 0.854063 4
0 0.579751 0.213436 0.0179918 0.0526423 0.770694 88
0 0.0441814 0.270497 0.0191578 0.0611275 0.778584 93
0 0.360753 0.142239 0.0111311 0.0523194 0.736075 20
0 0.519024 0.111164 0.00966848 0.0466522 0.735224 8
0 0.605951 0.103796 0.00778834 0.0464429 0.789406 75
0 0.503229 0.0410924 0.00907621 0.0371265 0.343308 102
0 0.552183 0.0791126 0.0113507 0.0399488 0.370314 71
0 0.535494 0.0659545 0.00875702 0.037829 0.563307 109
0 0.169143 0.117364 0.0127854 0.0501432 0.280385 64
0 0.386804 0.0832673 0.0091116 0.0373459 0.682423 56
0 0.452487 0.0887631 0.0109868 0.0547373 0.448227 41
0 0.579005 0.198187 0.0152875 0.06598 0.455389 63
0 0.50444 0.0956679 0.00925344 0.0380485 0.577572 22
0 0.448667 0.208271 0.0112795 0.0524661 0.522445 38
0 0.345919 0.0894863 0.0115257 0.0388097 0.584079 89
