0 0.530898 0.652893 0.0303946 0.0987668 0.868254 4
0 0.116648 0.206742 0.0147043 0.0500375 0.637109 124
0 0.527263 0.211975 0.0120768 0.0552415 0.766256 88
0 0.166215 0.118678 0.0178669 0.0606619 0.287466 127
0 0.709302 0.19297 0.0122272 0.0536697 0.748279 132
0 0.56376 0.0594066 0.00861543 0.0402028 0.386035 20
0 0.51809 0.106199 0.0111981 0.0442212 0.676247 89
0 0.489949 0.0765219 0.00659374 0.0368361 0.482467 126
0 0.462511 0.0989635 0.0117203 0.0448666 0.416688 136
0 0.644062 0.113534 0.0104343 0.0428565 0.720618 3
0 0.524511 0.0537558 0.00958211 0.0435978 0.441738 109
0 0.50415 0.060554 0.0115922 0.0425345 0.600001 137
