0 0.419687 0.637838 0.0310555 0.096945 0.867385 4
0 0.43596 0.201307 0.00942465 0.0544001 0.776224 11
0 0.0754885 0.217926 0.0165634 0.0533366 0.675353 65
0 0.53566 0.0448921 0.00982564 0.0433166 0.615295 56
0 0.481162 0.0546386 0.0128163 0.0569113 0.599077 22
0 0.642505 0.0502956 0.00876319 0.0375463 0.622642 8
0 0.497086 0.0550874 0.0135586 0.0592237 0.593544 41
0 0.518296 0.184431 0.0156388 0.067529 0.704744 3
0 0.448458 0.0473369 0.0123404 0.0343279 0.515357 20
0 0.162763 0.121108 0.0138624 0.0517217 0.350625 64
