0 0.469582 0.78062 0.0317017 0.108234 0.874079 4
0 0.332785 0.263906 0.0118897 0.0624121 0.752066 38
0 0.792587 0.136861 0.0144255 0.0489053 0.643893 22
0 0.432634 0.322452 0.0136259 0.0636448 0.800841 88
0 0.564501 0.258831 0.0134848 0.0619304 0.765919 3
0 0.014117 0.305285 0.0217104 0.0612705 0.793327 93
0 0.235145 0.175826 0.0101549 0.0533622 0.712768 20
0 0.162639 0.119195 0.016061 0.0511276 0.451441 64
0 0.624967 0.103951 0.010512 0.0427684 0.552675 63
0 0.529292 0.213784 0.0191426 0.0525285 0.755915 70
0 0.590804 0.144404 0.0106385 0.0484261 0.644524 41
0 0.147676 0.125075 0.0127162 0.0558297 0.392932 11
0 0.481794 0.119344 0.0110318 0.0436317 0.680489 56
0 0.35706 0.133428 0.013171 0.0312083 0.737075 72
0 0.457578 0.132145 0.0119905 0.0396996 0.72729 89
0 0.599246 0.175494 0.0144919 0.0523065 0.676308 8
0 0.518877 0.185093 0.0125299 0.038621 0.368723 71
