0 0.422675 0.632055 0.0310141 0.0979858 0.854283 4
0 0.431277 0.208719 0.0116434 0.0557127 0.793283 11
0 0.579546 0.175625 0.0122009 0.0532691 0.769283 38
0 0.565832 0.0886232 0.0110851 0.0426395 0.558798 8
0 0.0436263 0.252529 0.0214661 0.0607771 0.806106 65
0 0.506252 0.19551 0.014968 0.0559259 0.817755 3
0 0.152494 0.118214 0.0142851 0.0608978 0.592656 64
0 0.474747 0.0960442 0.0106464 0.0489354 0.392367 1
0 0.482623 0.0713594 0.011924 0.0425436 0.291955 5
0 0.297013 0.0445552 0.00981983 0.0461043 0.495983 13
0 0.492673 0.0737194 0.00969156 0.0477815 0.358401 56
0 0.169687 0.104731 0.011989 0.0496534 0.382997 67
0 0.556524 0.0565108 0.00828552 0.0372603 0.62962 41
0 0.568351 0.0826341 0.0134027 0.0522391 0.408976 63
