0 0.529563 0.655775 0.0239002 0.0972643 0.855033 4
0 0.502111 0.204276 0.010093 0.0535561 0.612219 88
0 0.108222 0.211401 0.0177699 0.0562039 0.760284 124
0 0.77615 0.131233 0.0123984 0.0492863 0.507867 8
0 0.691931 0.106418 0.00828584 0.0450617 0.756305 3
0 0.458451 0.0853875 0.00644522 0.0392868 0.595693 89
0 0.394066 0.0785027 0.00668249 0.0373942 0.548745 20
0 0.564732 0.0883119 0.00910867 0.0405321 0.658921 22
0 0.410369 0.0753382 0.00968857 0.039381 0.515382 109
0 0.467617 0.0815181 0.00589755 0.0360993 0.535816 110
0 0.187483 0.0949547 0.0131207 0.0681202 0.329107 127
0 0.175912 0.117199 0.0133348 0.0462883 0.278983 111
0 0.531553 0.0438659 0.00750062 0.033373 0.352553 102
0 0.509652 0.101009 0.00988499 0.0419991 0.53194 126
0 0.470144 0.124854 0.00954634 0.0431683 0.768988 41
0 0.517923 0.0748517 0.0082894 0.0389023 0.562511 56
0 0.579756 0.0985879 0.0129662 0.0447053 0.553597 131
