0 0.488537 0.798354 0.0344383 0.110934 0.875673 4
0 0.0619839 0.253643 0.0168092 0.0580883 0.770234 93
0 0.608671 0.278689 0.0173719 0.0629454 0.807043 38
0 0.319656 0.121289 0.00636562 0.0428897 0.736309 110
0 0.616399 0.172302 0.0122142 0.050872 0.781527 22
0 0.524849 0.191587 0.0103251 0.0366482 0.525324 41
0 0.487808 0.135961 0.0102942 0.0481273 0.737569 8
0 0.416493 0.241489 0.0149921 0.0589878 0.756138 20
0 0.708254 0.189723 0.01208 0.0526705 0.744401 71
0 0.466585 0.0502123 0.00887429 0.0377815 0.415612 102
0 0.444379 0.132939 0.00839132 0.044433 0.713075 89
0 0.441198 0.259839 0.0141295 0.0668772 0.556087 88
0 0.496802 0.188228 0.0102858 0.0538758 0.740324 75
0 0.153061 0.125287 0.00913517 0.048657 0.37636 64
0 0.177041 0.113821 0.01073 0.0490372 0.320836 111
0 0.166464 0.122226 0.0128391 0.0498918 0.416288 115
0 0.468056 0.105028 0.00956491 0.0444725 0.471655 56
0 0.445157 0.26364 0.0160483 0.0643065 0.346755 3
