0 0.480249 0.572468 0.0278591 0.0921307 0.870247 4
0 0.114594 0.207252 0.0180565 0.0486872 0.630655 124
0 0.478558 0.185916 0.0124484 0.0498202 0.625417 88
0 0.713777 0.0902837 0.00861473 0.0400313 0.657888 132
0 0.472048 0.0859429 0.00985028 0.0385759 0.699252 22
0 0.520648 0.114855 0.0115834 0.0395001 0.333658 162
0 0.675909 0.110681 0.0105637 0.0455447 0.57916 3
0 0.382787 0.0714592 0.0112649 0.0336041 0.497146 154
0 0.605154 0.0587488 0.00786222 0.0364944 0.431711 150
0 0.545201 0.0538054 0.0118727 0.0411634 0.547158 137
