0 0.462371 0.773003 0.0319328 0.116803 0.848941 4
0 0.10328 0.233161 0.0165656 0.0610858 0.78501 93
0 0.384625 0.208053 0.0115584 0.0519415 0.741474 20
0 0.590433 0.271781 0.0117363 0.0623259 0.764799 38
0 0.442523 0.254506 0.0150096 0.057413 0.634871 3
0 0.434236 0.265995 0.0150875 0.0630642 0.719176 88
0 0.143372 0.132727 0.0139537 0.0651346 0.545504 64
0 0.329124 0.118688 0.00941874 0.0427293 0.667528 110
0 0.493109 0.113527 0.0134748 0.0450108 0.685472 8
0 0.499901 0.174829 0.0123487 0.0603658 0.296667 75
0 0.504714 0.112753 0.0108378 0.0451748 0.629828 56
0 0.172185 0.116961 0.0132319 0.0579162 0.65283 111
0 0.182035 0.108344 0.0126844 0.0488236 0.44523 115
0 0.62731 0.139773 0.0100896 0.048847 0.533736 71
0 0.553368 0.157395 0.00892493 0.0496797 0.583763 22
