0 0.391668 0.89438 0.0346573 0.109706 0.867852 4
0 0.230139 0.500395 0.0230532 0.0773496 0.791194 38
0 0.643573 0.201592 0.0130396 0.0568578 0.705552 8
0 0.561451 0.213484 0.0123274 0.058437 0.731532 22
0 0.272952 0.331551 0.0200555 0.0652247 0.816302 20
0 0.326674 0.153682 0.0102229 0.0516682 0.526064 70
0 0.463494 0.206233 0.0113819 0.058078 0.783774 73
0 0.349971 0.239016 0.0264879 0.0587787 0.764436 71
0 0.333198 0.407793 0.0207116 0.0790768 0.831639 3
0 0.591605 0.13192 0.0230329 0.0509512 0.77736 63
0 0.536383 0.203339 0.0125701 0.0545851 0.755634 41
0 0.507428 0.340135 0.0265913 0.0348842 0.735898 11
0 0.384836 0.143972 0.0215988 0.0459446 0.363514 72
0 0.494469 0.125277 0.00988633 0.044762 0.724474 56
