0 0.497124 0.757296 0.0286004 0.104881 0.851688 4
0 0.116201 0.205201 0.0147888 0.0526848 0.619072 124
0 0.523324 0.210892 0.0150594 0.0548412 0.76458 88
0 0.721174 0.214452 0.0169617 0.0547448 0.789415 132
0 0.17936 0.111903 0.0131171 0.0512574 0.471944 111
0 0.481507 0.0802388 0.00987368 0.0410731 0.414857 89
0 0.498715 0.0943953 0.0122126 0.0443863 0.669471 136
0 0.481443 0.0880135 0.010199 0.0539429 0.285369 126
0 0.529424 0.0633934 0.0106164 0.0402276 0.383926 109
0 0.518202 0.0504542 0.00915902 0.0532189 0.311259 137
0 0.542044 0.0435782 0.0106541 0.0490078 0.414576 22
0 0.477495 0.0969359 0.00995175 0.0406013 0.323631 142
0 0.519267 0.0559355 0.00828212 0.043157 0.322705 20
