0 0.421367 0.659117 0.0296441 0.0962355 0.851025 4
0 0.478623 0.204106 0.0209465 0.0513655 0.76431 11
0 0.0757586 0.218497 0.0157668 0.0538412 0.6877 65
0 0.635773 0.129979 0.01026 0.0376757 0.63197 3
0 0.16292 0.115636 0.0122641 0.0525571 0.542296 64
0 0.691195 0.126264 0.0119486 0.0399499 0.521526 38
0 0.259495 0.130902 0.0105933 0.0448135 0.784393 20
0 0.602638 0.0999228 0.0116227 0.0400717 0.407777 22
0 0.694054 0.0699041 0.00950534 0.0427518 0.608887 8
0 0.342075 0.0829874 0.0115566 0.0405605 0.652685 71
0 0.506167 0.0857493 0.00832246 0.033469 0.537419 56
0 0.45839 0.0715586 0.00861753 0.0321619 0.469469 72
0 0.479564 0.0736716 0.0125559 0.0397026 0.39707 41
0 0.518685 0.0382052 0.00867879 0.0386818 0.311301 75
0 0.570889 0.0824428 0.0106913 0.0393308 0.432356 63
0 0.305532 0.0595004 0.0103052 0.0360787 0.587238 70
