0 0.486964 0.796448 0.029571 0.111608 0.837436 4
0 0.0520229 0.260266 0.019749 0.0649979 0.808574 93
0 0.673074 0.255747 0.0182804 0.0588535 0.817917 38
0 0.321628 0.20232 0.0114233 0.0532825 0.760268 20
0 0.806417 0.181338 0.0164277 0.0548294 0.749306 71
0 0.49146 0.274431 0.016048 0.0604687 0.795421 88
0 0.492137 0.17069 0.0133229 0.0509724 0.753922 75
0 0.156725 0.123288 0.0120469 0.0503599 0.483016 64
0 0.437606 0.120337 0.00773239 0.0451015 0.766431 89
0 0.513345 0.26375 0.0122309 0.0612332 0.698637 3
0 0.684354 0.0823457 0.00941213 0.0445742 0.644351 109
0 0.496927 0.055407 0.00991097 0.0400213 0.517802 102
0 0.507916 0.151866 0.0105348 0.0532635 0.757154 8
0 0.63568 0.149999 0.0118053 0.0491274 0.730106 22
0 0.487293 0.109524 0.00838553 0.0433835 0.620683 56
0 0.173073 0.119321 0.0152391 0.053085 0.270365 115
0 0.296788 0.118039 0.00961806 0.0392299 0.757498 110
0 0.524516 0.193571 0.0118009 0.0365029 0.428642 41
