0 0.513499 0.719929 0.0260303 0.102191 0.849291 4
0 0.116723 0.207003 0.0147581 0.0516009 0.654642 124
0 0.523202 0.212142 0.0145706 0.0555203 0.769669 88
0 0.719947 0.215422 0.0190163 0.0549242 0.826981 132
0 0.547721 0.0678654 0.010436 0.0269139 0.478562 22
0 0.178687 0.110277 0.0164149 0.0580969 0.481184 111
0 0.492648 0.0657876 0.0095603 0.0337214 0.322933 89
0 0.162042 0.118317 0.0137846 0.0559944 0.642643 127
0 0.517605 0.0626392 0.0103526 0.0441709 0.614173 137
0 0.49501 0.0870904 0.00951049 0.0456197 0.364826 136
0 0.564199 0.0699558 0.00935249 0.0309002 0.597382 109
0 0.622099 0.140185 0.0103719 0.0477565 0.767708 3
0 0.511082 0.0635911 0.00772311 0.0372234 0.731559 142
0 0.479208 0.0980817 0.0086057 0.0415592 0.563568 126
