0 0.530441 0.655777 0.0310434 0.0992493 0.864053 4
0 0.525644 0.210164 0.0140024 0.0535704 0.748852 88
0 0.0988772 0.216769 0.0173522 0.0559763 0.755976 124
0 0.764947 0.135542 0.0126081 0.0500503 0.690814 8
0 0.791329 0.138921 0.0119593 0.0404496 0.579378 132
0 0.692677 0.107847 0.00918414 0.0450573 0.637904 3
0 0.46553 0.0867859 0.00805696 0.040375 0.32294 89
0 0.38908 0.0803665 0.00717163 0.0375868 0.659245 20
0 0.490236 0.134673 0.0116616 0.0491757 0.719628 41
0 0.187277 0.106494 0.010902 0.0490431 0.252311 111
0 0.628802 0.103503 0.010926 0.0444649 0.446388 131
0 0.588928 0.0923049 0.00958214 0.040527 0.513027 22
0 0.418282 0.0766543 0.00826219 0.041122 0.56037 109
0 0.538793 0.102598 0.0102928 0.0396691 0.343209 126
