0 0.25304 0.35293 0.0185951 0.0657118 0.838881 1
0 0.444906 0.810705 0.0299537 0.109685 0.858358 4
0 0.494205 0.297188 0.0149177 0.0661236 0.791608 7
0 0.28434 0.235334 0.0166174 0.0556405 0.820052 10
0 0.3566 0.472902 0.0218062 0.0803169 0.827905 11
0 0.79637 0.208048 0.0110994 0.0528858 0.65671 8
0 0.154398 0.123275 0.0158215 0.0516735 0.481795 31
0 0.588333 0.260886 0.0152973 0.0555691 0.707758 20
0 0.663058 0.26036 0.0164288 0.058609 0.671995 34
0 0.871838 0.279821 0.0215612 0.0676512 0.824784 41
0 0.564489 0.315723 0.0152235 0.0646664 0.802409 38
0 0.628733 0.175415 0.0138837 0.0521038 0.760454 6
0 0.191483 0.193807 0.0124509 0.0435513 0.685097 5
0 0.385116 0.450067 0.0166218 0.0813164 0.83145 3
0 0.564026 0.20272 0.0178097 0.0532059 0.767047 13
