0 0.488402 0.795059 0.0337557 0.109612 0.8713 4
0 0.0602465 0.254452 0.0166933 0.0589989 0.808029 93
0 0.650448 0.26373 0.0174824 0.0612916 0.783042 38
0 0.301736 0.116378 0.0101628 0.0428014 0.315394 110
0 0.524971 0.191942 0.0104463 0.0334926 0.413321 41
0 0.33365 0.211295 0.015265 0.0546405 0.804534 20
0 0.795021 0.184914 0.0143668 0.055041 0.765129 71
0 0.466443 0.278118 0.0170678 0.061588 0.813768 88
0 0.480413 0.171068 0.0106135 0.0530725 0.779298 75
0 0.157211 0.120383 0.0109255 0.0501907 0.448307 64
0 0.471481 0.104564 0.0088062 0.044105 0.56567 56
0 0.42741 0.120103 0.0100041 0.0452291 0.725021 89
0 0.185449 0.11122 0.00969017 0.0432822 0.425122 111
0 0.485583 0.262346 0.0115369 0.0587842 0.71932 3
0 0.694769 0.0897199 0.00924079 0.0444299 0.658551 109
0 0.494396 0.0528788 0.0099542 0.0436874 0.447528 102
0 0.502789 0.145446 0.0105085 0.0506316 0.713035 8
