0 0.502276 0.657543 0.0316876 0.0967187 0.860329 4
0 0.128731 0.19891 0.0169391 0.0523898 0.767573 124
0 0.4872 0.190091 0.0110177 0.0507853 0.799842 88
0 0.778807 0.10044 0.00932496 0.0445681 0.708936 132
0 0.176492 0.0973861 0.0179082 0.0718156 0.253859 127
0 0.504076 0.0584595 0.00801719 0.0357521 0.590469 150
0 0.164678 0.111087 0.0142499 0.0560129 0.280533 111
0 0.480085 0.0737018 0.0128205 0.0447951 0.582641 22
0 0.185227 0.0922238 0.013885 0.0726512 0.485363 156
0 0.463999 0.0706387 0.00855341 0.0372952 0.635159 154
0 0.666453 0.120404 0.0103181 0.0473334 0.740064 3
0 0.428373 0.065401 0.00874198 0.0398829 0.562114 20
