0 0.512279 0.740054 0.0262167 0.108671 0.846547 4
0 0.116391 0.206987 0.0145304 0.0497149 0.553961 124
0 0.522595 0.211239 0.014567 0.0550634 0.772975 88
0 0.719907 0.214136 0.0187133 0.0551161 0.842935 132
0 0.178164 0.110418 0.015843 0.0551914 0.472529 111
0 0.507167 0.0663404 0.00771545 0.0375709 0.72116 89
0 0.159778 0.118089 0.01449 0.0562477 0.643829 127
0 0.519423 0.0577158 0.00859048 0.0493997 0.642133 137
0 0.491489 0.0974156 0.0096063 0.0425288 0.675811 136
0 0.622879 0.144366 0.0107011 0.0509036 0.607923 3
0 0.479833 0.0978477 0.00836744 0.0412502 0.590865 126
0 0.562619 0.0597898 0.0103757 0.0513497 0.695283 20
0 0.703387 0.0428968 0.00927957 0.0402713 0.611078 56
