0 0.37829 0.424342 0.0203241 0.0765072 0.839599 1
0 0.70501 0.348004 0.0181131 0.0635663 0.473414 2
0 0.518235 0.818277 0.0276852 0.111123 0.871005 4
0 0.732178 0.225202 0.019839 0.0551511 0.706662 6
0 0.588711 0.334528 0.0151346 0.0700242 0.792956 7
0 0.501867 0.268565 0.0183621 0.0590011 0.745135 10
0 0.465028 0.498822 0.0205716 0.0801418 0.803158 11
0 0.268917 0.238883 0.0148126 0.0540848 0.774586 5
0 0.884625 0.248244 0.0154064 0.0609317 0.764424 8
0 0.154296 0.125622 0.0161461 0.046567 0.416911 31
0 0.438412 0.499689 0.0191742 0.0823712 0.806369 3
0 0.711506 0.330088 0.0137901 0.0701011 0.54009 20
0 0.812834 0.295074 0.0257546 0.0541102 0.800039 34
0 0.712753 0.208649 0.0171413 0.0522227 0.562383 13
0 0.136599 0.126028 0.0212296 0.0784833 0.623791 23
